0 26
1 181
2 63
3 74
4 40
5 39
6 18
7 96
8 364
9 139
10 8
11 152
12 25
13 101
14 23
15 6
16 5
17 13
18 4
19 63
20 133
21 38
22 65
23 154
24 37
25 38
26 6
27 268
28 7
29 160
30 10
31 76
32 210
33 90
34 57
35 57
36 22
37 155
38 36
39 102
40 38
41 1
42 59
43 81
44 74
45 67
46 36
47 4
48 23
49 6
50 67
51 102
52 22
53 26
54 30
55 52
56 259
57 314
58 45
59 121
60 5
61 164
62 59
63 191
64 96
65 9
66 67
67 126
68 21
69 119
70 330
71 16
72 122
73 14
74 42
75 53
76 5
77 4
78 50
79 95
80 38
81 424
82 1
83 109
84 211
85 439
86 112
87 86
88 75
89 37
90 207
91 24
92 133
93 77
94 51
95 112
96 19
97 98
98 116
99 14
[26, 181, 63, 74, 40, 39, 18, 96, 364, 139, 8, 152, 25, 101, 23, 6, 5, 13, 4, 63, 133, 38, 65, 154, 37, 38, 6, 268, 7, 160, 10, 76, 210, 90, 57, 57, 22, 155, 36, 102, 38, 1, 59, 81, 74, 67, 36, 4, 23, 6, 67, 102, 22, 26, 30, 52, 259, 314, 45, 121, 5, 164, 59, 191, 96, 9, 67, 126, 21, 119, 330, 16, 122, 14, 42, 53, 5, 4, 50, 95, 38, 424, 1, 109, 211, 439, 112, 86, 75, 37, 207, 24, 133, 77, 51, 112, 19, 98, 116, 14]
5 85.59
