0 6
1 19
2 41
3 89
4 27
5 43
6 6
7 50
8 35
9 83
10 97
11 154
12 51
13 30
14 53
15 42
16 61
17 103
18 16
19 278
20 125
21 17
22 10
23 281
24 20
25 28
26 117
27 252
28 40
29 95
30 6
31 653
32 45
33 55
34 36
35 176
36 181
37 8
38 68
39 119
40 18
41 129
42 28
43 14
44 28
45 64
46 44
47 105
48 210
49 5
50 48
51 99
52 126
53 272
54 12
55 24
56 45
57 245
58 98
59 31
60 28
61 2
62 101
63 174
64 156
65 2
66 4
67 121
68 23
69 17
70 75
71 114
72 24
73 31
74 9
75 35
76 137
77 1
78 9
79 91
80 139
81 18
82 46
83 59
84 63
85 102
86 55
87 55
88 283
89 176
90 178
91 86
92 1
93 43
94 193
95 39
96 30
97 10
98 256
99 73
[6, 19, 41, 89, 27, 43, 6, 50, 35, 83, 97, 154, 51, 30, 53, 42, 61, 103, 16, 278, 125, 17, 10, 281, 20, 28, 117, 252, 40, 95, 6, 653, 45, 55, 36, 176, 181, 8, 68, 119, 18, 129, 28, 14, 28, 64, 44, 105, 210, 5, 48, 99, 126, 272, 12, 24, 45, 245, 98, 31, 28, 2, 101, 174, 156, 2, 4, 121, 23, 17, 75, 114, 24, 31, 9, 35, 137, 1, 9, 91, 139, 18, 46, 59, 63, 102, 55, 55, 283, 176, 178, 86, 1, 43, 193, 39, 30, 10, 256, 73]
5 83.2
