0.5 0 42
0.5 1 112
0.5 2 4
0.5 3 51
0.5 4 30
0.5 5 106
0.5 6 11
0.5 7 118
0.5 8 136
0.5 9 1
0.5 10 69
0.5 11 89
0.5 12 177
0.5 13 31
0.5 14 56
0.5 15 108
0.5 16 88
0.5 17 7
0.5 18 52
0.5 19 108
0.5 20 174
0.5 21 48
0.5 22 274
0.5 23 143
0.5 24 18
0.5 25 39
0.5 26 39
0.5 27 350
0.5 28 118
0.5 29 16
0.5 30 91
0.5 31 81
0.5 32 1
0.5 33 188
0.5 34 218
0.5 35 196
0.5 36 88
0.5 37 50
0.5 38 95
0.5 39 50
0.5 40 5
0.5 41 104
0.5 42 33
0.5 43 12
0.5 44 43
0.5 45 24
0.5 46 56
0.5 47 111
0.5 48 70
0.5 49 92
0.5 50 130
0.5 51 181
0.5 52 18
0.5 53 120
0.5 54 41
0.5 55 33
0.5 56 391
0.5 57 183
0.5 58 79
0.5 59 15
0.5 60 166
0.5 61 46
0.5 62 91
0.5 63 49
0.5 64 19
0.5 65 46
0.5 66 275
0.5 67 35
0.5 68 406
0.5 69 43
0.5 70 179
0.5 71 14
0.5 72 31
0.5 73 65
0.5 74 144
0.5 75 2
0.5 76 17
0.5 77 98
0.5 78 32
0.5 79 15
0.5 80 47
0.5 81 54
0.5 82 84
0.5 83 189
0.5 84 101
0.5 85 272
0.5 86 103
0.5 87 200
0.5 88 44
0.5 89 184
0.5 90 46
0.5 91 257
0.5 92 37
0.5 93 10
0.5 94 100
0.5 95 112
0.5 96 24
0.5 97 75
0.5 98 172
0.5 99 55
[42, 112, 4, 51, 30, 106, 11, 118, 136, 1, 69, 89, 177, 31, 56, 108, 88, 7, 52, 108, 174, 48, 274, 143, 18, 39, 39, 350, 118, 16, 91, 81, 1, 188, 218, 196, 88, 50, 95, 50, 5, 104, 33, 12, 43, 24, 56, 111, 70, 92, 130, 181, 18, 120, 41, 33, 391, 183, 79, 15, 166, 46, 91, 49, 19, 46, 275, 35, 406, 43, 179, 14, 31, 65, 144, 2, 17, 98, 32, 15, 47, 54, 84, 189, 101, 272, 103, 200, 44, 184, 46, 257, 37, 10, 100, 112, 24, 75, 172, 55]
0.5 93.53
0.25 0 5
0.25 1 758
0.25 2 77
0.25 3 33
0.25 4 112
0.25 5 100
0.25 6 197
0.25 7 28
0.25 8 8
0.25 9 162
0.25 10 92
0.25 11 47
0.25 12 51
0.25 13 56
0.25 14 66
0.25 15 129
0.25 16 70
0.25 17 197
0.25 18 614
0.25 19 308
0.25 20 23
0.25 21 484
0.25 22 88
0.25 23 88
0.25 24 85
0.25 25 236
0.25 26 38
0.25 27 38
0.25 28 74
0.25 29 44
0.25 30 226
0.25 31 286
0.25 32 277
0.25 33 9
0.25 34 441
0.25 35 61
0.25 36 16
0.25 37 95
0.25 38 98
0.25 39 24
0.25 40 99
0.25 41 83
0.25 42 16
0.25 43 439
0.25 44 113
0.25 45 84
0.25 46 53
0.25 47 276
0.25 48 25
0.25 49 301
0.25 50 176
0.25 51 143
0.25 52 197
0.25 53 8
0.25 54 13
0.25 55 5
0.25 56 27
0.25 57 263
0.25 58 49
0.25 59 66
0.25 60 315
0.25 61 56
0.25 62 97
0.25 63 27
0.25 64 26
0.25 65 127
0.25 66 97
0.25 67 40
0.25 68 20
0.25 69 43
0.25 70 221
0.25 71 24
0.25 72 7
0.25 73 89
0.25 74 53
0.25 75 206
0.25 76 366
0.25 77 244
0.25 78 4
0.25 79 302
0.25 80 182
0.25 81 64
0.25 82 111
0.25 83 59
0.25 84 29
0.25 85 141
0.25 86 176
0.25 87 71
0.25 88 14
0.25 89 256
0.25 90 25
0.25 91 22
0.25 92 44
0.25 93 92
0.25 94 186
0.25 95 405
0.25 96 96
0.25 97 114
0.25 98 136
0.25 99 16
[5, 758, 77, 33, 112, 100, 197, 28, 8, 162, 92, 47, 51, 56, 66, 129, 70, 197, 614, 308, 23, 484, 88, 88, 85, 236, 38, 38, 74, 44, 226, 286, 277, 9, 441, 61, 16, 95, 98, 24, 99, 83, 16, 439, 113, 84, 53, 276, 25, 301, 176, 143, 197, 8, 13, 5, 27, 263, 49, 66, 315, 56, 97, 27, 26, 127, 97, 40, 20, 43, 221, 24, 7, 89, 53, 206, 366, 244, 4, 302, 182, 64, 111, 59, 29, 141, 176, 71, 14, 256, 25, 22, 44, 92, 186, 405, 96, 114, 136, 16]
0.25 128.8
0.1 0 76
0.1 1 71
0.1 2 223
0.1 3 342
0.1 4 143
0.1 5 92
0.1 6 239
0.1 7 453
0.1 8 86
0.1 9 9
0.1 10 51
0.1 11 57
0.1 12 122
0.1 13 102
0.1 14 459
0.1 15 245
0.1 16 47
0.1 17 543
0.1 18 303
0.1 19 60
0.1 20 73
0.1 21 214
0.1 22 59
0.1 23 207
0.1 24 284
0.1 25 25
0.1 26 36
0.1 27 96
0.1 28 19
0.1 29 288
0.1 30 50
0.1 31 72
0.1 32 85
0.1 33 447
0.1 34 151
0.1 35 260
0.1 36 584
0.1 37 173
0.1 38 371
0.1 39 54
0.1 40 370
0.1 41 73
0.1 42 21
0.1 43 524
0.1 44 48
0.1 45 164
0.1 46 239
0.1 47 199
0.1 48 36
0.1 49 37
0.1 50 20
0.1 51 257
0.1 52 262
0.1 53 81
0.1 54 281
0.1 55 349
0.1 56 108
0.1 57 34
0.1 58 56
0.1 59 436
0.1 60 9
0.1 61 459
0.1 62 24
0.1 63 255
0.1 64 292
0.1 65 313
0.1 66 200
0.1 67 328
0.1 68 170
0.1 69 3
0.1 70 119
0.1 71 122
0.1 72 95
0.1 73 67
0.1 74 110
0.1 75 44
0.1 76 56
0.1 77 28
0.1 78 110
0.1 79 265
0.1 80 631
0.1 81 242
0.1 82 188
0.1 83 165
0.1 84 11
0.1 85 78
0.1 86 68
0.1 87 29
0.1 88 138
0.1 89 174
0.1 90 521
0.1 91 259
0.1 92 84
0.1 93 181
0.1 94 41
0.1 95 107
0.1 96 14
0.1 97 251
0.1 98 224
0.1 99 53
[76, 71, 223, 342, 143, 92, 239, 453, 86, 9, 51, 57, 122, 102, 459, 245, 47, 543, 303, 60, 73, 214, 59, 207, 284, 25, 36, 96, 19, 288, 50, 72, 85, 447, 151, 260, 584, 173, 371, 54, 370, 73, 21, 524, 48, 164, 239, 199, 36, 37, 20, 257, 262, 81, 281, 349, 108, 34, 56, 436, 9, 459, 24, 255, 292, 313, 200, 328, 170, 3, 119, 122, 95, 67, 110, 44, 56, 28, 110, 265, 631, 242, 188, 165, 11, 78, 68, 29, 138, 174, 521, 259, 84, 181, 41, 107, 14, 251, 224, 53]
0.1 173.94
0.01 0 186
0.01 1 119
0.01 2 177
0.01 3 4626
0.01 4 760
0.01 5 2925
0.01 6 1154
0.01 7 55
0.01 8 231
0.01 9 737
0.01 10 365
0.01 11 107
0.01 12 586
0.01 13 556
0.01 14 1973
0.01 15 1160
0.01 16 1902
0.01 17 494
0.01 18 212
0.01 19 279
0.01 20 1183
0.01 21 421
0.01 22 1396
0.01 23 619
0.01 24 118
0.01 25 989
0.01 26 101
0.01 27 1396
0.01 28 125
0.01 29 394
0.01 30 255
0.01 31 2788
0.01 32 233
0.01 33 410
0.01 34 181
0.01 35 314
0.01 36 1005
0.01 37 96
0.01 38 1550
0.01 39 513
0.01 40 155
0.01 41 528
0.01 42 1102
0.01 43 524
0.01 44 786
0.01 45 771
0.01 46 1202
0.01 47 83
0.01 48 1264
0.01 49 257
0.01 50 246
0.01 51 292
0.01 52 126
0.01 53 735
0.01 54 862
0.01 55 1492
0.01 56 587
0.01 57 2456
0.01 58 210
0.01 59 229
0.01 60 288
0.01 61 510
0.01 62 908
0.01 63 1510
0.01 64 481
0.01 65 65
0.01 66 531
0.01 67 665
0.01 68 905
0.01 69 122
0.01 70 255
0.01 71 324
0.01 72 838
0.01 73 1345
0.01 74 260
0.01 75 66
0.01 76 645
0.01 77 387
0.01 78 292
0.01 79 452
0.01 80 290
0.01 81 1289
0.01 82 622
0.01 83 1291
0.01 84 460
0.01 85 117
0.01 86 1264
0.01 87 532
0.01 88 310
0.01 89 1134
0.01 90 1226
0.01 91 422
0.01 92 670
0.01 93 1439
0.01 94 2044
0.01 95 72
0.01 96 193
0.01 97 125
0.01 98 236
0.01 99 315
[186, 119, 177, 4626, 760, 2925, 1154, 55, 231, 737, 365, 107, 586, 556, 1973, 1160, 1902, 494, 212, 279, 1183, 421, 1396, 619, 118, 989, 101, 1396, 125, 394, 255, 2788, 233, 410, 181, 314, 1005, 96, 1550, 513, 155, 528, 1102, 524, 786, 771, 1202, 83, 1264, 257, 246, 292, 126, 735, 862, 1492, 587, 2456, 210, 229, 288, 510, 908, 1510, 481, 65, 531, 665, 905, 122, 255, 324, 838, 1345, 260, 66, 645, 387, 292, 452, 290, 1289, 622, 1291, 460, 117, 1264, 532, 310, 1134, 1226, 422, 670, 1439, 2044, 72, 193, 125, 236, 315]
0.01 714.98
