0.5 0 53
0.5 1 70
0.5 2 108
0.5 3 193
0.5 4 261
0.5 5 231
0.5 6 457
0.5 7 3
0.5 8 57
0.5 9 123
0.5 10 82
0.5 11 108
0.5 12 77
0.5 13 253
0.5 14 109
0.5 15 210
0.5 16 111
0.5 17 45
0.5 18 301
0.5 19 1
0.5 20 92
0.5 21 297
0.5 22 104
0.5 23 73
0.5 24 91
0.5 25 11
0.5 26 67
0.5 27 195
0.5 28 68
0.5 29 20
0.5 30 86
0.5 31 212
0.5 32 24
0.5 33 13
0.5 34 50
0.5 35 47
0.5 36 267
0.5 37 408
0.5 38 132
0.5 39 23
0.5 40 318
0.5 41 45
0.5 42 769
0.5 43 100
0.5 44 910
0.5 45 304
0.5 46 48
0.5 47 572
0.5 48 50
0.5 49 393
0.5 50 574
0.5 51 118
0.5 52 330
0.5 53 54
0.5 54 79
0.5 55 69
0.5 56 73
0.5 57 136
0.5 58 191
0.5 59 100
0.5 60 391
0.5 61 104
0.5 62 65
0.5 63 76
0.5 64 242
0.5 65 24
0.5 66 126
0.5 67 79
0.5 68 31
0.5 69 53
0.5 70 741
0.5 71 40
0.5 72 191
0.5 73 74
0.5 74 34
0.5 75 68
0.5 76 150
0.5 77 67
0.5 78 15
0.5 79 440
0.5 80 47
0.5 81 113
0.5 82 235
0.5 83 236
0.5 84 596
0.5 85 74
0.5 86 54
0.5 87 144
0.5 88 28
0.5 89 2
0.5 90 86
0.5 91 121
0.5 92 70
0.5 93 190
0.5 94 212
0.5 95 319
0.5 96 101
0.5 97 126
0.5 98 21
0.5 99 34
[53, 70, 108, 193, 261, 231, 457, 3, 57, 123, 82, 108, 77, 253, 109, 210, 111, 45, 301, 1, 92, 297, 104, 73, 91, 11, 67, 195, 68, 20, 86, 212, 24, 13, 50, 47, 267, 408, 132, 23, 318, 45, 769, 100, 910, 304, 48, 572, 50, 393, 574, 118, 330, 54, 79, 69, 73, 136, 191, 100, 391, 104, 65, 76, 242, 24, 126, 79, 31, 53, 741, 40, 191, 74, 34, 68, 150, 67, 15, 440, 47, 113, 235, 236, 596, 74, 54, 144, 28, 2, 86, 121, 70, 190, 212, 319, 101, 126, 21, 34]
0.5 161.86
0.25 0 50
0.25 1 80
0.25 2 323
0.25 3 190
0.25 4 179
0.25 5 257
0.25 6 103
0.25 7 215
0.25 8 23
0.25 9 39
0.25 10 486
0.25 11 87
0.25 12 56
0.25 13 176
0.25 14 98
0.25 15 661
0.25 16 55
0.25 17 471
0.25 18 4
0.25 19 239
0.25 20 29
0.25 21 14
0.25 22 60
0.25 23 74
0.25 24 56
0.25 25 134
0.25 26 96
0.25 27 126
0.25 28 52
0.25 29 15
0.25 30 16
0.25 31 55
0.25 32 129
0.25 33 71
0.25 34 90
0.25 35 107
0.25 36 40
0.25 37 170
0.25 38 35
0.25 39 248
0.25 40 101
0.25 41 215
0.25 42 246
0.25 43 5
0.25 44 55
0.25 45 241
0.25 46 26
0.25 47 222
0.25 48 166
0.25 49 342
0.25 50 166
0.25 51 69
0.25 52 41
0.25 53 40
0.25 54 134
0.25 55 459
0.25 56 112
0.25 57 808
0.25 58 484
0.25 59 113
0.25 60 423
0.25 61 13
0.25 62 46
0.25 63 302
0.25 64 407
0.25 65 183
0.25 66 31
0.25 67 23
0.25 68 18
0.25 69 79
0.25 70 10
0.25 71 143
0.25 72 18
0.25 73 196
0.25 74 310
0.25 75 34
0.25 76 175
0.25 77 33
0.25 78 73
0.25 79 1
0.25 80 257
0.25 81 147
0.25 82 90
0.25 83 286
0.25 84 146
0.25 85 252
0.25 86 310
0.25 87 417
0.25 88 45
0.25 89 488
0.25 90 309
0.25 91 24
0.25 92 721
0.25 93 402
0.25 94 627
0.25 95 348
0.25 96 337
0.25 97 138
0.25 98 154
0.25 99 252
[50, 80, 323, 190, 179, 257, 103, 215, 23, 39, 486, 87, 56, 176, 98, 661, 55, 471, 4, 239, 29, 14, 60, 74, 56, 134, 96, 126, 52, 15, 16, 55, 129, 71, 90, 107, 40, 170, 35, 248, 101, 215, 246, 5, 55, 241, 26, 222, 166, 342, 166, 69, 41, 40, 134, 459, 112, 808, 484, 113, 423, 13, 46, 302, 407, 183, 31, 23, 18, 79, 10, 143, 18, 196, 310, 34, 175, 33, 73, 1, 257, 147, 90, 286, 146, 252, 310, 417, 45, 488, 309, 24, 721, 402, 627, 348, 337, 138, 154, 252]
0.25 177.22
0.1 0 1170
0.1 1 374
0.1 2 535
0.1 3 85
0.1 4 52
0.1 5 356
0.1 6 152
0.1 7 431
0.1 8 254
0.1 9 162
0.1 10 105
0.1 11 297
0.1 12 155
0.1 13 10
0.1 14 102
0.1 15 84
0.1 16 30
0.1 17 37
0.1 18 93
0.1 19 196
0.1 20 758
0.1 21 77
0.1 22 443
0.1 23 598
0.1 24 36
0.1 25 129
0.1 26 429
0.1 27 253
0.1 28 247
0.1 29 749
0.1 30 116
0.1 31 202
0.1 32 320
0.1 33 87
0.1 34 116
0.1 35 182
0.1 36 6
0.1 37 832
0.1 38 175
0.1 39 305
0.1 40 459
0.1 41 617
0.1 42 152
0.1 43 342
0.1 44 452
0.1 45 140
0.1 46 1171
0.1 47 312
0.1 48 217
0.1 49 51
0.1 50 106
0.1 51 1057
0.1 52 45
0.1 53 351
0.1 54 119
0.1 55 221
0.1 56 99
0.1 57 379
0.1 58 163
0.1 59 189
0.1 60 180
0.1 61 130
0.1 62 104
0.1 63 116
0.1 64 296
0.1 65 190
0.1 66 477
0.1 67 163
0.1 68 472
0.1 69 11
0.1 70 1508
0.1 71 44
0.1 72 184
0.1 73 245
0.1 74 152
0.1 75 306
0.1 76 349
0.1 77 581
0.1 78 270
0.1 79 116
0.1 80 1331
0.1 81 309
0.1 82 38
0.1 83 776
0.1 84 264
0.1 85 207
0.1 86 76
0.1 87 186
0.1 88 2
0.1 89 69
0.1 90 49
0.1 91 198
0.1 92 159
0.1 93 367
0.1 94 165
0.1 95 24
0.1 96 188
0.1 97 483
0.1 98 235
0.1 99 97
[1170, 374, 535, 85, 52, 356, 152, 431, 254, 162, 105, 297, 155, 10, 102, 84, 30, 37, 93, 196, 758, 77, 443, 598, 36, 129, 429, 253, 247, 749, 116, 202, 320, 87, 116, 182, 6, 832, 175, 305, 459, 617, 152, 342, 452, 140, 1171, 312, 217, 51, 106, 1057, 45, 351, 119, 221, 99, 379, 163, 189, 180, 130, 104, 116, 296, 190, 477, 163, 472, 11, 1508, 44, 184, 245, 152, 306, 349, 581, 270, 116, 1331, 309, 38, 776, 264, 207, 76, 186, 2, 69, 49, 198, 159, 367, 165, 24, 188, 483, 235, 97]
0.1 284.99
0.01 0 260
0.01 1 659
0.01 2 2459
0.01 3 1156
0.01 4 4033
0.01 5 2961
0.01 6 1137
0.01 7 1390
0.01 8 1934
0.01 9 539
0.01 10 494
0.01 11 867
0.01 12 241
0.01 13 4885
0.01 14 1010
0.01 15 1388
0.01 16 312
0.01 17 624
0.01 18 1221
0.01 19 1805
0.01 20 2116
0.01 21 3854
0.01 22 2809
0.01 23 1614
0.01 24 4324
0.01 25 238
0.01 26 285
0.01 27 1073
0.01 28 3876
0.01 29 1334
0.01 30 887
0.01 31 1213
0.01 32 4676
0.01 33 29
0.01 34 529
0.01 35 506
0.01 36 1805
0.01 37 565
0.01 38 2522
0.01 39 6876
0.01 40 9363
0.01 41 451
0.01 42 709
0.01 43 5046
0.01 44 226
0.01 45 773
0.01 46 2652
0.01 47 2999
0.01 48 768
0.01 49 10024
0.01 50 1072
0.01 51 14
0.01 52 527
0.01 53 986
0.01 54 1552
0.01 55 3883
0.01 56 2003
0.01 57 1529
0.01 58 7249
0.01 59 85
0.01 60 1464
0.01 61 1531
0.01 62 1193
0.01 63 521
0.01 64 404
0.01 65 3942
0.01 66 1139
0.01 67 738
0.01 68 664
0.01 69 1680
0.01 70 725
0.01 71 678
0.01 72 480
0.01 73 3517
0.01 74 272
0.01 75 1009
0.01 76 877
0.01 77 45
0.01 78 2041
0.01 79 687
0.01 80 937
0.01 81 706
0.01 82 452
0.01 83 270
0.01 84 1523
0.01 85 1143
0.01 86 738
0.01 87 4280
0.01 88 2745
0.01 89 314
0.01 90 597
0.01 91 1258
0.01 92 1926
0.01 93 902
0.01 94 2046
0.01 95 1322
0.01 96 295
0.01 97 3291
0.01 98 987
0.01 99 2228
[260, 659, 2459, 1156, 4033, 2961, 1137, 1390, 1934, 539, 494, 867, 241, 4885, 1010, 1388, 312, 624, 1221, 1805, 2116, 3854, 2809, 1614, 4324, 238, 285, 1073, 3876, 1334, 887, 1213, 4676, 29, 529, 506, 1805, 565, 2522, 6876, 9363, 451, 709, 5046, 226, 773, 2652, 2999, 768, 10024, 1072, 14, 527, 986, 1552, 3883, 2003, 1529, 7249, 85, 1464, 1531, 1193, 521, 404, 3942, 1139, 738, 664, 1680, 725, 678, 480, 3517, 272, 1009, 877, 45, 2041, 687, 937, 706, 452, 270, 1523, 1143, 738, 4280, 2745, 314, 597, 1258, 1926, 902, 2046, 1322, 295, 3291, 987, 2228]
0.01 1739.84
