0.5 0 30
0.5 1 136
0.5 2 12
0.5 3 71
0.5 4 10
0.5 5 102
0.5 6 87
0.5 7 99
0.5 8 39
0.5 9 57
0.5 10 64
0.5 11 45
0.5 12 89
0.5 13 115
0.5 14 4
0.5 15 267
0.5 16 92
0.5 17 64
0.5 18 118
0.5 19 59
0.5 20 67
0.5 21 12
0.5 22 77
0.5 23 105
0.5 24 27
0.5 25 206
0.5 26 83
0.5 27 28
0.5 28 334
0.5 29 306
0.5 30 148
0.5 31 148
0.5 32 14
0.5 33 88
0.5 34 32
0.5 35 97
0.5 36 37
0.5 37 215
0.5 38 114
0.5 39 75
0.5 40 7
0.5 41 343
0.5 42 63
0.5 43 210
0.5 44 163
0.5 45 290
0.5 46 146
0.5 47 120
0.5 48 144
0.5 49 135
0.5 50 115
0.5 51 539
0.5 52 130
0.5 53 18
0.5 54 49
0.5 55 84
0.5 56 136
0.5 57 110
0.5 58 43
0.5 59 31
0.5 60 89
0.5 61 41
0.5 62 52
0.5 63 408
0.5 64 47
0.5 65 12
0.5 66 12
0.5 67 20
0.5 68 131
0.5 69 53
0.5 70 59
0.5 71 7
0.5 72 15
0.5 73 159
0.5 74 32
0.5 75 7
0.5 76 1
0.5 77 164
0.5 78 24
0.5 79 14
0.5 80 224
0.5 81 218
0.5 82 428
0.5 83 54
0.5 84 246
0.5 85 7
0.5 86 76
0.5 87 249
0.5 88 6
0.5 89 104
0.5 90 209
0.5 91 390
0.5 92 608
0.5 93 334
0.5 94 85
0.5 95 31
0.5 96 108
0.5 97 286
0.5 98 53
0.5 99 40
[30, 136, 12, 71, 10, 102, 87, 99, 39, 57, 64, 45, 89, 115, 4, 267, 92, 64, 118, 59, 67, 12, 77, 105, 27, 206, 83, 28, 334, 306, 148, 148, 14, 88, 32, 97, 37, 215, 114, 75, 7, 343, 63, 210, 163, 290, 146, 120, 144, 135, 115, 539, 130, 18, 49, 84, 136, 110, 43, 31, 89, 41, 52, 408, 47, 12, 12, 20, 131, 53, 59, 7, 15, 159, 32, 7, 1, 164, 24, 14, 224, 218, 428, 54, 246, 7, 76, 249, 6, 104, 209, 390, 608, 334, 85, 31, 108, 286, 53, 40]
0.5 117.52
0.25 0 228
0.25 1 77
0.25 2 486
0.25 3 193
0.25 4 227
0.25 5 114
0.25 6 168
0.25 7 2
0.25 8 196
0.25 9 493
0.25 10 52
0.25 11 46
0.25 12 180
0.25 13 139
0.25 14 293
0.25 15 295
0.25 16 73
0.25 17 24
0.25 18 47
0.25 19 8
0.25 20 226
0.25 21 130
0.25 22 27
0.25 23 816
0.25 24 45
0.25 25 386
0.25 26 166
0.25 27 43
0.25 28 66
0.25 29 220
0.25 30 416
0.25 31 171
0.25 32 275
0.25 33 218
0.25 34 116
0.25 35 20
0.25 36 304
0.25 37 272
0.25 38 293
0.25 39 546
0.25 40 168
0.25 41 293
0.25 42 43
0.25 43 29
0.25 44 135
0.25 45 325
0.25 46 77
0.25 47 81
0.25 48 395
0.25 49 73
0.25 50 66
0.25 51 87
0.25 52 192
0.25 53 177
0.25 54 216
0.25 55 257
0.25 56 65
0.25 57 390
0.25 58 164
0.25 59 110
0.25 60 1
0.25 61 83
0.25 62 32
0.25 63 309
0.25 64 494
0.25 65 17
0.25 66 109
0.25 67 111
0.25 68 96
0.25 69 207
0.25 70 21
0.25 71 16
0.25 72 39
0.25 73 728
0.25 74 83
0.25 75 191
0.25 76 39
0.25 77 147
0.25 78 312
0.25 79 56
0.25 80 114
0.25 81 48
0.25 82 263
0.25 83 212
0.25 84 253
0.25 85 89
0.25 86 212
0.25 87 136
0.25 88 31
0.25 89 69
0.25 90 8
0.25 91 161
0.25 92 72
0.25 93 105
0.25 94 23
0.25 95 250
0.25 96 49
0.25 97 297
0.25 98 18
0.25 99 124
[228, 77, 486, 193, 227, 114, 168, 2, 196, 493, 52, 46, 180, 139, 293, 295, 73, 24, 47, 8, 226, 130, 27, 816, 45, 386, 166, 43, 66, 220, 416, 171, 275, 218, 116, 20, 304, 272, 293, 546, 168, 293, 43, 29, 135, 325, 77, 81, 395, 73, 66, 87, 192, 177, 216, 257, 65, 390, 164, 110, 1, 83, 32, 309, 494, 17, 109, 111, 96, 207, 21, 16, 39, 728, 83, 191, 39, 147, 312, 56, 114, 48, 263, 212, 253, 89, 212, 136, 31, 69, 8, 161, 72, 105, 23, 250, 49, 297, 18, 124]
0.25 170.65
0.1 0 211
0.1 1 1067
0.1 2 34
0.1 3 793
0.1 4 747
0.1 5 434
0.1 6 1105
0.1 7 862
0.1 8 261
0.1 9 484
0.1 10 47
0.1 11 56
0.1 12 280
0.1 13 62
0.1 14 142
0.1 15 240
0.1 16 62
0.1 17 728
0.1 18 415
0.1 19 566
0.1 20 502
0.1 21 358
0.1 22 677
0.1 23 309
0.1 24 483
0.1 25 160
0.1 26 18
0.1 27 53
0.1 28 272
0.1 29 1089
0.1 30 98
0.1 31 123
0.1 32 147
0.1 33 135
0.1 34 142
0.1 35 340
0.1 36 207
0.1 37 86
0.1 38 597
0.1 39 298
0.1 40 968
0.1 41 139
0.1 42 802
0.1 43 705
0.1 44 238
0.1 45 43
0.1 46 354
0.1 47 1048
0.1 48 129
0.1 49 412
0.1 50 76
0.1 51 242
0.1 52 43
0.1 53 317
0.1 54 36
0.1 55 52
0.1 56 2187
0.1 57 278
0.1 58 196
0.1 59 128
0.1 60 311
0.1 61 70
0.1 62 51
0.1 63 365
0.1 64 914
0.1 65 1286
0.1 66 467
0.1 67 753
0.1 68 179
0.1 69 485
0.1 70 650
0.1 71 932
0.1 72 625
0.1 73 597
0.1 74 92
0.1 75 101
0.1 76 812
0.1 77 357
0.1 78 390
0.1 79 829
0.1 80 398
0.1 81 564
0.1 82 60
0.1 83 273
0.1 84 40
0.1 85 678
0.1 86 66
0.1 87 867
0.1 88 422
0.1 89 54
0.1 90 224
0.1 91 56
0.1 92 88
0.1 93 666
0.1 94 773
0.1 95 84
0.1 96 97
0.1 97 15
0.1 98 934
0.1 99 442
[211, 1067, 34, 793, 747, 434, 1105, 862, 261, 484, 47, 56, 280, 62, 142, 240, 62, 728, 415, 566, 502, 358, 677, 309, 483, 160, 18, 53, 272, 1089, 98, 123, 147, 135, 142, 340, 207, 86, 597, 298, 968, 139, 802, 705, 238, 43, 354, 1048, 129, 412, 76, 242, 43, 317, 36, 52, 2187, 278, 196, 128, 311, 70, 51, 365, 914, 1286, 467, 753, 179, 485, 650, 932, 625, 597, 92, 101, 812, 357, 390, 829, 398, 564, 60, 273, 40, 678, 66, 867, 422, 54, 224, 56, 88, 666, 773, 84, 97, 15, 934, 442]
0.1 401.5
0.01 0 8567
0.01 1 3098
0.01 2 2319
0.01 3 1932
0.01 4 4120
0.01 5 1506
0.01 6 3459
0.01 7 4789
0.01 8 1848
0.01 9 1580
0.01 10 1625
0.01 11 2870
0.01 12 14293
0.01 13 2921
0.01 14 3262
0.01 15 999
0.01 16 4702
0.01 17 1242
0.01 18 10124
0.01 19 1065
0.01 20 32
0.01 21 2508
0.01 22 7702
0.01 23 1662
0.01 24 84
0.01 25 592
0.01 26 1932
0.01 27 6654
0.01 28 1865
0.01 29 7331
0.01 30 4174
0.01 31 2786
0.01 32 473
0.01 33 12824
0.01 34 4533
0.01 35 1212
0.01 36 899
0.01 37 5255
0.01 38 12060
0.01 39 5686
0.01 40 750
0.01 41 1022
0.01 42 4182
0.01 43 1032
0.01 44 2339
0.01 45 1219
0.01 46 1954
0.01 47 1612
0.01 48 2094
0.01 49 345
0.01 50 2251
0.01 51 2211
0.01 52 150
0.01 53 1593
0.01 54 5397
0.01 55 4600
0.01 56 971
0.01 57 2975
0.01 58 5459
0.01 59 5702
0.01 60 5477
0.01 61 1277
0.01 62 3491
0.01 63 1023
0.01 64 3415
0.01 65 2742
0.01 66 2613
0.01 67 596
0.01 68 1009
0.01 69 5464
0.01 70 1933
0.01 71 2216
0.01 72 1450
0.01 73 1600
0.01 74 611
0.01 75 113
0.01 76 2297
0.01 77 2344
0.01 78 886
0.01 79 7450
0.01 80 423
0.01 81 2586
0.01 82 645
0.01 83 6944
0.01 84 1585
0.01 85 798
0.01 86 3246
0.01 87 278
0.01 88 889
0.01 89 1946
0.01 90 411
0.01 91 679
0.01 92 1068
0.01 93 11341
0.01 94 1038
0.01 95 4005
0.01 96 1850
0.01 97 2739
0.01 98 834
0.01 99 1235
[8567, 3098, 2319, 1932, 4120, 1506, 3459, 4789, 1848, 1580, 1625, 2870, 14293, 2921, 3262, 999, 4702, 1242, 10124, 1065, 32, 2508, 7702, 1662, 84, 592, 1932, 6654, 1865, 7331, 4174, 2786, 473, 12824, 4533, 1212, 899, 5255, 12060, 5686, 750, 1022, 4182, 1032, 2339, 1219, 1954, 1612, 2094, 345, 2251, 2211, 150, 1593, 5397, 4600, 971, 2975, 5459, 5702, 5477, 1277, 3491, 1023, 3415, 2742, 2613, 596, 1009, 5464, 1933, 2216, 1450, 1600, 611, 113, 2297, 2344, 886, 7450, 423, 2586, 645, 6944, 1585, 798, 3246, 278, 889, 1946, 411, 679, 1068, 11341, 1038, 4005, 1850, 2739, 834, 1235]
0.01 2969.9
