0 20
1 113
2 53
3 488
4 59
5 11
6 158
7 172
8 51
9 44
10 87
11 56
12 77
13 33
14 9
15 25
16 188
17 49
18 56
19 86
20 24
21 49
22 6
23 7
24 16
25 83
26 18
27 100
28 40
29 68
30 129
31 89
32 133
33 28
34 62
35 166
36 115
37 31
38 140
39 295
40 43
41 254
42 94
43 13
44 14
45 60
46 172
47 28
48 156
49 89
50 1
51 4
52 39
53 13
54 146
55 22
56 279
57 22
58 83
59 46
60 2
61 172
62 50
63 47
64 103
65 9
66 59
67 168
68 35
69 37
70 240
71 12
72 5
73 8
74 59
75 112
76 24
77 24
78 104
79 16
80 198
81 63
82 93
83 51
84 68
85 6
86 89
87 28
88 92
89 18
90 108
91 13
92 19
93 129
94 99
95 51
96 33
97 126
98 8
99 210
[20, 113, 53, 488, 59, 11, 158, 172, 51, 44, 87, 56, 77, 33, 9, 25, 188, 49, 56, 86, 24, 49, 6, 7, 16, 83, 18, 100, 40, 68, 129, 89, 133, 28, 62, 166, 115, 31, 140, 295, 43, 254, 94, 13, 14, 60, 172, 28, 156, 89, 1, 4, 39, 13, 146, 22, 279, 22, 83, 46, 2, 172, 50, 47, 103, 9, 59, 168, 35, 37, 240, 12, 5, 8, 59, 112, 24, 24, 104, 16, 198, 63, 93, 51, 68, 6, 89, 28, 92, 18, 108, 13, 19, 129, 99, 51, 33, 126, 8, 210]
5 78.0
