0 138
1 161
2 88
3 30
4 81
5 99
6 69
7 105
8 219
9 46
10 38
11 10
12 20
13 18
14 83
15 5
16 86
17 6
18 21
19 25
20 6
21 51
22 21
23 8
24 61
25 14
26 7
27 3
28 11
29 37
30 63
31 190
32 23
33 26
34 20
35 14
36 31
37 50
38 41
39 14
40 15
41 28
42 137
43 9
44 62
45 28
46 73
47 9
48 4
49 60
50 105
51 41
52 104
53 93
54 68
55 6
56 66
57 125
58 45
59 99
60 74
61 170
62 176
63 13
64 81
65 32
66 35
67 14
68 99
69 27
70 144
71 8
72 143
73 11
74 72
75 72
76 22
77 22
78 21
79 12
80 109
81 80
82 89
83 21
84 85
85 44
86 177
87 102
88 8
89 51
90 44
91 88
92 108
93 111
94 20
95 73
96 211
97 42
98 9
99 111
[138, 161, 88, 30, 81, 99, 69, 105, 219, 46, 38, 10, 20, 18, 83, 5, 86, 6, 21, 25, 6, 51, 21, 8, 61, 14, 7, 3, 11, 37, 63, 190, 23, 26, 20, 14, 31, 50, 41, 14, 15, 28, 137, 9, 62, 28, 73, 9, 4, 60, 105, 41, 104, 93, 68, 6, 66, 125, 45, 99, 74, 170, 176, 13, 81, 32, 35, 14, 99, 27, 144, 8, 143, 11, 72, 72, 22, 22, 21, 12, 109, 80, 89, 21, 85, 44, 177, 102, 8, 51, 44, 88, 108, 111, 20, 73, 211, 42, 9, 111]
5 60.47
