0 21
1 47
2 6
3 38
4 26
5 36
6 20
7 31
8 34
9 48
10 936
11 17
12 15
13 65
14 31
15 1526
16 1367
17 76
18 12
19 19
20 19
21 127
22 4
23 57
24 18
25 12
26 104
27 39
28 19
29 1
30 18
31 86
32 8
33 24
34 61
35 8
36 25
37 13
38 52
39 48
40 18
41 17
42 33
43 212
44 16
45 6
46 98
47 42
48 80
49 33
50 7
51 23
52 10
53 13
54 52
55 85
56 26
57 160
58 12
59 75
60 11
61 46
62 75
63 21
64 4
65 48
66 25
67 49
68 22
69 8
70 72
71 50
72 51
73 16
74 21
75 24
76 102
77 25
78 56
79 8
80 48
81 28
82 16
83 37
84 20
85 22
86 42
87 39
88 74
89 112
90 41
91 65
92 5
93 45
94 26
95 20
96 16
97 8
98 80
99 62
[21, 47, 6, 38, 26, 36, 20, 31, 34, 48, 936, 17, 15, 65, 31, 1526, 1367, 76, 12, 19, 19, 127, 4, 57, 18, 12, 104, 39, 19, 1, 18, 86, 8, 24, 61, 8, 25, 13, 52, 48, 18, 17, 33, 212, 16, 6, 98, 42, 80, 33, 7, 23, 10, 13, 52, 85, 26, 160, 12, 75, 11, 46, 75, 21, 4, 48, 25, 49, 22, 8, 72, 50, 51, 16, 21, 24, 102, 25, 56, 8, 48, 28, 16, 37, 20, 22, 42, 39, 74, 112, 41, 65, 5, 45, 26, 20, 16, 8, 80, 62]
5 76.72
