0 67
1 172
2 554
3 18
4 37
5 21
6 5
7 44
8 15
9 2601
10 1042
11 69
12 2501
13 49
14 81
15 16
16 265
17 58
18 4
19 1
20 5510
21 626
22 520
23 702
24 35
25 6516
26 2018
27 2246
28 1056
29 107
30 654
31 2069
32 1798
33 9
34 41
35 15
36 37
37 26
38 247
39 639
40 48
41 33
42 65
43 21
44 31
45 9
46 1242
47 13
48 16
49 24
50 14
51 27
52 870
53 253
54 1899
55 5989
56 91
57 32
58 19
59 855
60 24
61 4
62 6
63 2286
64 1136
65 35
66 1364
67 1096
68 12
69 2425
70 228
71 76
72 22
73 5621
74 7
75 3182
76 372
77 428
78 26
79 5
80 25
81 17
82 7283
83 7780
84 53
85 3347
86 1
87 705
88 22
89 2319
90 11
91 13
92 109
93 1
94 496
95 31
96 36
97 212
98 19
99 186
[67, 172, 554, 18, 37, 21, 5, 44, 15, 2601, 1042, 69, 2501, 49, 81, 16, 265, 58, 4, 1, 5510, 626, 520, 702, 35, 6516, 2018, 2246, 1056, 107, 654, 2069, 1798, 9, 41, 15, 37, 26, 247, 639, 48, 33, 65, 21, 31, 9, 1242, 13, 16, 24, 14, 27, 870, 253, 1899, 5989, 91, 32, 19, 855, 24, 4, 6, 2286, 1136, 35, 1364, 1096, 12, 2425, 228, 76, 22, 5621, 7, 3182, 372, 428, 26, 5, 25, 17, 7283, 7780, 53, 3347, 1, 705, 22, 2319, 11, 13, 109, 1, 496, 31, 36, 212, 19, 186]
5 850.63
