0 4025
1 16
2 17
3 99
4 42
5 95
6 3496
7 25
8 40
9 23
10 32
11 24
12 2377
13 61
14 595
15 33
16 1098
17 61
18 39
19 14
20 1751
21 46
22 22
23 4712
24 56
25 4
26 25
27 13481
28 58
29 206
30 8
31 125
32 268
33 22
34 39
35 11567
36 53
37 438
38 18
39 52
40 36
41 2429
42 12
43 19
44 3046
45 47
46 299
47 20
48 51
49 750
50 7876
51 1
52 28
53 13
54 29
55 34
56 951
57 15
58 65
59 694
60 31
61 11
62 30
63 29
64 1
65 1343
66 167
67 321
68 2954
69 401
70 19
71 41
72 21
73 78
74 83
75 54
76 33
77 8
78 947
79 14
80 33
81 129
82 79
83 14
84 8
85 772
86 109
87 60
88 1032
89 3824
90 23
91 24
92 605
93 152
94 46
95 32
96 9
97 53
98 96
99 5402
[4025, 16, 17, 99, 42, 95, 3496, 25, 40, 23, 32, 24, 2377, 61, 595, 33, 1098, 61, 39, 14, 1751, 46, 22, 4712, 56, 4, 25, 13481, 58, 206, 8, 125, 268, 22, 39, 11567, 53, 438, 18, 52, 36, 2429, 12, 19, 3046, 47, 299, 20, 51, 750, 7876, 1, 28, 13, 29, 34, 951, 15, 65, 694, 31, 11, 30, 29, 1, 1343, 167, 321, 2954, 401, 19, 41, 21, 78, 83, 54, 33, 8, 947, 14, 33, 129, 79, 14, 8, 772, 109, 60, 1032, 3824, 23, 24, 605, 152, 46, 32, 9, 53, 96, 5402]
6 806.66
