0 14
1 1962
2 2047
3 15477
4 68
5 54
6 95
7 4591
8 1657
9 2616
10 1721
11 2590
12 5521
13 44
14 545
15 74
16 72
17 5458
18 14
19 48
20 9
21 51
22 17
23 32
24 14
25 17
26 26
27 618
28 393
29 7
30 4
31 4624
32 237
33 44
34 68
35 51
36 752
37 9
38 1094
39 12
40 44
41 1189
42 110
43 156
44 132
45 7
46 13
47 23
48 304
49 969
50 20
51 45
52 191
53 1593
54 40
55 12
56 74
57 806
58 122
59 21
60 34
61 38
62 38
63 19
64 17
65 41
66 28
67 5
68 3476
69 2346
70 677
71 67
72 90
73 38
74 1
75 19
76 36
77 3936
78 1192
79 1819
80 3040
81 14
82 2628
83 104
84 40
85 25
86 59
87 3489
88 9
89 327
90 447
91 39
92 2343
93 290
94 33
95 1900
96 29
97 1423
98 340
99 3
[14, 1962, 2047, 15477, 68, 54, 95, 4591, 1657, 2616, 1721, 2590, 5521, 44, 545, 74, 72, 5458, 14, 48, 9, 51, 17, 32, 14, 17, 26, 618, 393, 7, 4, 4624, 237, 44, 68, 51, 752, 9, 1094, 12, 44, 1189, 110, 156, 132, 7, 13, 23, 304, 969, 20, 45, 191, 1593, 40, 12, 74, 806, 122, 21, 34, 38, 38, 19, 17, 41, 28, 5, 3476, 2346, 677, 67, 90, 38, 1, 19, 36, 3936, 1192, 1819, 3040, 14, 2628, 104, 40, 25, 59, 3489, 9, 327, 447, 39, 2343, 290, 33, 1900, 29, 1423, 340, 3]
5 891.17
