0.5 0 12
0.5 1 18
0.5 2 278
0.5 3 27
0.5 4 22
0.5 5 23
0.5 6 81
0.5 7 43
0.5 8 63
0.5 9 143
0.5 10 28
0.5 11 9
0.5 12 87
0.5 13 86
0.5 14 145
0.5 15 39
0.5 16 76
0.5 17 86
0.5 18 41
0.5 19 11
0.5 20 75
0.5 21 233
0.5 22 25
0.5 23 27
0.5 24 2
0.5 25 20
0.5 26 7
0.5 27 57
0.5 28 26
0.5 29 42
0.5 30 102
0.5 31 54
0.5 32 37
0.5 33 53
0.5 34 37
0.5 35 19
0.5 36 26
0.5 37 46
0.5 38 25
0.5 39 207
0.5 40 91
0.5 41 95
0.5 42 5
0.5 43 29
0.5 44 12
0.5 45 22
0.5 46 20
0.5 47 46
0.5 48 14
0.5 49 49
0.5 50 27
0.5 51 37
0.5 52 15
0.5 53 101
0.5 54 91
0.5 55 21
0.5 56 2
0.5 57 55
0.5 58 45
0.5 59 5
0.5 60 79
0.5 61 52
0.5 62 23
0.5 63 65
0.5 64 27
0.5 65 45
0.5 66 41
0.5 67 4
0.5 68 140
0.5 69 48
0.5 70 13
0.5 71 1
0.5 72 1
0.5 73 56
0.5 74 13
0.5 75 63
0.5 76 107
0.5 77 101
0.5 78 15
0.5 79 3
0.5 80 1
0.5 81 92
0.5 82 45
0.5 83 8
0.5 84 42
0.5 85 106
0.5 86 71
0.5 87 55
0.5 88 59
0.5 89 5
0.5 90 91
0.5 91 182
0.5 92 121
0.5 93 16
0.5 94 82
0.5 95 5
0.5 96 56
0.5 97 1
0.5 98 37
0.5 99 8
[12, 18, 278, 27, 22, 23, 81, 43, 63, 143, 28, 9, 87, 86, 145, 39, 76, 86, 41, 11, 75, 233, 25, 27, 2, 20, 7, 57, 26, 42, 102, 54, 37, 53, 37, 19, 26, 46, 25, 207, 91, 95, 5, 29, 12, 22, 20, 46, 14, 49, 27, 37, 15, 101, 91, 21, 2, 55, 45, 5, 79, 52, 23, 65, 27, 45, 41, 4, 140, 48, 13, 1, 1, 56, 13, 63, 107, 101, 15, 3, 1, 92, 45, 8, 42, 106, 71, 55, 59, 5, 91, 182, 121, 16, 82, 5, 56, 1, 37, 8]
0.5 52.0
0.25 0 196
0.25 1 188
0.25 2 108
0.25 3 128
0.25 4 131
0.25 5 51
0.25 6 8
0.25 7 107
0.25 8 107
0.25 9 4
0.25 10 174
0.25 11 14
0.25 12 35
0.25 13 44
0.25 14 78
0.25 15 181
0.25 16 48
0.25 17 15
0.25 18 67
0.25 19 26
0.25 20 27
0.25 21 157
0.25 22 166
0.25 23 76
0.25 24 11
0.25 25 129
0.25 26 125
0.25 27 58
0.25 28 85
0.25 29 51
0.25 30 133
0.25 31 63
0.25 32 79
0.25 33 1
0.25 34 121
0.25 35 33
0.25 36 195
0.25 37 41
0.25 38 3
0.25 39 188
0.25 40 112
0.25 41 211
0.25 42 64
0.25 43 71
0.25 44 203
0.25 45 362
0.25 46 119
0.25 47 3
0.25 48 212
0.25 49 47
0.25 50 347
0.25 51 21
0.25 52 1
0.25 53 20
0.25 54 169
0.25 55 27
0.25 56 179
0.25 57 48
0.25 58 158
0.25 59 43
0.25 60 61
0.25 61 16
0.25 62 41
0.25 63 23
0.25 64 43
0.25 65 101
0.25 66 83
0.25 67 4
0.25 68 26
0.25 69 225
0.25 70 213
0.25 71 123
0.25 72 205
0.25 73 74
0.25 74 9
0.25 75 103
0.25 76 82
0.25 77 175
0.25 78 181
0.25 79 93
0.25 80 285
0.25 81 282
0.25 82 31
0.25 83 118
0.25 84 36
0.25 85 19
0.25 86 125
0.25 87 29
0.25 88 41
0.25 89 39
0.25 90 87
0.25 91 22
0.25 92 20
0.25 93 68
0.25 94 48
0.25 95 148
0.25 96 75
0.25 97 17
0.25 98 219
0.25 99 70
[196, 188, 108, 128, 131, 51, 8, 107, 107, 4, 174, 14, 35, 44, 78, 181, 48, 15, 67, 26, 27, 157, 166, 76, 11, 129, 125, 58, 85, 51, 133, 63, 79, 1, 121, 33, 195, 41, 3, 188, 112, 211, 64, 71, 203, 362, 119, 3, 212, 47, 347, 21, 1, 20, 169, 27, 179, 48, 158, 43, 61, 16, 41, 23, 43, 101, 83, 4, 26, 225, 213, 123, 205, 74, 9, 103, 82, 175, 181, 93, 285, 282, 31, 118, 36, 19, 125, 29, 41, 39, 87, 22, 20, 68, 48, 148, 75, 17, 219, 70]
0.25 95.29
0.1 0 65
0.1 1 144
0.1 2 698
0.1 3 156
0.1 4 126
0.1 5 18
0.1 6 282
0.1 7 210
0.1 8 145
0.1 9 596
0.1 10 114
0.1 11 479
0.1 12 626
0.1 13 411
0.1 14 417
0.1 15 103
0.1 16 431
0.1 17 48
0.1 18 156
0.1 19 422
0.1 20 174
0.1 21 537
0.1 22 11
0.1 23 406
0.1 24 212
0.1 25 153
0.1 26 79
0.1 27 24
0.1 28 267
0.1 29 108
0.1 30 356
0.1 31 280
0.1 32 18
0.1 33 169
0.1 34 132
0.1 35 956
0.1 36 549
0.1 37 173
0.1 38 137
0.1 39 51
0.1 40 61
0.1 41 350
0.1 42 233
0.1 43 143
0.1 44 82
0.1 45 47
0.1 46 447
0.1 47 257
0.1 48 1590
0.1 49 9
0.1 50 204
0.1 51 262
0.1 52 498
0.1 53 306
0.1 54 84
0.1 55 583
0.1 56 71
0.1 57 236
0.1 58 217
0.1 59 588
0.1 60 173
0.1 61 117
0.1 62 128
0.1 63 776
0.1 64 12
0.1 65 64
0.1 66 17
0.1 67 27
0.1 68 61
0.1 69 481
0.1 70 39
0.1 71 145
0.1 72 198
0.1 73 88
0.1 74 15
0.1 75 682
0.1 76 827
0.1 77 527
0.1 78 254
0.1 79 309
0.1 80 461
0.1 81 135
0.1 82 114
0.1 83 351
0.1 84 171
0.1 85 272
0.1 86 92
0.1 87 361
0.1 88 109
0.1 89 144
0.1 90 164
0.1 91 237
0.1 92 610
0.1 93 155
0.1 94 116
0.1 95 99
0.1 96 393
0.1 97 24
0.1 98 38
0.1 99 1567
[65, 144, 698, 156, 126, 18, 282, 210, 145, 596, 114, 479, 626, 411, 417, 103, 431, 48, 156, 422, 174, 537, 11, 406, 212, 153, 79, 24, 267, 108, 356, 280, 18, 169, 132, 956, 549, 173, 137, 51, 61, 350, 233, 143, 82, 47, 447, 257, 1590, 9, 204, 262, 498, 306, 84, 583, 71, 236, 217, 588, 173, 117, 128, 776, 12, 64, 17, 27, 61, 481, 39, 145, 198, 88, 15, 682, 827, 527, 254, 309, 461, 135, 114, 351, 171, 272, 92, 361, 109, 144, 164, 237, 610, 155, 116, 99, 393, 24, 38, 1567]
0.1 272.6
0.01 0 177
0.01 1 10555
0.01 2 5355
0.01 3 163
0.01 4 210
0.01 5 782
0.01 6 1841
0.01 7 2716
0.01 8 920
0.01 9 147
0.01 10 3637
0.01 11 521
0.01 12 2989
0.01 13 693
0.01 14 3334
0.01 15 3186
0.01 16 2051
0.01 17 3545
0.01 18 2771
0.01 19 4468
0.01 20 4581
0.01 21 89
0.01 22 264
0.01 23 1970
0.01 24 178
0.01 25 2603
0.01 26 423
0.01 27 115
0.01 28 1510
0.01 29 615
0.01 30 238
0.01 31 440
0.01 32 1163
0.01 33 6093
0.01 34 350
0.01 35 1589
0.01 36 6629
0.01 37 2026
0.01 38 894
0.01 39 1290
0.01 40 694
0.01 41 1669
0.01 42 5597
0.01 43 453
0.01 44 2111
0.01 45 1677
0.01 46 1246
0.01 47 972
0.01 48 4413
0.01 49 2236
0.01 50 1303
0.01 51 646
0.01 52 2977
0.01 53 1317
0.01 54 3400
0.01 55 1032
0.01 56 450
0.01 57 4664
0.01 58 1168
0.01 59 1445
0.01 60 71
0.01 61 3942
0.01 62 380
0.01 63 1348
0.01 64 1562
0.01 65 241
0.01 66 8712
0.01 67 619
0.01 68 7724
0.01 69 1615
0.01 70 820
0.01 71 659
0.01 72 4919
0.01 73 2331
0.01 74 2126
0.01 75 476
0.01 76 1183
0.01 77 1977
0.01 78 3706
0.01 79 4080
0.01 80 3530
0.01 81 1427
0.01 82 549
0.01 83 2738
0.01 84 2462
0.01 85 68
0.01 86 796
0.01 87 7133
0.01 88 2875
0.01 89 162
0.01 90 1247
0.01 91 463
0.01 92 4369
0.01 93 5503
0.01 94 6638
0.01 95 182
0.01 96 6930
0.01 97 1032
0.01 98 1048
0.01 99 3011
[177, 10555, 5355, 163, 210, 782, 1841, 2716, 920, 147, 3637, 521, 2989, 693, 3334, 3186, 2051, 3545, 2771, 4468, 4581, 89, 264, 1970, 178, 2603, 423, 115, 1510, 615, 238, 440, 1163, 6093, 350, 1589, 6629, 2026, 894, 1290, 694, 1669, 5597, 453, 2111, 1677, 1246, 972, 4413, 2236, 1303, 646, 2977, 1317, 3400, 1032, 450, 4664, 1168, 1445, 71, 3942, 380, 1348, 1562, 241, 8712, 619, 7724, 1615, 820, 659, 4919, 2331, 2126, 476, 1183, 1977, 3706, 4080, 3530, 1427, 549, 2738, 2462, 68, 796, 7133, 2875, 162, 1247, 463, 4369, 5503, 6638, 182, 6930, 1032, 1048, 3011]
0.01 2232.45
