0.5 0 33
0.5 1 278
0.5 2 473
0.5 3 25
0.5 4 24
0.5 5 786
0.5 6 3
0.5 7 33
0.5 8 14
0.5 9 13
0.5 10 33
0.5 11 37
0.5 12 51
0.5 13 9
0.5 14 36
0.5 15 36
0.5 16 33
0.5 17 96
0.5 18 4319
0.5 19 3686
0.5 20 90
0.5 21 6086
0.5 22 169
0.5 23 161
0.5 24 4879
0.5 25 3592
0.5 26 1080
0.5 27 1118
0.5 28 752
0.5 29 1
0.5 30 3532
0.5 31 84
0.5 32 340
0.5 33 47
0.5 34 29
0.5 35 32
0.5 36 866
0.5 37 35
0.5 38 29
0.5 39 434
0.5 40 10
0.5 41 122
0.5 42 72
0.5 43 2632
0.5 44 35
0.5 45 2299
0.5 46 1470
0.5 47 4
0.5 48 14
0.5 49 679
0.5 50 42
0.5 51 48
0.5 52 484
0.5 53 36
0.5 54 379
0.5 55 27
0.5 56 770
0.5 57 7
0.5 58 2636
0.5 59 8
0.5 60 375
0.5 61 11
0.5 62 3194
0.5 63 106
0.5 64 402
0.5 65 7129
0.5 66 667
0.5 67 6742
0.5 68 11
0.5 69 14288
0.5 70 63
0.5 71 37
0.5 72 33
0.5 73 5574
0.5 74 43
0.5 75 1880
0.5 76 10
0.5 77 11
0.5 78 55
0.5 79 1240
0.5 80 263
0.5 81 17
0.5 82 435
0.5 83 2754
0.5 84 5214
0.5 85 22
0.5 86 1040
0.5 87 25
0.5 88 50
0.5 89 525
0.5 90 32
0.5 91 28
0.5 92 1014
0.5 93 3014
0.5 94 6497
0.5 95 35
0.5 96 26
0.5 97 6
0.5 98 21
0.5 99 41
[33, 278, 473, 25, 24, 786, 3, 33, 14, 13, 33, 37, 51, 9, 36, 36, 33, 96, 4319, 3686, 90, 6086, 169, 161, 4879, 3592, 1080, 1118, 752, 1, 3532, 84, 340, 47, 29, 32, 866, 35, 29, 434, 10, 122, 72, 2632, 35, 2299, 1470, 4, 14, 679, 42, 48, 484, 36, 379, 27, 770, 7, 2636, 8, 375, 11, 3194, 106, 402, 7129, 667, 6742, 11, 14288, 63, 37, 33, 5574, 43, 1880, 10, 11, 55, 1240, 263, 17, 435, 2754, 5214, 22, 1040, 25, 50, 525, 32, 28, 1014, 3014, 6497, 35, 26, 6, 21, 41]
0.5 1080.78
0.25 0 45
0.25 1 56
0.25 2 507
0.25 3 62
0.25 4 2298
0.25 5 46
0.25 6 80
0.25 7 2207
0.25 8 12
0.25 9 38
0.25 10 152
0.25 11 163
0.25 12 106
0.25 13 860
0.25 14 50
0.25 15 14
0.25 16 404
0.25 17 44
0.25 18 48
0.25 19 16
0.25 20 7434
0.25 21 1570
0.25 22 642
0.25 23 93
0.25 24 40
0.25 25 38
0.25 26 3675
0.25 27 39
0.25 28 4072
0.25 29 43
0.25 30 25
0.25 31 27
0.25 32 20
0.25 33 78
0.25 34 11
0.25 35 286
0.25 36 2570
0.25 37 847
0.25 38 56
0.25 39 3960
0.25 40 5901
0.25 41 54
0.25 42 2886
0.25 43 28
0.25 44 104
0.25 45 66
0.25 46 27
0.25 47 38
0.25 48 167
0.25 49 16
0.25 50 51
0.25 51 36
0.25 52 91
0.25 53 54
0.25 54 7
0.25 55 16
0.25 56 15
0.25 57 99
0.25 58 6203
0.25 59 4686
0.25 60 25
0.25 61 2382
0.25 62 13
0.25 63 509
0.25 64 43
0.25 65 69
0.25 66 319
0.25 67 20
0.25 68 17
0.25 69 10
0.25 70 131
0.25 71 3893
0.25 72 4792
0.25 73 2
0.25 74 71
0.25 75 1162
0.25 76 34
0.25 77 55
0.25 78 2339
0.25 79 64
0.25 80 30
0.25 81 41
0.25 82 61
0.25 83 704
0.25 84 34
0.25 85 90
0.25 86 8
0.25 87 36
0.25 88 80
0.25 89 77
0.25 90 8503
0.25 91 501
0.25 92 11
0.25 93 2528
0.25 94 21
0.25 95 503
0.25 96 296
0.25 97 3574
0.25 98 43
0.25 99 294
[45, 56, 507, 62, 2298, 46, 80, 2207, 12, 38, 152, 163, 106, 860, 50, 14, 404, 44, 48, 16, 7434, 1570, 642, 93, 40, 38, 3675, 39, 4072, 43, 25, 27, 20, 78, 11, 286, 2570, 847, 56, 3960, 5901, 54, 2886, 28, 104, 66, 27, 38, 167, 16, 51, 36, 91, 54, 7, 16, 15, 99, 6203, 4686, 25, 2382, 13, 509, 43, 69, 319, 20, 17, 10, 131, 3893, 4792, 2, 71, 1162, 34, 55, 2339, 64, 30, 41, 61, 704, 34, 90, 8, 36, 80, 77, 8503, 501, 11, 2528, 21, 503, 296, 3574, 43, 294]
0.25 866.64
0.1 0 57
0.1 1 98
0.1 2 54
0.1 3 746
0.1 4 68
0.1 5 23
0.1 6 126
0.1 7 1667
0.1 8 92
0.1 9 100
0.1 10 45
0.1 11 2155
0.1 12 171
0.1 13 94
0.1 14 45
0.1 15 226
0.1 16 314
0.1 17 705
0.1 18 172
0.1 19 641
0.1 20 4843
0.1 21 66
0.1 22 113
0.1 23 67
0.1 24 75
0.1 25 66
0.1 26 1256
0.1 27 128
0.1 28 1518
0.1 29 91
0.1 30 4262
0.1 31 106
0.1 32 1150
0.1 33 77
0.1 34 72
0.1 35 24
0.1 36 3316
0.1 37 144
0.1 38 73
0.1 39 690
0.1 40 15
0.1 41 101
0.1 42 858
0.1 43 1337
0.1 44 25
0.1 45 25
0.1 46 149
0.1 47 112
0.1 48 5365
0.1 49 103
0.1 50 1577
0.1 51 32
0.1 52 153
0.1 53 1374
0.1 54 10947
0.1 55 363
0.1 56 813
0.1 57 137
0.1 58 692
0.1 59 3276
0.1 60 17
0.1 61 25
0.1 62 179
0.1 63 56
0.1 64 90
0.1 65 12
0.1 66 90
0.1 67 2469
0.1 68 1902
0.1 69 43
0.1 70 1846
0.1 71 54
0.1 72 4176
0.1 73 33
0.1 74 272
0.1 75 18
0.1 76 1493
0.1 77 120
0.1 78 189
0.1 79 356
0.1 80 56
0.1 81 14
0.1 82 222
0.1 83 253
0.1 84 6561
0.1 85 10
0.1 86 20
0.1 87 208
0.1 88 13
0.1 89 64
0.1 90 100
0.1 91 81
0.1 92 17
0.1 93 168
0.1 94 1053
0.1 95 1866
0.1 96 62
0.1 97 90
0.1 98 54
0.1 99 84
[57, 98, 54, 746, 68, 23, 126, 1667, 92, 100, 45, 2155, 171, 94, 45, 226, 314, 705, 172, 641, 4843, 66, 113, 67, 75, 66, 1256, 128, 1518, 91, 4262, 106, 1150, 77, 72, 24, 3316, 144, 73, 690, 15, 101, 858, 1337, 25, 25, 149, 112, 5365, 103, 1577, 32, 153, 1374, 10947, 363, 813, 137, 692, 3276, 17, 25, 179, 56, 90, 12, 90, 2469, 1902, 43, 1846, 54, 4176, 33, 272, 18, 1493, 120, 189, 356, 56, 14, 222, 253, 6561, 10, 20, 208, 13, 64, 100, 81, 17, 168, 1053, 1866, 62, 90, 54, 84]
0.1 776.26
0.01 0 881
0.01 1 33
0.01 2 367
0.01 3 979
0.01 4 385
0.01 5 3222
0.01 6 5044
0.01 7 274
0.01 8 356
0.01 9 2588
0.01 10 1537
0.01 11 1957
0.01 12 1350
0.01 13 931
0.01 14 2584
0.01 15 4731
0.01 16 276
0.01 17 174
0.01 18 695
0.01 19 850
0.01 20 449
0.01 21 516
0.01 22 1117
0.01 23 175
0.01 24 6303
0.01 25 1301
0.01 26 822
0.01 27 970
0.01 28 1720
0.01 29 326
0.01 30 1631
0.01 31 5441
0.01 32 44
0.01 33 88
0.01 34 2282
0.01 35 511
0.01 36 219
0.01 37 1643
0.01 38 167
0.01 39 2417
0.01 40 1426
0.01 41 2087
0.01 42 1473
0.01 43 8429
0.01 44 487
0.01 45 525
0.01 46 1411
0.01 47 58
0.01 48 3132
0.01 49 453
0.01 50 929
0.01 51 1309
0.01 52 8512
0.01 53 178
0.01 54 459
0.01 55 1400
0.01 56 622
0.01 57 2468
0.01 58 933
0.01 59 40
0.01 60 955
0.01 61 403
0.01 62 657
0.01 63 5753
0.01 64 3029
0.01 65 366
0.01 66 406
0.01 67 753
0.01 68 378
0.01 69 659
0.01 70 7419
0.01 71 194
0.01 72 339
0.01 73 188
0.01 74 701
0.01 75 2862
0.01 76 2739
0.01 77 2204
0.01 78 597
0.01 79 2592
0.01 80 1201
0.01 81 588
0.01 82 1553
0.01 83 1242
0.01 84 823
0.01 85 956
0.01 86 80
0.01 87 1119
0.01 88 724
0.01 89 306
0.01 90 908
0.01 91 921
0.01 92 4760
0.01 93 343
0.01 94 50
0.01 95 370
0.01 96 120
0.01 97 126
0.01 98 217
0.01 99 49
[881, 33, 367, 979, 385, 3222, 5044, 274, 356, 2588, 1537, 1957, 1350, 931, 2584, 4731, 276, 174, 695, 850, 449, 516, 1117, 175, 6303, 1301, 822, 970, 1720, 326, 1631, 5441, 44, 88, 2282, 511, 219, 1643, 167, 2417, 1426, 2087, 1473, 8429, 487, 525, 1411, 58, 3132, 453, 929, 1309, 8512, 178, 459, 1400, 622, 2468, 933, 40, 955, 403, 657, 5753, 3029, 366, 406, 753, 378, 659, 7419, 194, 339, 188, 701, 2862, 2739, 2204, 597, 2592, 1201, 588, 1553, 1242, 823, 956, 80, 1119, 724, 306, 908, 921, 4760, 343, 50, 370, 120, 126, 217, 49]
0.01 1433.37
