loading Dict
0.5 0 90.35 7180.8555
0.5 1 97.952 9045.977696
0.5 2 73.408 5565.083536
0.5 3 54.679 2698.217959
0.5 4 99.007 81460.992951
0.5 5 912.185 3252788.03278
0.5 6 933.832 3020146.41578
0.5 7 858.466 3043590.44284
0.5 8 795.442 2694355.36664
0.5 9 1116.554 4709312.35708
0.5 10 1223.517 5769457.69571
0.5 11 1139.077 4655019.12107
0.5 12 1245.687 6346899.05703
0.5 13 1459.382 8595029.76008
0.5 14 1562.057 8731310.07975
0.5 15 1514.176 9501993.56902
0.5 16 1780.083 12144205.8281
0.5 17 1774.209 13350321.9973
0.5 18 1952.817 15053352.3995
0.5 19 1977.332 14979668.3558
0.5 20 2200.993 20000132.965
0.5 21 2233.219 23555136.729
0.5 22 2422.764 24625112.5843
0.5 23 2290.942 20909004.3446
0.5 24 2619.703 29901369.6408
0.5 25 2545.363 29129528.8912
0.5 26 2469.879 24869057.1984
0.5 27 2974.738 34702096.6214
0.5 28 2791.167 31677736.1451
0.5 29 2969.01 36810068.9799
0.25 0 199.186 38908.529404
0.25 1 198.19 36658.6299
0.25 2 143.594 20191.705164
0.25 3 99.81 9017.5159
0.25 4 125.427 64785.768671
0.25 5 996.957 3958332.28715
0.25 6 855.034 2530930.70084
0.25 7 773.882 2445044.92608
0.25 8 965.407 3188460.66935
0.25 9 1099.099 3996258.2332
0.25 10 998.264 4067795.9323
0.25 11 1256.174 6534550.98772
0.25 12 1387.988 7135752.68386
0.25 13 1430.082 7429713.40928
0.25 14 1533.997 9059539.52899
0.25 15 1822.105 13306246.284
0.25 16 1751.933 11901403.3165
0.25 17 1969.956 13532280.0541
0.25 18 2186.585 18324185.2488
0.25 19 2015.077 16331267.4431
0.25 20 2149.25 16277814.3295
0.25 21 2278.037 21754091.8456
0.25 22 2288.005 20121424.983
0.25 23 2245.324 19824412.331
0.25 24 2658.334 26227586.9724
0.25 25 2670.833 26445553.1271
0.25 26 2829.406 28020350.8772
0.25 27 2703.174 32266327.9697
0.25 28 3138.828 46754636.7824
0.25 29 3192.078 36873001.4619
0.1 0 481.423 222520.866071
0.1 1 469.866 228996.560044
0.1 2 371.579 144879.503759
0.1 3 238.781 60249.619039
0.1 4 209.395 53675.848975
0.1 5 1096.434 4200111.80364
0.1 6 833.693 2590978.50275
0.1 7 994.223 3021950.84927
0.1 8 983.634 3983042.72804
0.1 9 1011.418 3408097.01728
0.1 10 1128.056 4575643.13486
0.1 11 1176.923 5248397.33907
0.1 12 1467.433 7562812.06951
0.1 13 1415.954 7412594.98388
0.1 14 1587.457 10373081.3462
0.1 15 1719.576 10654962.9362
0.1 16 1764.992 10706772.5599
0.1 17 1768.058 11782464.6366
0.1 18 2008.43 15725972.4011
0.1 19 2167.392 19216481.5203
0.1 20 2236.451 19147438.6656
0.1 21 2410.461 21851243.4985
0.1 22 2664.382 26319142.5101
0.1 23 2739.866 29680226.638
0.1 24 2611.375 25461305.0804
0.1 25 2414.777 20392789.8133
0.1 26 2582.054 24697072.3611
0.1 27 3027.629 32194069.3214
0.1 28 3002.424 38697018.1162
0.1 29 3592.738 41161784.2394
0.01 0 4776.909 23132987.8947
0.01 1 4779.539 23861068.5005
0.01 2 3477.932 11270838.3674
0.01 3 2495.486 6630576.1878
0.01 4 1590.649 2440746.2818
0.01 5 1895.847 4757138.26759
0.01 6 1439.473 3091500.92327
0.01 7 1412.007 3461377.35095
0.01 8 1320.058 3651603.68264
0.01 9 1386.971 4450077.81016
0.01 10 1386.169 4452191.06444
0.01 11 1552.388 6418218.49346
0.01 12 1762.203 7303884.79579
0.01 13 1710.35 7719829.4635
0.01 14 1901.361 8938521.91668
0.01 15 2022.635 10056395.7478
0.01 16 2297.174 14160991.3037
0.01 17 2382.99 15172107.1739
0.01 18 2457.565 15850114.2878
0.01 19 2336.044 13993728.7601
0.01 20 2731.255 21293464.97
0.01 21 2736.972 19376657.4712
0.01 22 2664.597 19871955.3346
0.01 23 3212.159 29832599.9857
0.01 24 3400.812 24761815.2687
0.01 25 3402.532 34544441.179
0.01 26 3161.173 25604897.0191
0.01 27 3303.06 28723551.5024
0.01 28 3592.646 31461184.7947
0.01 29 4037.378 38177163.9071
