0.5 0 98.844 8482.921664
0.5 1 99.932 9284.673376
0.5 2 75.243 5533.589951
0.5 3 47.577 2262.062071
0.5 4 68.057 34222.315751
0.5 5 785.092 2499248.25354
0.5 6 537.626 1334842.14412
0.5 7 430.183 776330.457511
0.5 8 554.591 1132813.73572
0.5 9 474.898 882735.207596
0.5 10 554.665 1331923.08078
0.5 11 594.831 1316762.71044
0.5 12 654.459 1561854.43032
0.5 13 787.277 2837482.84827
0.5 14 750.079 2349198.66676
0.5 15 776.878 2545886.80312
0.5 16 885.023 3144473.61847
0.5 17 909.165 3272160.72177
0.5 18 978.754 3906088.33948
0.5 19 876.78 2992083.5316
0.5 20 1119.894 4641685.18476
0.5 21 1204.651 6038096.6212
0.5 22 1126.626 5428834.70012
0.5 23 1176.965 5423893.53177
0.5 24 1226.017 5632046.98271
0.5 25 1269.642 5802576.63184
0.5 26 1325.233 7025493.15471
0.5 27 1498.541 9242821.09632
0.5 28 1599.118 10524492.5601
0.5 29 1379.374 8076817.10812
0.25 0 185.313 33430.477031
0.25 1 194.984 36892.707744
0.25 2 154.354 23705.176684
0.25 3 98.016 10222.499744
0.25 4 108.933 51457.968511
0.25 5 750.474 2995323.21932
0.25 6 643.949 1327326.5344
0.25 7 483.861 822094.379679
0.25 8 488.135 986909.124775
0.25 9 530.281 1239416.01204
0.25 10 518.99 1136550.8399
0.25 11 695.751 2022909.443
0.25 12 658.955 1776856.52498
0.25 13 777.336 2543086.1151
0.25 14 765.714 2481213.5862
0.25 15 881.144 3270637.53726
0.25 16 921.906 3348650.86116
0.25 17 857.087 3191759.03743
0.25 18 1070.487 4325874.20983
0.25 19 1005.97 4435798.5151
0.25 20 1093.784 5015159.92734
0.25 21 1164.27 4891455.5711
0.25 22 1148.199 5306292.1574
0.25 23 1276.783 7032536.12591
0.25 24 1434.086 7091962.2666
0.25 25 1287.693 6484818.06875
0.25 26 1496.244 8763369.67846
0.25 27 1439.349 7673970.0292
0.25 28 1420.439 7316005.77028
0.25 29 1512.442 9214227.88264
0.1 0 490.038 266504.908556
0.1 1 479.021 211949.206559
0.1 2 367.091 133084.242719
0.1 3 251.032 64439.992976
0.1 4 189.865 49690.528775
0.1 5 886.426 2636229.38452
0.1 6 563.327 990641.880071
0.1 7 497.449 814068.733399
0.1 8 460.417 677141.253111
0.1 9 451.693 781785.032751
0.1 10 614.974 1343971.52332
0.1 11 630.161 1534554.94308
0.1 12 681.055 1756431.74597
0.1 13 794.004 2088274.60798
0.1 14 686.956 1874027.94206
0.1 15 756.921 2314522.37476
0.1 16 902.578 3453834.55992
0.1 17 883.406 3106618.13916
0.1 18 897.544 3113541.56806
0.1 19 1060.752 4190474.2725
0.1 20 1097.293 4410917.72915
0.1 21 1234.146 5107614.25868
0.1 22 1196.543 5372093.77215
0.1 23 1131.287 4665688.46663
0.1 24 1341.718 6884392.98848
0.1 25 1304.578 6238514.90792
0.1 26 1614.319 8907400.01524
0.1 27 1657.244 9560678.24246
0.1 28 1644.467 10318531.5029
0.1 29 1557.555 9393998.97498
0.01 0 4901.262 23416802.3934
0.01 1 4795.281 22403999.35
0.01 2 3598.846 14577196.4343
0.01 3 2437.314 5782985.2214
0.01 4 1559.351 2301357.0558
0.01 5 1807.837 3967210.86443
0.01 6 1126.748 1711505.9085
0.01 7 918.12 1075766.1036
0.01 8 782.615 1001510.61478
0.01 9 796.888 1329946.85746
0.01 10 793.271 1378852.45556
0.01 11 875.596 1761890.93078
0.01 12 893.499 2059198.788
0.01 13 902.461 2133489.79648
0.01 14 892.273 1990866.67047
0.01 15 1092.705 3269697.13998
0.01 16 1067.332 2659491.41978
0.01 17 1129.192 3412563.47714
0.01 18 1109.648 3280191.7061
0.01 19 1335.162 4661768.62776
0.01 20 1253.608 4004764.35834
0.01 21 1543.889 6025212.07068
0.01 22 1444.275 4786475.20338
0.01 23 1587.928 6136848.53882
0.01 24 1554.755 5942450.20297
0.01 25 1632.122 7410485.22712
0.01 26 1797.99 7984904.0219
0.01 27 1730.479 7340992.97156
0.01 28 1789.888 7829193.72146
0.01 29 1846.896 8939099.34518
