1 37.4253273816
2 18.5611833646
3 18.5611833646
4 18.5611833646
5 18.5611833646
6 18.5611833646
7 18.5611833646
8 18.5611833646
9 18.5611833646
10 18.5611833646
11 11.0949103325
12 4.15601584641
13 4.15601584641
14 4.04633067315
15 4.04633067315
16 4.04633067315
17 4.04633067315
18 4.04633067315
19 4.04633067315
20 4.04633067315
21 4.04633067315
22 4.04633067315
23 4.04633067315
24 4.04633067315
25 4.04633067315
26 4.04633067315
27 4.04633067315
28 4.04633067315
29 4.04633067315
30 4.04633067315
31 4.04633067315
32 4.04633067315
33 4.04633067315
34 4.04633067315
35 4.04633067315
36 4.04633067315
37 4.04633067315
38 4.04633067315
39 4.04633067315
40 4.04633067315
41 4.04633067315
42 4.04633067315
43 4.04633067315
44 4.04633067315
45 4.04633067315
46 4.04633067315
47 4.04633067315
48 4.04633067315
49 4.04633067315
50 4.04633067315
51 4.04633067315
52 4.04633067315
53 4.82090219436
54 4.82090219436
55 4.82090219436
56 4.82090219436
57 4.37372031715
58 4.37372031715
59 4.37372031715
60 4.37372031715
61 4.37372031715
62 4.37372031715
63 4.37372031715
64 4.37372031715
65 4.37372031715
66 4.37372031715
67 4.37372031715
68 4.37372031715
69 4.37372031715
70 4.37372031715
71 4.37372031715
72 4.37372031715
73 4.37372031715
74 4.37372031715
75 4.37372031715
76 4.37372031715
77 4.37372031715
78 4.37372031715
79 4.37372031715
80 4.37372031715
81 4.37372031715
82 4.37372031715
83 4.37372031715
84 4.37372031715
85 4.37372031715
86 4.37372031715
87 4.37372031715
88 4.37372031715
89 4.37372031715
90 4.37372031715
91 4.37372031715
92 4.37372031715
93 4.37372031715
94 4.37372031715
95 4.37372031715
96 4.37372031715
97 4.37372031715
98 4.37372031715
99 4.37372031715
100 4.37372031715
101 4.37372031715
102 4.37372031715
103 4.37372031715
104 4.37372031715
105 4.37372031715
106 4.37372031715
107 4.25122029707
108 4.25122029707
109 4.25122029707
110 4.25122029707
111 4.25122029707
112 4.25122029707
113 4.25122029707
114 4.25122029707
115 4.25122029707
116 4.25122029707
117 4.25122029707
118 4.25122029707
119 4.25122029707
120 4.25122029707
121 4.25122029707
122 4.25122029707
123 4.25122029707
124 4.25122029707
125 4.25122029707
126 4.25122029707
127 4.25122029707
128 4.25122029707
129 4.25122029707
130 4.59568555001
131 4.59568555001
132 4.59568555001
133 4.59568555001
134 4.59568555001
135 4.59568555001
136 4.59568555001
137 4.59568555001
138 4.59568555001
139 4.59568555001
140 4.59568555001
141 4.59568555001
142 4.59568555001
143 4.59568555001
144 4.59568555001
145 4.59568555001
146 4.59568555001
147 4.59568555001
148 4.59568555001
149 4.59568555001
150 4.59568555001
151 4.59568555001
152 4.59568555001
153 4.59568555001
154 4.59568555001
155 4.59568555001
156 4.59568555001
157 4.59568555001
158 4.59568555001
159 4.59568555001
160 4.59568555001
161 4.59568555001
162 4.59568555001
163 4.59568555001
164 4.59568555001
165 4.59568555001
166 4.59568555001
167 4.59568555001
168 4.59568555001
169 4.59568555001
170 4.59568555001
171 4.59568555001
172 4.59568555001
173 4.59568555001
174 4.59568555001
175 4.59568555001
176 4.59568555001
177 4.59568555001
178 4.59568555001
179 4.59568555001
180 4.59568555001
181 4.59568555001
182 4.59568555001
183 4.59568555001
184 4.59568555001
185 4.59568555001
186 4.59568555001
187 4.59568555001
188 4.59568555001
189 4.59568555001
190 4.59568555001
191 4.59568555001
192 4.59568555001
193 4.59568555001
194 4.59568555001
195 4.59568555001
196 4.59568555001
197 4.59568555001
198 4.59568555001
199 4.59568555001
200 4.59568555001
201 4.59568555001
202 4.59568555001
203 4.59568555001
204 4.59568555001
205 4.59568555001
206 4.59568555001
207 4.59568555001
208 4.59568555001
209 4.59568555001
210 4.59568555001
211 4.59568555001
212 4.59568555001
213 4.59568555001
214 4.59568555001
215 4.59568555001
216 4.59568555001
217 4.59568555001
218 4.59568555001
219 4.59568555001
220 4.59568555001
221 4.59568555001
222 4.59568555001
223 4.59568555001
224 4.59568555001
225 4.59568555001
226 4.59568555001
227 4.59568555001
228 4.59568555001
229 4.59568555001
230 4.59568555001
231 4.59568555001
232 4.59568555001
233 4.59568555001
234 4.59568555001
235 4.59568555001
236 4.59568555001
237 4.59568555001
238 4.59568555001
239 4.59568555001
240 4.59568555001
241 4.59568555001
242 4.59568555001
243 4.59568555001
244 4.59568555001
245 4.59568555001
246 4.59568555001
247 4.59568555001
248 4.59568555001
249 4.59568555001
250 4.59568555001
251 4.59568555001
252 4.59568555001
253 4.59568555001
254 4.59568555001
255 4.59568555001
256 4.59568555001
257 4.59568555001
258 4.59568555001
259 4.59568555001
260 4.59568555001
261 4.59568555001
262 4.59568555001
263 4.59568555001
264 4.59568555001
265 4.59568555001
266 4.59568555001
267 4.59568555001
268 4.59568555001
269 4.59568555001
270 4.59568555001
271 4.59568555001
272 4.59568555001
273 4.59568555001
274 4.59568555001
275 4.59568555001
276 4.59568555001
277 4.59568555001
278 4.59568555001
279 4.9983164249
280 4.9983164249
281 4.9983164249
282 4.9983164249
283 4.9983164249
284 4.9983164249
285 4.9983164249
286 4.9983164249
287 4.9983164249
288 4.9983164249
289 4.9983164249
290 4.9983164249
291 4.9983164249
292 4.9983164249
293 4.9983164249
294 4.9983164249
295 4.9983164249
296 4.9983164249
297 4.9983164249
298 4.9983164249
299 4.9983164249
300 4.9983164249
301 4.9983164249
302 4.9983164249
303 4.9983164249
304 4.9983164249
305 4.9983164249
306 4.9983164249
307 4.9983164249
308 4.9983164249
309 4.9983164249
310 4.9983164249
311 4.9983164249
312 4.9983164249
313 4.9983164249
314 4.9983164249
315 4.9983164249
316 4.9983164249
317 4.9983164249
318 4.9983164249
319 4.9983164249
320 4.9983164249
321 4.9983164249
322 4.9983164249
323 4.9983164249
324 4.9983164249
325 4.9983164249
326 4.9983164249
327 4.9983164249
328 4.9983164249
329 4.9983164249
330 4.9983164249
331 4.9983164249
332 4.9983164249
333 4.9983164249
334 4.9983164249
335 4.9983164249
336 4.9983164249
337 4.9983164249
338 4.9983164249
339 4.9983164249
340 4.9983164249
341 4.9983164249
342 4.9983164249
343 4.9983164249
344 4.9983164249
345 4.9983164249
346 4.9983164249
347 4.9983164249
348 4.9983164249
349 4.9983164249
350 4.9983164249
351 4.9983164249
352 4.9983164249
353 4.9983164249
354 4.9983164249
355 4.9983164249
356 4.9983164249
357 4.9983164249
358 4.9983164249
359 4.9983164249
360 4.9983164249
361 4.9983164249
362 4.9983164249
363 4.9983164249
364 4.9983164249
365 4.9983164249
366 4.9983164249
367 4.9983164249
368 4.9983164249
369 4.9983164249
370 4.9983164249
371 4.9983164249
372 4.9983164249
373 4.9983164249
374 4.9983164249
375 4.9983164249
376 4.9983164249
377 4.9983164249
378 4.9983164249
379 4.9983164249
380 4.9983164249
381 4.9983164249
382 4.9983164249
383 4.9983164249
384 4.9983164249
385 4.9983164249
386 4.9983164249
387 4.9983164249
388 4.9983164249
389 4.9983164249
390 4.9983164249
391 4.9983164249
392 4.9983164249
393 4.9983164249
394 4.9983164249
395 4.9983164249
396 4.9983164249
397 4.9983164249
398 4.9983164249
399 4.9983164249
400 4.9983164249
401 4.9983164249
402 4.9983164249
403 4.9983164249
404 4.9983164249
405 4.9983164249
406 4.9983164249
407 4.9983164249
408 4.9983164249
409 4.9983164249
410 4.9983164249
411 4.9983164249
412 3.82432181342
413 3.82432181342
414 3.82432181342
415 3.82432181342
416 3.82432181342
417 3.82432181342
418 3.82432181342
419 3.82432181342
420 3.82432181342
421 3.82432181342
422 3.82432181342
423 3.82432181342
424 3.82432181342
425 3.82432181342
426 3.82432181342
427 3.82432181342
428 3.82432181342
429 3.82432181342
430 3.82432181342
431 3.82432181342
432 3.82432181342
433 3.82432181342
434 3.82432181342
435 3.82432181342
436 3.82432181342
437 3.82432181342
438 3.82432181342
439 3.82432181342
440 3.82432181342
441 3.82432181342
442 3.82432181342
443 3.82432181342
444 3.82432181342
445 3.82432181342
446 3.82432181342
447 3.82432181342
448 3.82432181342
449 3.82432181342
450 3.82432181342
451 3.82432181342
452 3.82432181342
453 3.82432181342
454 3.82432181342
455 3.82432181342
456 3.82432181342
457 3.82432181342
458 3.82432181342
459 3.82432181342
460 3.82432181342
461 3.82432181342
462 3.82432181342
463 3.82432181342
464 3.82432181342
465 3.82432181342
466 3.82432181342
467 3.82432181342
468 3.82432181342
469 3.82432181342
470 3.82432181342
471 3.82432181342
472 3.82432181342
473 3.82432181342
474 3.82432181342
475 3.82432181342
476 3.82432181342
477 3.82432181342
478 3.82432181342
479 3.82432181342
480 3.82432181342
481 3.82432181342
482 3.82432181342
483 3.82432181342
484 3.82432181342
485 3.82432181342
486 3.82432181342
487 3.82432181342
488 3.82432181342
489 3.82432181342
490 3.82432181342
491 3.82432181342
492 3.82432181342
493 3.82432181342
494 3.82432181342
495 3.82432181342
496 3.82432181342
497 3.82432181342
498 3.82432181342
499 3.82432181342
500 3.82432181342
501 3.82432181342
502 3.82432181342
503 3.82432181342
504 3.82432181342
505 3.82432181342
506 3.82432181342
507 3.82432181342
508 3.82432181342
509 3.82432181342
510 3.82432181342
511 3.82432181342
512 3.82432181342
513 3.82432181342
514 3.82432181342
515 3.82432181342
516 3.82432181342
517 3.82432181342
518 3.82432181342
519 3.82432181342
520 3.82432181342
521 3.82432181342
522 3.82432181342
523 3.82432181342
524 3.82432181342
525 3.82432181342
526 3.82432181342
527 3.82432181342
528 3.82432181342
529 3.82432181342
530 3.82432181342
531 3.82432181342
532 3.82432181342
533 3.82432181342
534 3.82432181342
535 3.82432181342
536 3.82432181342
537 3.82432181342
538 3.82432181342
539 3.82432181342
540 3.82432181342
541 3.82432181342
542 3.82432181342
543 3.82432181342
544 3.82432181342
545 3.82432181342
546 3.82432181342
547 3.82432181342
548 3.82432181342
549 3.82432181342
550 3.82432181342
551 3.82432181342
552 3.82432181342
553 3.82432181342
554 3.82432181342
555 3.82432181342
556 3.82432181342
557 3.82432181342
558 3.82432181342
559 3.82432181342
560 3.82432181342
561 3.82432181342
562 3.82432181342
563 3.82432181342
564 3.82432181342
565 3.82432181342
566 3.82432181342
567 3.82432181342
568 3.82432181342
569 3.82432181342
570 3.82432181342
571 3.82432181342
572 3.82432181342
573 3.82432181342
574 3.82432181342
575 3.82432181342
576 3.82432181342
577 3.82432181342
578 3.82432181342
579 3.82432181342
580 3.82432181342
581 3.82432181342
582 3.82432181342
583 3.82432181342
584 3.82432181342
585 3.82432181342
586 3.82432181342
587 3.82432181342
588 3.82432181342
589 3.82432181342
590 3.82432181342
591 3.82432181342
592 3.82432181342
593 3.82432181342
594 3.82432181342
595 3.82432181342
596 3.82432181342
597 3.82432181342
598 3.82432181342
599 3.82432181342
600 3.82432181342
601 3.82432181342
602 3.82432181342
603 3.82432181342
604 3.82432181342
605 3.82432181342
606 3.82432181342
607 3.82432181342
608 3.82432181342
609 3.82432181342
610 3.82432181342
611 3.82432181342
612 3.82432181342
613 3.82432181342
614 3.82432181342
615 3.82432181342
616 3.82432181342
617 3.82432181342
618 3.82432181342
619 3.82432181342
620 3.82432181342
621 3.82432181342
622 3.82432181342
623 3.82432181342
624 3.82432181342
625 3.82432181342
626 3.82432181342
627 3.82432181342
628 3.82432181342
629 3.82432181342
630 3.82432181342
631 3.82432181342
632 3.82432181342
633 3.82432181342
634 3.82432181342
635 3.82432181342
636 3.82432181342
637 3.82432181342
638 3.82432181342
639 3.82432181342
640 3.82432181342
641 3.82432181342
642 3.82432181342
643 3.82432181342
644 3.82432181342
645 3.82432181342
646 3.82432181342
647 3.82432181342
648 3.82432181342
649 3.82432181342
650 3.82432181342
651 3.82432181342
652 3.82432181342
653 3.82432181342
654 3.82432181342
655 3.82432181342
656 3.82432181342
657 3.82432181342
658 3.82432181342
659 3.82432181342
660 3.82432181342
661 3.82432181342
662 3.82432181342
663 3.82432181342
664 3.82432181342
665 3.82432181342
666 3.82432181342
667 3.82432181342
668 3.82432181342
669 3.82432181342
670 3.82432181342
671 3.82432181342
672 3.82432181342
673 3.82432181342
674 3.82432181342
675 3.82432181342
676 3.82432181342
677 3.82432181342
678 3.82432181342
679 3.82432181342
680 3.82432181342
681 3.82432181342
682 3.82432181342
683 3.82432181342
684 3.82432181342
685 3.82432181342
686 3.82432181342
687 3.82432181342
688 3.82432181342
689 3.82432181342
690 3.82432181342
691 3.82432181342
692 3.82432181342
693 3.82432181342
694 3.82432181342
695 3.82432181342
696 3.82432181342
697 3.82432181342
698 3.82432181342
699 3.82432181342
700 3.82432181342
701 3.82432181342
702 3.82432181342
703 3.82432181342
704 3.82432181342
705 3.82432181342
706 5.50150234019
707 5.50150234019
708 5.50150234019
709 5.50150234019
710 4.3123199176
711 4.3123199176
712 4.3123199176
713 4.3123199176
714 4.3123199176
715 4.3123199176
716 4.3123199176
717 4.3123199176
718 4.3123199176
719 4.3123199176
720 4.3123199176
721 4.3123199176
722 4.3123199176
723 4.3123199176
724 4.02546513919
725 4.02546513919
726 4.02546513919
727 4.02546513919
728 4.02546513919
729 4.02546513919
730 4.02546513919
731 4.02546513919
732 4.02546513919
733 4.02546513919
734 4.02546513919
735 4.02546513919
736 4.02546513919
737 4.02546513919
738 4.02546513919
739 4.02546513919
740 4.02546513919
741 4.02546513919
742 4.02546513919
743 4.02546513919
744 4.02546513919
745 4.02546513919
746 4.02546513919
747 4.02546513919
748 4.02546513919
749 4.02546513919
750 4.02546513919
751 4.02546513919
752 4.02546513919
753 4.02546513919
754 4.02546513919
755 4.02546513919
756 4.02546513919
757 4.02546513919
758 4.02546513919
759 4.02546513919
760 4.02546513919
761 4.02546513919
762 4.02546513919
763 4.02546513919
764 4.02546513919
765 4.02546513919
766 4.02546513919
767 4.02546513919
768 4.02546513919
769 4.02546513919
770 4.02546513919
771 4.02546513919
772 4.02546513919
773 4.02546513919
774 4.02546513919
775 4.02546513919
776 4.02546513919
777 4.02546513919
778 4.02546513919
779 4.02546513919
780 4.02546513919
781 4.02546513919
782 4.02546513919
783 4.02546513919
784 4.02546513919
785 4.02546513919
786 4.02546513919
787 4.02546513919
788 4.02546513919
789 4.02546513919
790 4.02546513919
791 4.02546513919
792 4.02546513919
793 4.02546513919
794 4.02546513919
795 4.02546513919
796 4.02546513919
797 4.02546513919
798 4.02546513919
799 4.02546513919
800 4.02546513919
801 4.02546513919
802 4.02546513919
803 4.02546513919
804 4.02546513919
805 4.02546513919
806 4.02546513919
807 4.02546513919
808 4.02546513919
809 4.02546513919
810 4.02546513919
811 4.02546513919
812 4.02546513919
813 4.02546513919
814 4.02546513919
815 4.02546513919
816 4.02546513919
817 4.02546513919
818 4.02546513919
819 4.02546513919
820 4.02546513919
821 4.02546513919
822 4.02546513919
823 4.02546513919
824 4.02546513919
825 4.02546513919
826 4.02546513919
827 4.02546513919
828 4.02546513919
829 4.02546513919
830 4.02546513919
831 4.02546513919
832 4.02546513919
833 4.02546513919
834 4.02546513919
835 4.02546513919
836 4.02546513919
837 4.02546513919
838 4.02546513919
839 4.02546513919
840 4.02546513919
841 4.02546513919
842 4.02546513919
843 4.02546513919
844 4.02546513919
845 4.02546513919
846 4.02546513919
847 4.02546513919
848 4.02546513919
849 4.02546513919
850 4.02546513919
851 4.02546513919
852 4.02546513919
853 4.02546513919
854 4.02546513919
855 4.02546513919
856 4.02546513919
857 4.02546513919
858 4.02546513919
859 4.02546513919
860 4.02546513919
861 4.02546513919
862 4.02546513919
863 4.02546513919
864 4.02546513919
865 4.02546513919
866 4.02546513919
867 4.02546513919
868 4.02546513919
869 4.02546513919
870 4.02546513919
871 4.02546513919
872 4.02546513919
873 4.02546513919
874 4.02546513919
875 4.02546513919
876 4.02546513919
877 4.02546513919
878 4.02546513919
879 4.02546513919
880 4.02546513919
881 4.02546513919
882 3.74909940688
883 3.74909940688
884 4.11879555089
885 4.11879555089
886 4.11879555089
887 4.11879555089
888 4.11879555089
889 4.11879555089
890 4.11879555089
891 4.11879555089
892 4.11879555089
893 4.11879555089
894 4.11879555089
895 4.11879555089
896 4.11879555089
897 4.11879555089
898 4.11879555089
899 4.11879555089
900 4.11879555089
901 4.11879555089
902 4.11879555089
903 4.11879555089
904 4.11879555089
905 4.11879555089
906 4.11879555089
907 4.11879555089
908 4.11879555089
909 4.11879555089
910 4.11879555089
911 4.11879555089
912 4.11879555089
913 4.11879555089
914 4.11879555089
915 4.11879555089
916 4.11879555089
917 4.11879555089
918 4.11879555089
919 4.11879555089
920 4.11879555089
921 4.11879555089
922 4.11879555089
923 4.11879555089
924 4.11879555089
925 4.11879555089
926 4.11879555089
927 4.11879555089
928 4.11879555089
929 4.11879555089
930 4.11879555089
931 4.11879555089
932 4.11879555089
933 4.11879555089
934 4.11879555089
935 4.11879555089
936 4.11879555089
937 4.11879555089
938 4.11879555089
939 4.11879555089
940 4.11879555089
941 4.11879555089
942 4.11879555089
943 4.11879555089
944 4.11879555089
945 4.11879555089
946 4.11879555089
947 4.11879555089
948 4.11879555089
949 4.11879555089
950 4.11879555089
951 4.11879555089
952 4.11879555089
953 4.11879555089
954 4.11879555089
955 4.11879555089
956 4.11879555089
957 4.11879555089
958 4.11879555089
959 4.11879555089
960 4.11879555089
961 4.11879555089
962 4.11879555089
963 4.11879555089
964 4.11879555089
965 4.11879555089
966 4.11879555089
967 4.11879555089
968 4.11879555089
969 4.11879555089
970 4.11879555089
971 4.11879555089
972 4.11879555089
973 4.11879555089
974 4.11879555089
975 4.11879555089
976 4.11879555089
977 4.11879555089
978 4.11879555089
979 4.11879555089
980 4.11879555089
981 4.11879555089
982 4.11879555089
983 4.11879555089
984 4.11879555089
985 4.11879555089
986 5.61785060586
987 5.61785060586
988 5.61785060586
989 5.61785060586
990 5.61785060586
991 5.61785060586
992 5.61785060586
993 5.61785060586
994 5.61785060586
995 5.61785060586
996 5.61785060586
997 5.61785060586
998 5.61785060586
999 5.61785060586
1000 5.61785060586