(100.0, 0, 0, 0, 0, 4.8967284813523291, 32.784116983413696)
(99.9999, 0, 0, 0, 0.0001, 4.0662678845616194, 27.00121808052063)
(99.999, 0, 0, 0, 0.001, 4.2385374114004977, 29.20952606201172)
(99.99, 0, 0, 0, 0.01, 4.592381234990679, 29.611216068267822)
(99.9, 0, 0, 0, 0.1, 4.7734791432792143, 29.482120990753174)
(99.0, 0, 0, 0, 1, 4.5911993550730408, 30.540980100631714)
(90.0, 0, 0, 0, 10, 4.6773948003677654, 32.932385206222534)
(99.9998, 0, 0, 0.0001, 0.0001, 4.8123187825639517, 28.14209794998169)
(99.9989, 0, 0, 0.0001, 0.001, 5.6445059199305208, 28.38450288772583)
(99.9899, 0, 0, 0.0001, 0.01, 7.2301839945555519, 28.289706230163574)
(99.8999, 0, 0, 0.0001, 0.1, 5.7730104027977296, 27.88737988471985)
(98.9999, 0, 0, 0.0001, 1, 6.2744132719049981, 29.25311803817749)
(89.9999, 0, 0, 0.0001, 10, 5.3347518338702296, 30.37705898284912)
(99.998, 0, 0, 0.001, 0.001, 4.9055887475401372, 28.166747093200684)
(99.989, 0, 0, 0.001, 0.01, 5.1519622548088595, 29.095314025878906)
(99.899, 0, 0, 0.001, 0.1, 4.598451867964199, 29.34580898284912)
(98.999, 0, 0, 0.001, 1, 4.9860559682447692, 29.509207010269165)
(89.999, 0, 0, 0.001, 10, 5.7887961962293053, 30.46915912628174)
(99.98, 0, 0, 0.01, 0.01, 6.0901059173012344, 29.577679872512817)
(99.89, 0, 0, 0.01, 0.1, 4.5652542887123797, 30.173676013946533)
(98.99, 0, 0, 0.01, 1, 6.2488888460033403, 31.38789701461792)
(89.99, 0, 0, 0.01, 10, 4.5950853980346436, 34.65547299385071)
(99.8, 0, 0, 0.1, 0.1, 5.0291232407480075, 33.033365964889526)
(98.9, 0, 0, 0.1, 1, 5.310620200996957, 34.086803913116455)
(89.9, 0, 0, 0.1, 10, 5.1787394037441992, 35.014199018478394)
(98.0, 0, 0, 1, 1, 5.1919667859822516, 34.778944969177246)
(89.0, 0, 0, 1, 10, 6.1310316750002096, 35.972065925598145)
(80.0, 0, 0, 10, 10, 5.0432490277267057, 35.35585904121399)
(99.9997, 0, 0.0001, 0.0001, 0.0001, 4.5344010839535116, 28.593919038772583)
(99.9988, 0, 0.0001, 0.0001, 0.001, 5.119335367130101, 29.637598037719727)
(99.9898, 0, 0.0001, 0.0001, 0.01, 5.7731121729536543, 28.650182008743286)
(99.8998, 0, 0.0001, 0.0001, 0.1, 4.9016706022075356, 28.7951819896698)
(98.9998, 0, 0.0001, 0.0001, 1, 6.2716723308293947, 29.875411987304688)
(89.9998, 0, 0.0001, 0.0001, 10, 6.0076731824746572, 30.573462963104248)
(99.9979, 0, 0.0001, 0.001, 0.001, 5.0476518437874587, 29.249916076660156)
(99.9889, 0, 0.0001, 0.001, 0.01, 4.3850236725112666, 28.898715019226074)
(99.8989, 0, 0.0001, 0.001, 0.1, 5.770395211916366, 28.707315921783447)
(98.9989, 0, 0.0001, 0.001, 1, 5.0436254179478128, 29.86558198928833)
(89.9989, 0, 0.0001, 0.001, 10, 4.992570074918607, 31.828097105026245)
(99.9799, 0, 0.0001, 0.01, 0.01, 3.7929579707227581, 30.089380979537964)
(99.8899, 0, 0.0001, 0.01, 0.1, 4.8281820289663688, 30.51373791694641)
(98.9899, 0, 0.0001, 0.01, 1, 4.2026120752113254, 29.876768112182617)
(89.9899, 0, 0.0001, 0.01, 10, 6.3928310451814818, 30.668420791625977)
(99.7999, 0, 0.0001, 0.1, 0.1, 4.8372789196073169, 29.84061884880066)
(98.8999, 0, 0.0001, 0.1, 1, 5.7296339419959743, 29.421486854553223)
(89.8999, 0, 0.0001, 0.1, 10, 6.1544559053536743, 30.719313859939575)
(97.9999, 0, 0.0001, 1, 1, 5.1381938959852143, 29.649446964263916)
(88.9999, 0, 0.0001, 1, 10, 4.7925098308104319, 30.805321216583252)
(79.9999, 0, 0.0001, 10, 10, 5.3643226266597948, 33.01842188835144)
(99.997, 0, 0.001, 0.001, 0.001, 7.2215440833784248, 28.65663504600525)
(99.988, 0, 0.001, 0.001, 0.01, 6.6231421757880273, 28.247087955474854)
(99.898, 0, 0.001, 0.001, 0.1, 6.030119849026808, 28.395741939544678)
(98.998, 0, 0.001, 0.001, 1, 5.464408334811071, 31.372059106826782)
(89.998, 0, 0.001, 0.001, 10, 6.2455185276102245, 33.11654281616211)
(99.979, 0, 0.001, 0.01, 0.01, 6.0164364333966054, 29.732521057128906)
(99.889, 0, 0.001, 0.01, 0.1, 7.5850994312179818, 30.02698802947998)
(98.989, 0, 0.001, 0.01, 1, 4.1525688843248876, 30.98265790939331)
(89.989, 0, 0.001, 0.01, 10, 4.3619971021754536, 27.840905904769897)
(99.799, 0, 0.001, 0.1, 0.1, 6.4174012263925704, 27.122172117233276)
(98.899, 0, 0.001, 0.1, 1, 5.801075938479153, 26.57322096824646)
(89.899, 0, 0.001, 0.1, 10, 4.8544365933855245, 28.640599012374878)
(97.999, 0, 0.001, 1, 1, 5.2292985109718346, 28.156760931015015)
(88.999, 0, 0.001, 1, 10, 5.5381765546687278, 29.34494113922119)
(79.999, 0, 0.001, 10, 10, 5.3389128734194937, 29.827949047088623)
(99.97, 0, 0.01, 0.01, 0.01, 5.155523266897899, 26.763233184814453)
(99.88, 0, 0.01, 0.01, 0.1, 5.3007800610446472, 27.266063928604126)
(98.98, 0, 0.01, 0.01, 1, 4.6865423944246265, 27.26301097869873)
(89.98, 0, 0.01, 0.01, 10, 4.9763561234795084, 28.28720712661743)
(99.79, 0, 0.01, 0.1, 0.1, 4.145611835096358, 27.37679386138916)
(98.89, 0, 0.01, 0.1, 1, 4.3600548113428443, 28.01821780204773)
(89.89, 0, 0.01, 0.1, 10, 7.1731632512595009, 27.612855911254883)
(97.99, 0, 0.01, 1, 1, 7.0334749997691333, 26.649526119232178)
(88.99, 0, 0.01, 1, 10, 5.1411595069729445, 27.721903085708618)
(79.99000000000001, 0, 0.01, 10, 10, 4.3840063519533441, 28.9432110786438)
(99.7, 0, 0.1, 0.1, 0.1, 5.0024565069870306, 25.900382041931152)
(98.8, 0, 0.1, 0.1, 1, 6.8444876088604545, 26.25880789756775)
(89.8, 0, 0.1, 0.1, 10, 4.4526934604595167, 27.384878873825073)
(97.9, 0, 0.1, 1, 1, 6.4371058526369742, 27.12420392036438)
(88.9, 0, 0.1, 1, 10, 5.7481775268349775, 27.957026958465576)
(79.9, 0, 0.1, 10, 10, 5.6111839152494012, 28.992979049682617)
(97.0, 0, 1, 1, 1, 5.8346636325146539, 27.504909992218018)
(88.0, 0, 1, 1, 10, 5.3119174148745367, 28.586698055267334)
(79.0, 0, 1, 10, 10, 5.1035408909670075, 29.769933938980103)
(70.0, 0, 10, 10, 10, 5.495317525407299, 30.777717113494873)
(99.9996, 0.0001, 0.0001, 0.0001, 0.0001, 5.6108515814130664, 25.73356604576111)
(99.9987, 0.0001, 0.0001, 0.0001, 0.001, 6.6591012463455224, 25.253687858581543)
(99.9897, 0.0001, 0.0001, 0.0001, 0.01, 6.9352931051199498, 25.363449096679688)
(99.8997, 0.0001, 0.0001, 0.0001, 0.1, 5.838944369382344, 25.432485103607178)
(98.9997, 0.0001, 0.0001, 0.0001, 1, 4.8633094296070096, 25.56011700630188)
(89.9997, 0.0001, 0.0001, 0.0001, 10, 4.5156776048403131, 26.695927143096924)
(99.9978, 0.0001, 0.0001, 0.001, 0.001, 6.5149744332762056, 25.21725106239319)
(99.9888, 0.0001, 0.0001, 0.001, 0.01, 6.4298422263458415, 25.393020153045654)
(99.8988, 0.0001, 0.0001, 0.001, 0.1, 4.6836575180353544, 25.832275867462158)
(98.9988, 0.0001, 0.0001, 0.001, 1, 4.031736904526789, 25.840906858444214)
(89.9988, 0.0001, 0.0001, 0.001, 10, 6.0958840817541544, 26.61568284034729)
(99.9798, 0.0001, 0.0001, 0.01, 0.01, 7.0081483203992887, 25.403114080429077)
(99.8898, 0.0001, 0.0001, 0.01, 0.1, 5.1403845677190549, 25.386975049972534)
(98.9898, 0.0001, 0.0001, 0.01, 1, 5.2800063660795891, 26.279520988464355)
(89.9898, 0.0001, 0.0001, 0.01, 10, 5.3958662835374334, 26.520304918289185)
(99.7998, 0.0001, 0.0001, 0.1, 0.1, 5.2200995227236984, 25.51380681991577)
(98.8998, 0.0001, 0.0001, 0.1, 1, 4.3358169795214598, 26.06275486946106)
(89.8998, 0.0001, 0.0001, 0.1, 10, 5.6014099629870833, 26.546090841293335)
(97.9998, 0.0001, 0.0001, 1, 1, 5.4428495194179947, 26.394640922546387)
(88.9998, 0.0001, 0.0001, 1, 10, 4.4153762857365964, 27.018913984298706)
(79.9998, 0.0001, 0.0001, 10, 10, 5.0062856731316634, 27.61626696586609)
(99.9969, 0.0001, 0.001, 0.001, 0.001, 5.0611097933293943, 25.551331043243408)
(99.9879, 0.0001, 0.001, 0.001, 0.01, 5.0116420089009397, 25.431628942489624)
(99.8979, 0.0001, 0.001, 0.001, 0.1, 8.1753482160959852, 25.538156032562256)
(98.9979, 0.0001, 0.001, 0.001, 1, 5.035575768634776, 25.971642017364502)
(89.9979, 0.0001, 0.001, 0.001, 10, 5.7240141191230069, 26.689609050750732)
(99.9789, 0.0001, 0.001, 0.01, 0.01, 5.4555012136708907, 25.224778175354004)
(99.8889, 0.0001, 0.001, 0.01, 0.1, 6.7878914228927574, 25.616817951202393)
(98.9889, 0.0001, 0.001, 0.01, 1, 4.7085334584819245, 25.74375295639038)
(89.9889, 0.0001, 0.001, 0.01, 10, 4.6002748647258116, 26.682717084884644)
(99.7989, 0.0001, 0.001, 0.1, 0.1, 4.7810540030583581, 25.595032930374146)
(98.8989, 0.0001, 0.001, 0.1, 1, 5.9825325416234429, 25.930853843688965)
(89.8989, 0.0001, 0.001, 0.1, 10, 5.0413145419891787, 26.861726999282837)
(97.9989, 0.0001, 0.001, 1, 1, 5.5374468332345765, 26.70292901992798)
(88.99889999999999, 0.0001, 0.001, 1, 10, 5.7884148545148646, 27.247677087783813)
(79.99889999999999, 0.0001, 0.001, 10, 10, 5.2532491827406638, 27.91542410850525)
(99.9699, 0.0001, 0.01, 0.01, 0.01, 4.5760872436114362, 25.309847116470337)
(99.8799, 0.0001, 0.01, 0.01, 0.1, 4.413895402916614, 25.486698150634766)
(98.9799, 0.0001, 0.01, 0.01, 1, 4.575544679747888, 25.853661060333252)
(89.9799, 0.0001, 0.01, 0.01, 10, 5.4891865453726014, 26.584102869033813)
(99.7899, 0.0001, 0.01, 0.1, 0.1, 8.2120502464385474, 25.668421983718872)
(98.8899, 0.0001, 0.01, 0.1, 1, 6.3508087464882372, 26.01309895515442)
(89.8899, 0.0001, 0.01, 0.1, 10, 5.4063698110853204, 26.763993978500366)
(97.9899, 0.0001, 0.01, 1, 1, 4.4632656448572314, 26.691744089126587)
(88.9899, 0.0001, 0.01, 1, 10, 6.3022801679296316, 27.258741855621338)
(79.9899, 0.0001, 0.01, 10, 10, 4.2795920476438907, 27.934221982955933)
(99.6999, 0.0001, 0.1, 0.1, 0.1, 4.8210851195855016, 25.612149000167847)
(98.7999, 0.0001, 0.1, 0.1, 1, 4.1878146163485219, 26.163949966430664)
(89.7999, 0.0001, 0.1, 0.1, 10, 4.502844503619305, 26.90504813194275)
(97.8999, 0.0001, 0.1, 1, 1, 8.0374477753446492, 26.623825073242188)
(88.8999, 0.0001, 0.1, 1, 10, 5.3611152648814109, 27.116400957107544)
(79.8999, 0.0001, 0.1, 10, 10, 5.4800658365513302, 27.97007989883423)
(96.9999, 0.0001, 1, 1, 1, 5.5302113409711504, 26.471184968948364)
(87.9999, 0.0001, 1, 1, 10, 5.012929245115938, 27.65864896774292)
(78.9999, 0.0001, 1, 10, 10, 6.075925591484566, 28.404942989349365)
(69.9999, 0.0001, 10, 10, 10, 6.089331643704277, 29.23884391784668)
(99.996, 0.001, 0.001, 0.001, 0.001, 6.5015639320544087, 25.864123821258545)
(99.987, 0.001, 0.001, 0.001, 0.01, 6.2871225840366858, 25.509438037872314)
(99.897, 0.001, 0.001, 0.001, 0.1, 5.1247204191357376, 25.67392611503601)
(98.997, 0.001, 0.001, 0.001, 1, 4.7228901724439449, 26.018898963928223)
(89.997, 0.001, 0.001, 0.001, 10, 5.8697052195334383, 26.449115991592407)
(99.978, 0.001, 0.001, 0.01, 0.01, 5.0540882922519783, 25.547594785690308)
(99.888, 0.001, 0.001, 0.01, 0.1, 6.2291219919401364, 25.331326961517334)
(98.988, 0.001, 0.001, 0.01, 1, 5.2879501594876093, 26.446537017822266)
(89.988, 0.001, 0.001, 0.01, 10, 4.6085353643453288, 26.63675308227539)
(99.798, 0.001, 0.001, 0.1, 0.1, 5.2185474765705484, 25.264032125473022)
(98.898, 0.001, 0.001, 0.1, 1, 7.4268146927321119, 25.836416959762573)
(89.898, 0.001, 0.001, 0.1, 10, 6.5121440977648914, 26.896388053894043)
(97.998, 0.001, 0.001, 1, 1, 4.8394704083945328, 26.007236003875732)
(88.998, 0.001, 0.001, 1, 10, 5.3728186690288933, 27.176794052124023)
(79.99799999999999, 0.001, 0.001, 10, 10, 5.3968423258724085, 27.820099115371704)
(99.969, 0.001, 0.01, 0.01, 0.01, 4.7334229917511816, 25.348469018936157)
(99.879, 0.001, 0.01, 0.01, 0.1, 5.5717250236171383, 25.885923147201538)
(98.979, 0.001, 0.01, 0.01, 1, 5.4544075907366807, 25.604356050491333)
(89.979, 0.001, 0.01, 0.01, 10, 6.619620675485252, 26.587002992630005)
(99.789, 0.001, 0.01, 0.1, 0.1, 5.8587709171474165, 25.485673904418945)
(98.889, 0.001, 0.01, 0.1, 1, 5.3611472330492038, 25.69863200187683)
(89.889, 0.001, 0.01, 0.1, 10, 6.7495110382838028, 26.471944093704224)
(97.989, 0.001, 0.01, 1, 1, 4.7948384766871577, 26.540480136871338)
(88.989, 0.001, 0.01, 1, 10, 8.0022200808263637, 26.668691158294678)
(79.989, 0.001, 0.01, 10, 10, 5.5999250586906042, 27.443817853927612)
(99.699, 0.001, 0.1, 0.1, 0.1, 5.8700038533419754, 25.60665988922119)
(98.799, 0.001, 0.1, 0.1, 1, 5.5506839788679612, 26.065221786499023)
(89.799, 0.001, 0.1, 0.1, 10, 4.7536512917608533, 26.798609972000122)
(97.899, 0.001, 0.1, 1, 1, 7.249653209034487, 27.016488075256348)
(88.899, 0.001, 0.1, 1, 10, 6.2274161128052858, 27.491029024124146)
(79.899, 0.001, 0.1, 10, 10, 5.1264529976207669, 28.28523302078247)
(96.999, 0.001, 1, 1, 1, 5.6955013292815098, 26.765751838684082)
(87.999, 0.001, 1, 1, 10, 5.239800431334821, 27.543170928955078)
(78.999, 0.001, 1, 10, 10, 5.145896715674426, 28.33274507522583)
(69.999, 0.001, 10, 10, 10, 5.0990623873726211, 29.079938173294067)
(99.96, 0.01, 0.01, 0.01, 0.01, 4.8725410030130316, 25.528309106826782)
(99.87, 0.01, 0.01, 0.01, 0.1, 4.0434983951624925, 25.546184062957764)
(98.97, 0.01, 0.01, 0.01, 1, 5.0369644662111712, 25.887118101119995)
(89.97, 0.01, 0.01, 0.01, 10, 4.6723031201764345, 26.323966026306152)
(99.78, 0.01, 0.01, 0.1, 0.1, 5.2558610559983121, 25.275994062423706)
(98.88, 0.01, 0.01, 0.1, 1, 5.1075614405843446, 25.626856088638306)
(89.88, 0.01, 0.01, 0.1, 10, 4.5973817471455662, 26.651738166809082)
(97.98, 0.01, 0.01, 1, 1, 5.0670381859683173, 26.299857139587402)
(88.98, 0.01, 0.01, 1, 10, 4.2981401575591303, 27.136745929718018)
(79.98, 0.01, 0.01, 10, 10, 6.9007741708790205, 27.866404056549072)
(99.69, 0.01, 0.1, 0.1, 0.1, 7.028300745468969, 25.23292589187622)
(98.79, 0.01, 0.1, 0.1, 1, 6.9382453076793409, 26.478666067123413)
(89.78999999999999, 0.01, 0.1, 0.1, 10, 5.5906005196858697, 26.508116006851196)
(97.89, 0.01, 0.1, 1, 1, 5.2141516419378284, 26.298959970474243)
(88.89, 0.01, 0.1, 1, 10, 5.0884192200494578, 27.00285291671753)
(79.89, 0.01, 0.1, 10, 10, 4.8137158918536116, 27.666710138320923)
(96.99, 0.01, 1, 1, 1, 6.2580350033630499, 26.887096881866455)
(87.99, 0.01, 1, 1, 10, 5.1750283824476933, 27.824394941329956)
(78.99000000000001, 0.01, 1, 10, 10, 4.6638644135724316, 27.85725712776184)
(69.99000000000001, 0.01, 10, 10, 10, 5.1410549875095093, 29.468233823776245)
(99.6, 0.1, 0.1, 0.1, 0.1, 5.8127996163364237, 25.517004013061523)
(98.7, 0.1, 0.1, 0.1, 1, 5.6746123187536179, 26.023503065109253)
(89.7, 0.1, 0.1, 0.1, 10, 5.7384655289144781, 26.766750812530518)
(97.8, 0.1, 0.1, 1, 1, 6.3623403956892837, 27.12644386291504)
(88.8, 0.1, 0.1, 1, 10, 7.2479589968924287, 27.33427906036377)
(79.8, 0.1, 0.1, 10, 10, 5.8145524215823325, 27.90071702003479)
(96.9, 0.1, 1, 1, 1, 6.0949103447634005, 27.34009885787964)
(87.9, 0.1, 1, 1, 10, 4.4380550237295768, 27.41496706008911)
(78.9, 0.1, 1, 10, 10, 4.6406841703067165, 27.988996982574463)
(69.9, 0.1, 10, 10, 10, 4.9726670319555533, 29.00255513191223)
(96.0, 1, 1, 1, 1, 7.027900281841168, 28.65143394470215)
(87.0, 1, 1, 1, 10, 4.886115066132275, 27.961007118225098)
(78.0, 1, 1, 10, 10, 4.346513272430748, 28.945341110229492)
(69.0, 1, 10, 10, 10, 4.5722088903337719, 29.529700994491577)
(60.0, 10, 10, 10, 10, 4.7509573502978313, 30.29138708114624)
