1100 5.0
1200 5.0
1300 5.0
1400 5.0
1500 6.0
1600 5.0
1700 5.0
1800 6.0
1900 4.0
2000 4.0
2100 7.0
2200 5.0
2300 5.0
2400 5.0
2500 5.0
2600 5.0
2700 5.0
2800 5.0
2900 6.0
3000 5.0
3100 5.0
3200 5.0
3300 5.0
3400 5.0
3500 5.0
3600 5.0
3700 5.0
3800 5.0
3900 5.0
4000 5.0
4100 5.0
4200 5.0
4300 5.0
4400 4.0
4500 5.0
4600 5.0
4700 5.0
4800 5.0
4900 5.0
5000 5.0
5100 5.0
5200 5.0
5300 5.0
5400 5.0
5500 6.0
5600 4.0
5700 6.0
5800 6.0
5900 6.0
6000 6.0
6100 5.0
6200 6.0
6300 5.0
6400 5.0
6500 5.0
6600 5.0
6700 6.0
6800 5.0
6900 5.0
7000 4.0
7100 5.0
7200 5.0
7300 4.0
7400 5.0
7500 6.0
7600 4.0
7700 4.0
7800 6.0
7900 4.0
8000 4.0
8100 5.0
8200 5.0
8300 5.0
8400 5.0
8500 6.0
8600 5.0
8700 5.0
8800 5.0
8900 4.0
9000 5.0
9100 4.0
9200 5.0
9300 5.0
9400 5.0
9500 5.0
9600 5.0
9700 5.0
9800 5.0
9900 5.0
10000 5.0
10100 5.0
10200 5.0
10300 5.0
10400 5.0
10500 5.0
10600 5.0
10700 5.0
10800 5.0
10900 5.0
11000 5.0
11100 5.0
11200 5.0
11300 5.0
11400 5.0
11500 5.0
11600 6.0
11700 4.0
11800 5.0
11900 5.0
12000 5.0
12100 5.0
12200 5.0
12300 4.0
12400 5.0
12500 5.0
12600 5.0
12700 6.0
12800 5.0
12900 5.0
13000 5.0
13100 5.0
13200 6.0
13300 5.0
13400 5.0
13500 5.0
13600 5.0
13700 4.0
13800 4.0
13900 4.0
14000 4.0
14100 6.0
14200 5.0
14300 5.0
14400 5.0
14500 5.0
14600 5.0
14700 5.0
14800 5.0
14900 6.0
15000 5.0
15100 5.0
15200 4.0
15300 5.0
15400 5.0
15500 5.0
15600 5.0
15700 5.0
15800 5.0
15900 6.0
16000 5.0
16100 5.0
16200 4.0
16300 5.0
16400 5.0
16500 5.0
16600 5.0
16700 5.0
16800 5.0
16900 4.0
17000 4.0
17100 5.0
17200 4.0
17300 5.0
17400 5.0
17500 5.0
17600 5.0
17700 5.0
17800 5.0
17900 5.0
18000 5.0
18100 4.0
18200 5.0
18300 4.0
18400 5.0
18500 4.0
18600 4.0
18700 6.0
18800 5.0
18900 5.0
19000 5.0
19100 5.0
19200 6.0
19300 5.0
19400 5.0
19500 4.0
19600 5.0
19700 5.0
19800 4.0
19900 5.0
20000 5.0
20100 4.0
20200 4.0
20300 5.0
20400 6.0
20500 6.0
20600 5.0
20700 5.0
20800 5.0
20900 5.0
21000 5.0
21100 4.0
21200 5.0
21300 5.0
21400 4.0
21500 5.0
21600 4.0
21700 5.0
21800 5.0
21900 5.0
22000 5.0
22100 4.0
22200 5.0
22300 5.0
22400 5.0
22500 5.0
22600 5.0
22700 5.0
22800 5.0
22900 4.0
23000 4.0
23100 5.0
23200 5.0
23300 4.0
23400 5.0
23500 5.0
23600 5.0
23700 5.0
23800 4.0
23900 4.0
24000 5.0
24100 5.0
24200 5.0
24300 5.0
24400 5.0
24500 5.0
24600 5.0
24700 5.0
24800 5.0
24900 5.0
25000 6.0
25100 4.0
25200 4.0
25300 5.0
25400 4.0
25500 5.0
25600 5.0
25700 5.0
25800 5.0
25900 5.0
26000 5.0
26100 5.0
26200 6.0
26300 5.0
26400 4.0
26500 4.0
26600 4.0
26700 5.0
26800 5.0
26900 5.0
27000 5.0
27100 4.0
27200 4.0
27300 5.0
27400 5.0
27500 4.0
27600 6.0
27700 5.0
27800 5.0
27900 5.0
28000 5.0
28100 5.0
28200 6.0
28300 4.0
28400 5.0
28500 5.0
28600 5.0
28700 5.0
28800 4.0
28900 5.0
29000 5.0
29100 5.0
29200 5.0
29300 4.0
29400 5.0
29500 4.0
29600 5.0
29700 5.0
29800 4.0
29900 4.0
30000 5.0
30100 5.0
30200 5.0
30300 5.0
30400 5.0
30500 5.0
30600 5.0
30700 5.0
30800 5.0
30900 5.0
31000 5.0
31100 5.0
31200 5.0
31300 5.0
31400 5.0
31500 5.0
31600 5.0
31700 4.0
31800 5.0
31900 4.0
32000 5.0
32100 4.0
32200 4.0
32300 6.0
32400 4.0
32500 5.0
32600 5.0
32700 5.0
32800 5.0
32900 6.0
33000 5.0
33100 5.0
33200 5.0
33300 5.0
33400 5.0
33500 5.0
33600 5.0
33700 5.0
33800 5.0
33900 5.0
34000 5.0
34100 5.0
34200 5.0
34300 5.0
34400 4.0
34500 5.0
34600 6.0
34700 5.0
34800 5.0
34900 5.0
35000 5.0
35100 5.0
35200 6.0
35300 5.0
35400 4.0
35500 5.0
35600 5.0
35700 5.0
35800 6.0
35900 6.0
36000 5.0
36100 5.0
36200 4.0
36300 5.0
36400 6.0
36500 5.0
36600 5.0
36700 5.0
36800 5.0
36900 5.0
37000 4.0
37100 5.0
37200 5.0
37300 5.0
37400 5.0
37500 4.0
37600 5.0
37700 5.0
37800 5.0
37900 5.0
38000 4.0
38100 4.0
38200 5.0
38300 5.0
38400 5.0
38500 5.0
38600 5.0
38700 6.0
38800 6.0
38900 4.0
39000 6.0
39100 5.0
39200 6.0
39300 5.0
39400 5.0
39500 5.0
39600 5.0
39700 5.0
39800 5.0
39900 6.0
40000 5.0
40100 6.0
40200 4.0
40300 5.0
40400 6.0
40500 5.0
40600 4.0
40700 5.0
40800 5.0
40900 4.0
41000 5.0
41100 5.0
41200 5.0
41300 5.0
41400 5.0
41500 5.0
41600 5.0
41700 5.0
41800 5.0
41900 5.0
42000 5.0
42100 4.0
42200 5.0
42300 5.0
42400 6.0
42500 5.0
42600 5.0
42700 6.0
42800 5.0
42900 5.0
43000 6.0
43100 4.0
43200 5.0
43300 5.0
43400 5.0
43500 4.0
43600 6.0
43700 4.0
43800 4.0
43900 6.0
44000 5.0
44100 5.0
44200 5.0
44300 4.0
44400 5.0
44500 5.0
44600 5.0
44700 5.0
44800 5.0
44900 5.0
45000 4.0
45100 6.0
45200 5.0
45300 6.0
45400 6.0
45500 5.0
45600 5.0
45700 5.0
45800 5.0
45900 5.0
46000 5.0
46100 5.0
46200 4.0
46300 5.0
46400 4.0
46500 5.0
46600 5.0
46700 5.0
46800 5.0
46900 5.0
47000 5.0
47100 4.0
47200 6.0
47300 4.0
47400 5.0
47500 5.0
47600 5.0
47700 5.0
47800 4.0
47900 5.0
48000 5.0
48100 4.0
48200 5.0
48300 5.0
48400 5.0
48500 5.0
48600 5.0
48700 5.0
48800 5.0
48900 5.0
49000 5.0
49100 5.0
49200 5.0
49300 6.0
49400 4.0
49500 5.0
49600 5.0
49700 5.0
49800 5.0
49900 5.0
50000 5.0
50100 5.0
50200 4.0
50300 4.0
50400 5.0
50500 5.0
50600 5.0
50700 5.0
50800 5.0
50900 5.0
51000 5.0
51100 6.0
51200 5.0
51300 5.0
51400 5.0
51500 5.0
51600 5.0
51700 4.0
51800 5.0
51900 5.0
52000 5.0
52100 5.0
52200 4.0
52300 5.0
52400 5.0
52500 5.0
52600 5.0
52700 5.0
52800 4.0
52900 5.0
53000 5.0
53100 4.0
53200 5.0
53300 5.0
53400 4.0
53500 5.0
53600 5.0
53700 5.0
53800 4.0
53900 6.0
54000 5.0
54100 5.0
54200 6.0
54300 5.0
54400 4.0
54500 4.0
54600 5.0
54700 5.0
54800 5.0
54900 5.0
55000 5.0
55100 5.0
55200 6.0
55300 4.0
55400 4.0
55500 4.0
55600 5.0
55700 5.0
55800 6.0
55900 4.0
56000 5.0
56100 5.0
56200 5.0
56300 5.0
56400 5.0
56500 5.0
56600 5.0
56700 4.0
56800 6.0
56900 5.0
57000 5.0
57100 5.0
57200 5.0
57300 5.0
57400 5.0
57500 6.0
57600 5.0
57700 5.0
57800 5.0
57900 4.0
58000 5.0
58100 4.0
58200 5.0
58300 5.0
58400 5.0
58500 5.0
58600 5.0
58700 5.0
58800 4.0
58900 5.0
59000 5.0
59100 5.0
59200 5.0
59300 5.0
59400 5.0
59500 6.0
59600 4.0
59700 4.0
59800 5.0
59900 5.0
60000 6.0
60100 5.0
60200 4.0
60300 5.0
60400 6.0
60500 4.0
60600 5.0
60700 5.0
60800 5.0
60900 5.0
61000 5.0
61100 5.0
61200 5.0
61300 5.0
61400 5.0
61500 5.0
61600 4.0
61700 5.0
61800 4.0
61900 5.0
62000 5.0
62100 5.0
62200 5.0
62300 5.0
62400 5.0
62500 5.0
62600 5.0
62700 5.0
62800 4.0
62900 4.0
63000 5.0
63100 6.0
63200 4.0
63300 5.0
63400 5.0
63500 5.0
63600 5.0
63700 6.0
63800 5.0
63900 5.0
64000 4.0
64100 6.0
64200 4.0
64300 5.0
64400 5.0
64500 6.0
64600 5.0
64700 5.0
64800 4.0
64900 4.0
65000 4.0
65100 6.0
65200 4.0
65300 5.0
65400 5.0
65500 5.0
65600 5.0
65700 5.0
65800 5.0
65900 5.0
66000 5.0
66100 5.0
66200 5.0
66300 5.0
66400 5.0
66500 6.0
66600 4.0
66700 4.0
66800 5.0
66900 6.0
67000 4.0
67100 5.0
67200 4.0
67300 4.0
67400 4.0
67500 6.0
67600 5.0
67700 5.0
67800 4.0
67900 5.0
68000 5.0
68100 4.0
68200 5.0
68300 5.0
68400 4.0
68500 5.0
68600 5.0
68700 4.0
68800 4.0
68900 6.0
69000 4.0
69100 5.0
69200 5.0
69300 5.0
69400 5.0
69500 5.0
69600 5.0
69700 5.0
69800 5.0
69900 5.0
70000 5.0
70100 5.0
70200 5.0
70300 6.0
70400 6.0
70500 5.0
70600 5.0
70700 5.0
70800 6.0
70900 6.0
71000 5.0
71100 4.0
71200 5.0
71300 5.0
71400 5.0
71500 5.0
71600 5.0
71700 5.0
71800 5.0
71900 5.0
72000 4.0
72100 5.0
72200 5.0
72300 5.0
72400 5.0
72500 4.0
72600 5.0
72700 4.0
72800 4.0
72900 5.0
73000 5.0
73100 5.0
73200 5.0
73300 5.0
73400 5.0
73500 5.0
73600 5.0
73700 5.0
73800 4.0
73900 5.0
74000 5.0
74100 5.0
74200 4.0
74300 5.0
74400 5.0
74500 5.0
74600 4.0
74700 5.0
74800 5.0
74900 5.0
75000 5.0
75100 5.0
75200 5.0
75300 4.0
75400 4.0
75500 4.0
75600 5.0
75700 5.0
75800 7.0
75900 5.0
76000 4.0
76100 6.0
76200 6.0
76300 4.0
76400 5.0
76500 5.0
76600 5.0
76700 5.0
76800 5.0
76900 5.0
77000 5.0
77100 6.0
77200 4.0
77300 5.0
77400 5.0
77500 4.0
77600 5.0
77700 5.0
77800 5.0
77900 5.0
78000 5.0
78100 5.0
78200 6.0
78300 6.0
78400 5.0
78500 5.0
78600 5.0
78700 5.0
78800 4.0
78900 7.0
79000 5.0
79100 5.0
79200 5.0
79300 5.0
79400 4.0
79500 4.0
79600 5.0
79700 4.0
79800 5.0
79900 5.0
80000 5.0
80100 6.0
80200 5.0
80300 5.0
80400 5.0
80500 6.0
80600 5.0
80700 5.0
80800 5.0
80900 5.0
81000 4.0
81100 5.0
81200 5.0
81300 5.0
81400 5.0
81500 4.0
81600 5.0
81700 5.0
81800 5.0
81900 4.0
82000 5.0
82100 5.0
82200 5.0
82300 6.0
82400 5.0
82500 5.0
82600 4.0
82700 5.0
82800 6.0
82900 5.0
83000 5.0
83100 5.0
83200 4.0
83300 4.0
83400 5.0
83500 4.0
83600 4.0
83700 5.0
83800 5.0
83900 5.0
84000 5.0
84100 6.0
84200 4.0
84300 5.0
84400 5.0
84500 5.0
84600 5.0
84700 5.0
84800 5.0
84900 5.0
85000 4.0
85100 5.0
85200 4.0
85300 6.0
85400 6.0
85500 4.0
85600 5.0
85700 5.0
85800 4.0
85900 5.0
86000 5.0
86100 5.0
86200 5.0
86300 5.0
86400 5.0
86500 5.0
86600 5.0
86700 5.0
86800 4.0
86900 5.0
87000 5.0
87100 5.0
87200 5.0
87300 5.0
87400 5.0
87500 5.0
87600 5.0
87700 5.0
87800 4.0
87900 5.0
88000 5.0
88100 5.0
88200 5.0
88300 5.0
88400 5.0
88500 5.0
88600 5.0
88700 5.0
88800 5.0
88900 4.0
89000 5.0
89100 5.0
89200 5.0
89300 5.0
89400 5.0
89500 5.0
89600 5.0
89700 4.0
89800 5.0
89900 4.0
90000 4.0
90100 5.0
90200 5.0
90300 4.0
90400 5.0
90500 5.0
90600 4.0
90700 5.0
90800 5.0
90900 4.0
91000 5.0
91100 4.0
91200 5.0
91300 4.0
91400 5.0
91500 5.0
91600 5.0
91700 5.0
91800 5.0
91900 6.0
92000 5.0
92100 5.0
92200 6.0
92300 4.0
92400 5.0
92500 5.0
92600 5.0
92700 5.0
92800 5.0
92900 4.0
93000 5.0
93100 5.0
93200 5.0
93300 5.0
93400 5.0
93500 5.0
93600 5.0
93700 5.0
93800 6.0
93900 5.0
94000 5.0
94100 4.0
94200 5.0
94300 4.0
94400 6.0
94500 5.0
94600 5.0
94700 5.0
94800 5.0
94900 4.0
95000 4.0
95100 4.0
95200 5.0
95300 5.0
95400 5.0
95500 6.0
95600 4.0
95700 5.0
95800 4.0
95900 5.0
96000 5.0
96100 6.0
96200 5.0
96300 6.0
96400 5.0
96500 4.0
96600 5.0
96700 4.0
96800 5.0
96900 4.0
97000 5.0
97100 5.0
97200 5.0
97300 5.0
97400 5.0
97500 6.0
97600 5.0
97700 5.0
97800 5.0
97900 5.0
98000 5.0
98100 5.0
98200 5.0
98300 4.0
98400 5.0
98500 5.0
98600 5.0
98700 5.0
98800 5.0
98900 5.0
99000 4.0
99100 5.0
99200 5.0
99300 5.0
99400 4.0
99500 4.0
99600 5.0
99700 4.0
99800 4.0
99900 5.0
100000 5.0
100100 5.0
100200 5.0
100300 5.0
100400 5.0
100500 5.0
100600 5.0
100700 5.0
100800 5.0
100900 4.0
101000 6.0
2021.22
