1100 3.5
1200 4.6
1300 3.7
1400 5.3
1500 4.6
1600 4.5
1700 5.0
1800 4.5
1900 3.9
2000 4.7
2100 4.0
2200 4.3
2300 4.1
2400 4.5
2500 4.2
2600 4.1
2700 4.7
2800 3.4
2900 4.0
3000 4.2
3100 3.9
3200 3.5
3300 4.9
3400 4.8
3500 4.7
3600 3.9
3700 4.5
3800 4.4
3900 4.6
4000 4.2
4100 5.1
4200 5.0
4300 5.0
4400 4.4
4500 4.4
4600 4.3
4700 3.9
4800 4.0
4900 4.5
5000 3.8
5100 3.4
5200 4.8
5300 4.8
5400 4.9
5500 4.2
5600 4.1
5700 4.9
5800 4.9
5900 3.8
6000 4.5
6100 4.2
6200 4.5
6300 4.5
6400 4.7
6500 5.0
6600 5.3
6700 4.4
6800 4.6
6900 4.4
7000 4.2
7100 4.5
7200 5.1
7300 3.6
7400 4.3
7500 3.6
7600 4.1
7700 3.8
7800 4.4
7900 5.2
8000 4.2
8100 4.7
8200 4.0
8300 4.1
8400 4.1
8500 4.6
8600 4.4
8700 4.6
8800 4.0
8900 4.4
9000 4.5
9100 3.5
9200 3.8
9300 4.0
9400 3.4
9500 4.5
9600 4.5
9700 4.2
9800 4.5
9900 4.0
10000 3.9
10100 4.4
10200 3.9
10300 4.1
10400 3.5
10500 5.4
10600 3.9
10700 4.7
10800 4.1
10900 5.1
11000 3.9
11100 4.5
11200 4.4
11300 5.1
11400 4.0
11500 3.7
11600 4.5
11700 3.4
11800 3.4
11900 4.7
12000 4.3
12100 4.0
12200 4.5
12300 5.4
12400 3.8
12500 4.3
12600 4.2
12700 4.7
12800 4.7
12900 3.7
13000 3.9
13100 3.9
13200 4.4
13300 5.0
13400 3.9
13500 3.9
13600 3.8
13700 3.6
13800 3.9
13900 5.0
14000 4.0
14100 4.7
14200 4.4
14300 4.0
14400 4.5
14500 4.7
14600 4.4
14700 4.4
14800 4.4
14900 5.0
15000 3.6
15100 4.3
15200 4.8
15300 4.5
15400 4.4
15500 4.6
15600 4.2
15700 4.0
15800 4.1
15900 4.1
16000 4.0
16100 5.2
16200 3.9
16300 4.1
16400 4.1
16500 4.2
16600 4.8
16700 3.8
16800 3.5
16900 3.8
17000 4.5
17100 4.2
17200 4.3
17300 4.4
17400 4.1
17500 4.4
17600 4.5
17700 4.2
17800 3.9
17900 4.4
18000 4.5
18100 4.4
18200 5.4
18300 4.7
18400 3.9
18500 3.7
18600 4.6
18700 4.2
18800 3.4
18900 4.0
19000 3.9
19100 4.1
19200 4.1
19300 4.6
19400 4.7
19500 5.2
19600 3.9
19700 4.6
19800 4.4
19900 4.9
20000 4.3
20100 3.8
20200 3.6
20300 4.1
20400 4.7
20500 4.4
20600 4.1
20700 5.0
20800 5.6
20900 4.3
21000 3.5
21100 4.2
21200 3.9
21300 4.0
21400 4.1
21500 4.3
21600 4.9
21700 4.6
21800 4.2
21900 3.9
22000 3.4
22100 5.0
22200 4.2
22300 5.1
22400 4.0
22500 4.5
22600 4.1
22700 4.0
22800 4.4
22900 4.4
23000 3.8
23100 3.7
23200 4.7
23300 4.3
23400 4.4
23500 3.9
23600 4.4
23700 4.5
23800 5.0
23900 4.4
24000 4.9
24100 3.8
24200 4.2
24300 4.4
24400 3.8
24500 5.3
24600 4.5
24700 4.0
24800 4.3
24900 3.8
25000 5.2
25100 4.1
25200 5.0
25300 4.1
25400 4.2
25500 3.4
25600 4.1
25700 5.1
25800 4.3
25900 4.5
26000 4.9
26100 4.7
26200 4.2
26300 3.7
26400 4.7
26500 4.8
26600 4.0
26700 4.4
26800 3.6
26900 3.6
27000 4.1
27100 4.2
27200 4.8
27300 5.0
27400 4.2
27500 4.2
27600 4.8
27700 4.8
27800 4.2
27900 3.5
28000 4.7
28100 5.0
28200 4.0
28300 4.2
28400 3.8
28500 4.4
28600 4.0
28700 4.7
28800 4.0
28900 3.9
29000 3.7
29100 4.2
29200 5.2
29300 3.8
29400 4.2
29500 3.9
29600 3.9
29700 4.2
29800 5.2
29900 4.1
30000 4.3
30100 4.2
30200 4.5
30300 4.2
30400 4.5
30500 4.4
30600 3.8
30700 3.7
30800 4.2
30900 4.8
31000 4.9
31100 3.4
31200 4.4
31300 5.2
31400 3.5
31500 4.3
31600 4.5
31700 4.4
31800 3.8
31900 4.5
32000 4.9
32100 4.0
32200 4.7
32300 4.0
32400 3.9
32500 4.1
32600 4.3
32700 3.6
32800 3.3
32900 4.0
33000 3.9
33100 4.4
33200 4.5
33300 3.6
33400 4.3
33500 3.9
33600 4.2
33700 4.4
33800 3.8
33900 3.6
34000 4.2
34100 4.5
34200 4.0
34300 4.5
34400 4.4
34500 4.4
34600 4.5
34700 4.4
34800 3.9
34900 4.6
35000 5.0
35100 4.3
35200 3.8
35300 4.2
35400 4.5
35500 4.4
35600 4.2
35700 3.8
35800 3.7
35900 4.5
36000 4.5
36100 3.3
36200 4.0
36300 4.3
36400 4.5
36500 5.1
36600 4.5
36700 4.3
36800 4.4
36900 4.5
37000 4.6
37100 4.5
37200 4.2
37300 4.0
37400 4.5
37500 4.9
37600 3.9
37700 3.8
37800 4.0
37900 4.5
38000 3.6
38100 4.8
38200 4.3
38300 4.2
38400 4.3
38500 4.2
38600 3.9
38700 4.0
38800 4.2
38900 4.2
39000 4.5
39100 4.6
39200 4.6
39300 5.0
39400 5.1
39500 4.9
39600 5.4
39700 3.9
39800 3.5
39900 4.4
40000 4.7
40100 4.4
40200 4.4
40300 3.9
40400 4.4
40500 3.9
40600 4.1
40700 4.3
40800 4.4
40900 3.7
41000 4.8
41100 4.0
41200 5.1
41300 4.2
41400 4.4
41500 4.0
41600 3.7
41700 3.5
41800 3.8
41900 4.0
42000 3.7
42100 4.2
42200 4.0
42300 4.2
42400 4.5
42500 3.9
42600 4.1
42700 5.2
42800 4.5
42900 4.3
43000 4.9
43100 4.0
43200 3.9
43300 4.5
43400 4.4
43500 4.3
43600 4.2
43700 4.7
43800 4.3
43900 4.3
44000 4.7
44100 4.0
44200 4.1
44300 4.7
44400 3.7
44500 4.9
44600 3.9
44700 3.7
44800 3.5
44900 4.0
45000 3.2
45100 4.6
45200 4.8
45300 5.0
45400 4.3
45500 4.7
45600 4.7
45700 5.8
45800 4.8
45900 4.0
46000 5.0
46100 3.8
46200 3.3
46300 5.2
46400 3.5
46500 4.3
46600 4.0
46700 4.6
46800 4.9
46900 4.3
47000 4.8
47100 4.3
47200 4.3
47300 4.0
47400 4.2
47500 4.7
47600 4.4
47700 4.6
47800 4.3
47900 4.4
48000 4.1
48100 4.3
48200 4.2
48300 4.3
48400 4.4
48500 4.0
48600 3.8
48700 4.1
48800 4.7
48900 4.3
49000 4.4
49100 4.7
49200 3.3
49300 3.9
49400 5.1
49500 4.3
49600 4.2
49700 4.4
49800 3.9
49900 3.8
50000 4.0
50100 3.8
50200 4.6
50300 4.2
50400 3.6
50500 3.5
50600 4.5
50700 4.6
50800 3.3
50900 4.1
51000 4.6
51100 3.6
51200 4.3
51300 4.3
51400 4.0
51500 3.7
51600 4.2
51700 4.7
51800 4.5
51900 4.4
52000 3.8
52100 3.6
52200 5.3
52300 5.0
52400 5.6
52500 3.9
52600 4.5
52700 5.2
52800 3.8
52900 4.4
53000 3.9
53100 4.7
53200 4.4
53300 4.6
53400 4.5
53500 4.0
53600 4.8
53700 3.7
53800 3.6
53900 5.0
54000 5.6
54100 4.5
54200 3.9
54300 3.8
54400 3.7
54500 3.8
54600 4.6
54700 5.0
54800 3.2
54900 3.9
55000 5.0
55100 4.9
55200 4.4
55300 4.3
55400 4.2
55500 4.1
55600 4.1
55700 3.8
55800 4.4
55900 5.0
56000 3.8
56100 4.0
56200 4.2
56300 4.2
56400 4.5
56500 4.7
56600 4.3
56700 3.8
56800 4.8
56900 4.3
57000 3.8
57100 4.8
57200 4.3
57300 5.0
57400 4.5
57500 4.7
57600 5.0
57700 4.3
57800 4.6
57900 4.2
58000 3.9
58100 3.9
58200 4.7
58300 4.7
58400 4.8
58500 3.3
58600 4.2
58700 4.0
58800 4.6
58900 4.2
59000 3.9
59100 4.0
59200 3.7
59300 4.8
59400 5.2
59500 3.9
59600 4.3
59700 5.2
59800 4.6
59900 4.4
60000 4.9
60100 3.9
60200 4.1
60300 4.2
60400 4.1
60500 4.0
60600 3.9
60700 3.8
60800 4.2
60900 5.5
61000 3.8
61100 5.0
61200 3.9
61300 3.7
61400 4.3
61500 4.5
61600 4.3
61700 4.8
61800 3.6
61900 4.1
62000 4.0
62100 4.5
62200 4.7
62300 4.6
62400 3.8
62500 3.6
62600 3.9
62700 3.5
62800 3.9
62900 4.4
63000 4.0
63100 4.4
63200 4.2
63300 4.7
63400 3.7
63500 3.8
63600 4.0
63700 3.9
63800 5.0
63900 4.3
64000 4.4
64100 4.0
64200 4.0
64300 3.8
64400 4.4
64500 4.0
64600 4.2
64700 4.1
64800 4.3
64900 4.3
65000 3.4
65100 3.7
65200 5.4
65300 4.6
65400 4.8
65500 4.1
65600 4.0
65700 4.3
65800 4.4
65900 4.1
66000 3.8
66100 4.3
66200 4.2
66300 4.1
66400 3.5
66500 3.9
66600 3.7
66700 4.7
66800 4.2
66900 4.2
67000 4.8
67100 4.4
67200 3.9
67300 3.8
67400 5.1
67500 4.3
67600 4.1
67700 4.2
67800 3.7
67900 4.6
68000 4.3
68100 4.0
68200 4.4
68300 4.7
68400 5.1
68500 4.7
68600 3.6
68700 4.1
68800 4.4
68900 4.3
69000 4.6
69100 4.4
69200 4.7
69300 4.8
69400 4.1
69500 5.7
69600 5.3
69700 4.3
69800 4.9
69900 4.5
70000 4.8
70100 4.6
70200 3.8
70300 4.5
70400 4.1
70500 5.1
70600 4.9
70700 4.2
70800 4.9
70900 5.0
71000 4.6
71100 4.7
71200 4.2
71300 5.0
71400 3.9
71500 4.1
71600 4.0
71700 3.8
71800 4.7
71900 4.5
72000 4.6
72100 4.1
72200 4.4
72300 4.0
72400 3.5
72500 4.3
72600 3.5
72700 4.6
72800 3.8
72900 4.2
73000 4.1
73100 3.9
73200 4.8
73300 4.7
73400 4.5
73500 3.8
73600 4.0
73700 4.3
73800 4.4
73900 4.4
74000 4.5
74100 4.3
74200 4.1
74300 4.2
74400 3.9
74500 3.8
74600 4.5
74700 4.5
74800 3.9
74900 3.9
75000 3.8
75100 4.7
75200 4.5
75300 4.0
75400 4.4
75500 4.6
75600 4.0
75700 4.5
75800 3.9
75900 4.1
76000 3.9
76100 3.8
76200 3.8
76300 4.7
76400 4.8
76500 3.7
76600 4.5
76700 4.6
76800 4.6
76900 4.1
77000 4.3
77100 4.8
77200 3.9
77300 4.6
77400 3.9
77500 4.4
77600 4.2
77700 4.9
77800 3.9
77900 4.2
78000 4.2
78100 4.7
78200 3.6
78300 4.5
78400 4.4
78500 4.3
78600 3.9
78700 4.2
78800 3.9
78900 4.0
79000 4.5
79100 4.6
79200 4.4
79300 3.7
79400 4.6
79500 5.0
79600 3.7
79700 3.9
79800 3.9
79900 4.0
80000 4.4
80100 3.7
80200 4.3
80300 3.9
80400 4.0
80500 4.3
80600 4.4
80700 4.0
80800 5.5
80900 4.1
81000 4.1
81100 3.8
81200 4.7
81300 4.1
81400 4.1
81500 3.8
81600 4.3
81700 4.0
81800 3.8
81900 4.7
82000 4.0
82100 3.8
82200 3.5
82300 3.9
82400 3.3
82500 4.0
82600 4.4
82700 3.8
82800 4.2
82900 4.8
83000 4.4
83100 4.3
83200 4.0
83300 4.7
83400 4.6
83500 4.4
83600 4.0
83700 4.5
83800 4.2
83900 4.0
84000 3.7
84100 3.9
84200 4.5
84300 4.2
84400 4.2
84500 4.2
84600 4.1
84700 4.4
84800 4.2
84900 4.0
85000 4.0
85100 3.7
85200 4.6
85300 4.1
85400 4.0
85500 4.3
85600 4.6
85700 5.3
85800 4.1
85900 4.1
86000 4.6
86100 5.1
86200 4.2
86300 4.0
86400 3.6
86500 4.8
86600 3.6
86700 4.3
86800 4.1
86900 4.1
87000 3.5
87100 4.2
87200 3.8
87300 4.5
87400 4.3
87500 4.0
87600 3.7
87700 4.1
87800 3.5
87900 5.1
88000 4.5
88100 4.3
88200 4.0
88300 4.6
88400 4.5
88500 4.7
88600 4.1
88700 5.3
88800 3.6
88900 4.2
89000 3.8
89100 4.3
89200 4.4
89300 3.8
89400 4.4
89500 3.9
89600 4.0
89700 4.3
89800 5.0
89900 4.3
90000 3.5
90100 4.7
90200 3.7
90300 4.1
90400 4.3
90500 5.1
90600 4.3
90700 4.2
90800 3.8
90900 4.7
91000 4.8
91100 4.9
91200 3.9
91300 4.8
91400 4.3
91500 4.3
91600 4.9
91700 4.9
91800 4.5
91900 3.8
92000 4.4
92100 4.0
92200 4.9
92300 3.8
92400 4.4
92500 4.2
92600 4.4
92700 4.5
92800 4.6
92900 3.7
93000 3.2
93100 4.5
93200 4.2
93300 4.9
93400 3.7
93500 5.0
93600 4.9
93700 4.4
93800 4.3
93900 4.2
94000 3.4
94100 4.3
94200 3.6
94300 4.0
94400 3.2
94500 4.2
94600 3.5
94700 4.9
94800 4.0
94900 5.5
95000 4.4
95100 5.0
95200 5.0
95300 4.2
95400 4.4
95500 4.2
95600 4.6
95700 4.7
95800 3.6
95900 3.9
96000 4.7
96100 5.2
96200 5.4
96300 4.8
96400 3.7
96500 4.4
96600 4.5
96700 4.0
96800 4.2
96900 4.5
97000 5.1
97100 4.2
97200 4.0
97300 4.2
97400 4.6
97500 4.3
97600 4.0
97700 4.4
97800 3.7
97900 4.8
98000 3.6
98100 5.1
98200 4.4
98300 3.5
98400 4.1
98500 5.2
98600 4.1
98700 4.5
98800 3.7
98900 4.1
99000 4.3
99100 4.6
99200 4.3
99300 4.3
99400 4.0
99500 4.4
99600 4.5
99700 4.2
99800 4.5
99900 4.6
100000 4.6
100100 4.0
100200 4.5
100300 4.9
100400 4.8
100500 4.6
100600 5.2
100700 3.5
100800 4.2
100900 4.7
101000 4.1
1910.07
