1001 4.5
1002 4.1
1003 4.1
1004 4.1
1005 4.1
1006 5.0
1007 4.9
1008 4.9
1009 4.9
1010 4.9
1011 4.9
1012 4.9
1013 4.9
1014 4.9
1015 4.3
1016 5.1
1017 5.1
1018 5.3
1019 5.3
1020 5.3
1021 4.5
1022 4.5
1023 4.5
1024 4.5
1025 4.5
1026 4.5
1027 4.9
1028 4.9
1029 4.9
1030 4.9
1031 4.9
1032 3.9
1033 3.9
1034 4.7
1035 3.9
1036 5.0
1037 3.9
1038 3.9
1039 3.9
1040 4.1
1041 4.1
1042 4.1
1043 4.3
1044 4.3
1045 4.7
1046 4.0
1047 4.0
1048 4.1
1049 4.1
1050 4.1
1051 4.4
1052 4.4
1053 4.4
1054 3.5
1055 3.7
1056 3.7
1057 3.7
1058 5.0
1059 5.0
1060 4.5
1061 4.1
1062 4.2
1063 4.2
1064 3.8
1065 4.8
1066 4.3
1067 4.3
1068 4.3
1069 4.3
1070 4.3
1071 4.3
1072 3.9
1073 3.9
1074 3.9
1075 4.6
1076 4.6
1077 4.6
1078 4.6
1079 4.6
1080 4.6
1081 4.6
1082 4.4
1083 4.4
1084 4.1
1085 4.1
1086 4.1
1087 4.7
1088 4.7
1089 4.7
1090 4.6
1091 4.6
1092 4.6
1093 4.6
1094 4.7
1095 5.5
1096 5.5
1097 4.3
1098 4.3
1099 4.3
1100 4.3
1101 4.3
1102 3.7
1103 4.4
1104 3.8
1105 3.8
1106 3.8
1107 3.8
1108 3.8
1109 3.8
1110 4.1
1111 4.1
1112 4.1
1113 4.1
1114 4.1
1115 4.1
1116 4.1
1117 3.8
1118 3.8
1119 4.0
1120 4.0
1121 4.0
1122 4.0
1123 3.8
1124 3.8
1125 3.8
1126 3.8
1127 3.8
1128 3.7
1129 5.4
1130 4.1
1131 4.1
1132 4.1
1133 4.1
1134 4.2
1135 4.2
1136 3.7
1137 5.1
1138 4.5
1139 4.5
1140 4.5
1141 4.5
1142 4.9
1143 4.3
1144 4.3
1145 4.3
1146 4.2
1147 4.2
1148 4.2
1149 4.2
1150 4.2
1151 4.2
1152 4.2
1153 4.2
1154 4.2
1155 4.2
1156 4.2
1157 4.7
1158 4.9
1159 5.2
1160 4.7
1161 4.5
1162 4.5
1163 4.5
1164 4.5
1165 4.5
1166 4.5
1167 4.5
1168 3.7
1169 4.0
1170 4.0
1171 4.0
1172 4.3
1173 4.3
1174 4.3
1175 4.3
1176 4.3
1177 4.3
1178 3.7
1179 3.9
1180 3.9
1181 3.9
1182 3.6
1183 3.6
1184 3.6
1185 3.6
1186 3.6
1187 3.6
1188 4.9
1189 4.9
1190 4.0
1191 4.0
1192 4.0
1193 4.5
1194 4.5
1195 4.5
1196 4.5
1197 4.5
1198 4.5
1199 4.2
1200 4.2
1201 4.2
1202 4.4
1203 4.4
1204 4.4
1205 4.4
1206 4.4
1207 4.4
1208 4.4
1209 4.4
1210 4.4
1211 4.0
1212 4.4
1213 4.1
1214 4.1
1215 4.1
1216 4.1
1217 4.3
1218 4.3
1219 4.3
1220 4.3
1221 4.3
1222 4.3
1223 4.3
1224 3.9
1225 3.9
1226 3.9
1227 3.9
1228 3.9
1229 3.9
1230 3.9
1231 3.9
1232 3.9
1233 3.9
1234 4.4
1235 3.8
1236 3.8
1237 3.9
1238 3.9
1239 3.9
1240 3.9
1241 3.9
1242 3.9
1243 5.1
1244 5.1
1245 5.1
1246 3.9
1247 3.9
1248 3.9
1249 3.9
1250 3.9
1251 3.9
1252 3.9
1253 4.0
1254 4.0
1255 4.0
1256 4.0
1257 4.0
1258 3.7
1259 3.6
1260 3.6
1261 3.6
1262 3.6
1263 4.8
1264 4.8
1265 4.8
1266 4.8
1267 4.8
1268 4.8
1269 4.8
1270 4.8
1271 4.5
1272 5.4
1273 4.2
1274 4.2
1275 4.2
1276 4.2
1277 4.2
1278 4.8
1279 4.8
1280 4.8
1281 4.8
1282 4.8
1283 4.8
1284 4.8
1285 3.8
1286 3.8
1287 3.8
1288 4.6
1289 4.1
1290 4.1
1291 4.1
1292 4.1
1293 4.1
1294 4.2
1295 4.2
1296 4.2
1297 4.5
1298 4.5
1299 4.5
1300 4.5
1301 4.5
1302 4.5
1303 4.5
1304 4.5
1305 4.5
1306 4.1
1307 4.5
1308 4.5
1309 4.5
1310 4.5
1311 4.5
1312 5.0
1313 4.9
1314 3.7
1315 3.7
1316 3.7
1317 3.7
1318 4.3
1319 4.3
1320 4.3
1321 4.3
1322 4.3
1323 4.7
1324 4.5
1325 4.5
1326 4.5
1327 4.5
1328 5.0
1329 5.0
1330 4.0
1331 4.0
1332 4.0
1333 4.0
1334 4.0
1335 4.0
1336 4.0
1337 4.3
1338 4.3
1339 4.3
1340 3.6
1341 3.6
1342 3.6
1343 3.6
1344 3.6
1345 3.6
1346 3.5
1347 5.0
1348 5.0
1349 3.5
1350 4.0
1351 4.0
1352 4.0
1353 4.7
1354 4.7
1355 4.7
1356 4.7
1357 4.7
1358 4.6
1359 4.6
1360 4.6
1361 4.6
1362 3.8
1363 4.0
1364 4.0
1365 4.0
1366 4.0
1367 3.8
1368 3.8
1369 3.8
1370 4.9
1371 4.9
1372 4.9
1373 4.9
1374 4.9
1375 4.9
1376 4.9
1377 4.9
1378 4.9
1379 4.9
1380 4.9
1381 4.8
1382 4.8
1383 4.8
1384 4.8
1385 4.3
1386 4.3
1387 4.3
1388 4.3
1389 4.3
1390 4.3
1391 3.9
1392 3.9
1393 3.9
1394 4.7
1395 5.0
1396 5.0
1397 4.8
1398 4.8
1399 4.4
1400 4.4
1401 4.6
1402 4.6
1403 4.6
1404 4.6
1405 4.6
1406 5.1
1407 5.1
1408 5.1
1409 5.1
1410 5.1
1411 4.3
1412 4.3
1413 4.3
1414 4.6
1415 3.8
1416 3.8
1417 3.8
1418 3.5
1419 3.5
1420 3.5
1421 4.8
1422 4.8
1423 4.8
1424 4.1
1425 4.1
1426 4.1
1427 4.1
1428 4.7
1429 4.9
1430 4.9
1431 4.9
1432 4.0
1433 4.4
1434 4.4
1435 4.4
1436 4.4
1437 4.4
1438 4.4
1439 3.8
1440 3.8
1441 3.8
1442 4.3
1443 4.3
1444 4.3
1445 4.3
1446 4.3
1447 4.3
1448 4.3
1449 4.3
1450 4.3
1451 4.3
1452 4.9
1453 4.9
1454 5.0
1455 5.0
1456 5.0
1457 4.3
1458 4.1
1459 4.1
1460 4.9
1461 4.8
1462 4.8
1463 4.8
1464 4.8
1465 4.8
1466 5.2
1467 5.2
1468 5.2
1469 4.7
1470 4.7
1471 4.7
1472 4.7
1473 4.7
1474 4.7
1475 4.7
1476 4.8
1477 4.8
1478 4.8
1479 4.8
1480 4.7
1481 4.7
1482 3.8
1483 3.8
1484 4.2
1485 4.2
1486 4.2
1487 4.0
1488 4.8
1489 4.6
1490 4.6
1491 4.6
1492 4.6
1493 4.2
1494 4.2
1495 4.2
1496 4.2
1497 4.2
1498 4.2
1499 4.2
1500 4.2
1501 4.2
1502 4.2
1503 4.2
1504 3.5
1505 5.1
1506 5.1
1507 4.8
1508 4.8
1509 4.8
1510 3.8
1511 3.7
1512 4.3
1513 4.9
1514 4.9
1515 4.9
1516 4.9
1517 4.9
1518 4.9
1519 4.9
1520 4.9
1521 4.9
1522 4.9
1523 4.9
1524 4.9
1525 4.9
1526 3.8
1527 3.8
1528 3.8
1529 3.8
1530 3.8
1531 3.8
1532 3.8
1533 3.8
1534 4.0
1535 4.1
1536 4.1
1537 4.1
1538 4.1
1539 4.1
1540 4.6
1541 4.6
1542 4.6
1543 4.6
1544 4.6
1545 4.6
1546 4.6
1547 4.6
1548 3.9
1549 3.9
1550 3.9
1551 3.9
1552 3.9
1553 4.1
1554 4.1
1555 4.1
1556 4.1
1557 5.0
1558 5.3
1559 3.5
1560 3.5
1561 3.5
1562 5.3
1563 5.3
1564 5.3
1565 5.3
1566 4.9
1567 4.9
1568 4.9
1569 5.2
1570 5.1
1571 3.6
1572 4.6
1573 4.6
1574 4.6
1575 4.1
1576 4.1
1577 4.1
1578 4.1
1579 4.1
1580 4.1
1581 4.3
1582 4.3
1583 4.3
1584 4.3
1585 4.3
1586 4.3
1587 4.3
1588 4.2
1589 4.2
1590 4.2
1591 4.2
1592 4.2
1593 4.2
1594 4.2
1595 4.2
1596 4.2
1597 4.2
1598 4.2
1599 4.8
1600 4.8
1601 4.8
1602 4.8
1603 3.6
1604 4.8
1605 4.8
1606 4.8
1607 4.8
1608 4.3
1609 4.3
1610 4.3
1611 4.3
1612 3.8
1613 3.8
1614 4.6
1615 4.3
1616 4.7
1617 3.7
1618 3.7
1619 4.7
1620 4.7
1621 4.6
1622 4.6
1623 3.6
1624 3.6
1625 3.6
1626 3.6
1627 3.6
1628 4.4
1629 4.3
1630 4.3
1631 4.3
1632 3.9
1633 4.5
1634 4.5
1635 4.3
1636 4.3
1637 3.6
1638 3.6
1639 3.6
1640 4.9
1641 4.9
1642 3.4
1643 3.4
1644 4.3
1645 4.3
1646 4.3
1647 4.3
1648 4.3
1649 4.3
1650 4.1
1651 4.1
1652 4.1
1653 4.1
1654 4.5
1655 4.5
1656 4.5
1657 4.5
1658 4.7
1659 4.7
1660 4.7
1661 4.7
1662 4.7
1663 4.7
1664 4.7
1665 4.7
1666 4.7
1667 4.7
1668 4.2
1669 4.4
1670 4.4
1671 4.6
1672 4.0
1673 4.0
1674 4.0
1675 4.0
1676 4.5
1677 4.5
1678 4.5
1679 4.5
1680 4.5
1681 4.0
1682 4.4
1683 4.0
1684 4.0
1685 4.0
1686 4.0
1687 4.0
1688 4.0
1689 4.0
1690 4.5
1691 4.5
1692 4.5
1693 4.5
1694 4.5
1695 4.5
1696 4.2
1697 4.2
1698 4.2
1699 4.2
1700 4.3
1701 4.9
1702 4.9
1703 4.9
1704 4.9
1705 4.4
1706 4.4
1707 4.4
1708 4.4
1709 4.4
1710 4.2
1711 4.2
1712 4.2
1713 4.5
1714 4.0
1715 4.7
1716 4.2
1717 3.8
1718 4.8
1719 4.7
1720 4.7
1721 4.7
1722 4.7
1723 4.7
1724 4.7
1725 4.1
1726 4.1
1727 4.1
1728 4.1
1729 4.1
1730 4.5
1731 4.5
1732 4.5
1733 4.5
1734 4.6
1735 5.0
1736 5.0
1737 3.5
1738 3.9
1739 3.9
1740 3.9
1741 3.9
1742 3.9
1743 3.9
1744 3.9
1745 3.9
1746 4.9
1747 4.9
1748 3.5
1749 4.1
1750 4.1
1751 4.1
1752 4.1
1753 4.1
1754 4.1
1755 4.1
1756 4.5
1757 4.5
1758 4.5
1759 4.5
1760 4.5
1761 3.3
1762 5.1
1763 5.1
1764 5.1
1765 5.1
1766 4.8
1767 4.8
1768 4.8
1769 3.6
1770 3.9
1771 3.9
1772 3.9
1773 3.9
1774 3.9
1775 3.9
1776 3.9
1777 5.1
1778 5.1
1779 5.1
1780 4.5
1781 4.5
1782 4.5
1783 4.3
1784 4.3
1785 4.3
1786 4.3
1787 4.3
1788 4.1
1789 4.1
1790 4.1
1791 4.2
1792 4.4
1793 4.4
1794 4.4
1795 4.4
1796 3.9
1797 3.9
1798 3.8
1799 3.8
1800 3.8
1801 3.8
1802 3.8
1803 3.8
1804 3.7
1805 3.9
1806 4.6
1807 4.6
1808 4.6
1809 4.6
1810 4.6
1811 4.6
1812 4.7
1813 3.7
1814 3.7
1815 3.7
1816 3.7
1817 3.7
1818 4.3
1819 4.1
1820 3.7
1821 3.7
1822 4.8
1823 4.8
1824 4.8
1825 4.8
1826 4.8
1827 4.8
1828 4.8
1829 4.8
1830 4.8
1831 4.2
1832 4.2
1833 4.9
1834 4.9
1835 3.6
1836 3.6
1837 3.8
1838 3.8
1839 3.8
1840 3.8
1841 3.5
1842 4.8
1843 4.8
1844 4.8
1845 4.8
1846 4.9
1847 3.7
1848 3.7
1849 3.7
1850 3.7
1851 3.7
1852 3.9
1853 3.9
1854 3.9
1855 3.9
1856 3.9
1857 3.9
1858 3.8
1859 3.8
1860 3.8
1861 3.8
1862 3.8
1863 3.8
1864 3.8
1865 4.9
1866 4.3
1867 4.3
1868 4.3
1869 4.3
1870 4.3
1871 4.3
1872 4.3
1873 4.3
1874 4.3
1875 4.5
1876 3.4
1877 3.4
1878 5.2
1879 5.2
1880 3.3
1881 4.8
1882 4.3
1883 4.3
1884 3.6
1885 3.9
1886 3.8
1887 4.7
1888 4.1
1889 4.1
1890 4.3
1891 4.3
1892 4.3
1893 3.8
1894 3.8
1895 3.8
1896 3.8
1897 3.8
1898 3.8
1899 4.7
1900 4.7
1901 4.7
1902 4.7
1903 4.7
1904 4.5
1905 4.5
1906 4.5
1907 4.5
1908 4.5
1909 3.8
1910 4.7
1911 4.7
1912 4.2
1913 4.2
1914 4.2
1915 4.2
1916 5.1
1917 4.8
1918 4.3
1919 4.3
1920 4.3
1921 5.0
1922 5.0
1923 5.0
1924 5.0
1925 5.0
1926 5.0
1927 4.3
1928 4.3
1929 5.3
1930 3.6
1931 3.6
1932 3.6
1933 3.6
1934 3.9
1935 3.9
1936 3.5
1937 3.5
1938 4.7
1939 4.7
1940 4.7
1941 4.7
1942 4.7
1943 4.7
1944 4.2
1945 4.2
1946 4.2
1947 4.2
1948 4.2
1949 4.2
1950 4.7
1951 4.7
1952 4.1
1953 4.1
1954 4.1
1955 4.1
1956 4.7
1957 4.5
1958 4.5
1959 4.5
1960 4.5
1961 4.5
1962 4.4
1963 4.4
1964 4.4
1965 4.4
1966 4.4
1967 4.4
1968 4.4
1969 4.4
1970 4.4
1971 4.4
1972 4.4
1973 4.4
1974 4.4
1975 4.5
1976 4.5
1977 4.5
1978 4.8
1979 4.8
1980 4.3
1981 4.3
1982 4.3
1983 4.3
1984 4.3
1985 4.3
1986 4.3
1987 4.3
1988 4.3
1989 4.3
1990 4.4
1991 4.4
1992 4.4
1993 4.4
1994 3.8
1995 3.9
1996 3.9
1997 3.9
1998 3.9
1999 3.9
2000 3.9
2001 3.9
2002 4.6
2003 4.6
2004 4.6
2005 4.6
2006 4.5
2007 4.5
2008 4.5
2009 4.8
2010 4.8
2011 4.8
2012 4.8
2013 4.9
2014 4.9
2015 4.3
2016 4.1
2017 4.1
2018 4.1
2019 4.5
2020 4.2
2021 4.2
2022 4.2
2023 3.8
2024 3.8
2025 3.8
2026 3.8
2027 3.8
2028 3.8
2029 3.8
2030 3.8
2031 3.8
2032 3.8
2033 3.8
2034 4.3
2035 4.3
2036 4.3
2037 4.3
2038 4.3
2039 4.4
2040 4.2
2041 4.2
2042 4.3
2043 4.3
2044 4.3
2045 4.3
2046 4.2
2047 4.2
2048 4.2
2049 3.6
2050 3.6
2051 3.6
2052 4.5
2053 4.5
2054 4.5
2055 4.5
2056 4.5
2057 4.0
2058 4.0
2059 3.5
2060 4.0
2061 4.0
2062 4.0
2063 4.0
2064 4.0
2065 3.8
2066 3.8
2067 3.7
2068 4.1
2069 4.0
2070 4.0
2071 4.0
2072 4.0
2073 4.0
2074 4.4
2075 4.4
2076 4.4
2077 4.4
2078 4.8
2079 4.8
2080 4.8
2081 4.8
2082 4.5
2083 4.5
2084 4.5
2085 4.5
2086 4.5
2087 4.5
2088 3.9
2089 3.9
2090 3.9
2091 3.9
2092 3.9
2093 3.9
2094 3.9
2095 3.9
2096 4.3
2097 4.3
2098 4.2
2099 4.2
2100 4.5
2101 4.5
2102 4.5
2103 4.5
2104 4.5
2105 4.5
2106 4.5
2107 4.5
2108 4.7
2109 4.7
2110 4.7
2111 4.0
2112 4.0
2113 5.0
2114 5.0
2115 4.7
2116 4.7
2117 4.7
2118 4.7
2119 4.7
2120 4.7
2121 4.0
2122 4.0
2123 4.0
2124 4.0
2125 4.0
2126 4.0
2127 4.0
2128 4.0
2129 4.0
2130 4.0
2131 4.0
2132 4.0
2133 4.0
2134 4.0
2135 4.0
2136 4.0
2137 4.2
2138 4.2
2139 4.2
2140 4.2
2141 4.2
2142 4.2
2143 4.2
2144 4.2
2145 4.2
2146 4.2
2147 4.2
2148 4.2
2149 4.2
2150 4.1
2151 4.2
2152 4.2
2153 4.2
2154 4.2
2155 4.2
2156 4.2
2157 4.2
2158 4.2
2159 4.2
2160 4.7
2161 4.7
2162 4.0
2163 4.0
2164 4.0
2165 4.0
2166 4.0
2167 4.5
2168 4.5
2169 4.5
2170 4.5
2171 4.5
2172 4.5
2173 5.0
2174 5.0
2175 5.0
2176 5.0
2177 5.0
2178 4.8
2179 4.8
2180 4.8
2181 4.8
2182 4.8
2183 5.0
2184 4.0
2185 4.9
2186 4.9
2187 4.9
2188 3.8
2189 5.1
2190 4.2
2191 4.2
2192 4.3
2193 5.3
2194 4.3
2195 4.3
2196 4.3
2197 4.3
2198 4.3
2199 4.3
2200 4.3
2201 4.3
2202 4.2
2203 4.2
2204 4.2
2205 4.2
2206 4.2
2207 4.2
2208 4.2
2209 4.8
2210 4.8
2211 4.8
2212 4.8
2213 4.8
2214 4.8
2215 4.8
2216 4.8
2217 4.0
2218 4.0
2219 4.0
2220 4.0
2221 4.0
2222 4.0
2223 3.4
2224 5.3
2225 5.3
2226 4.7
2227 4.7
2228 4.7
2229 4.7
2230 4.7
2231 4.7
2232 4.7
2233 4.7
2234 4.7
2235 4.7
2236 4.7
2237 4.7
2238 4.7
2239 4.7
2240 4.7
2241 4.8
2242 4.3
2243 4.3
2244 4.3
2245 4.3
2246 4.3
2247 4.3
2248 4.3
2249 4.3
2250 4.3
2251 4.3
2252 4.3
2253 4.3
2254 3.8
2255 3.8
2256 3.8
2257 4.2
2258 4.2
2259 3.9
2260 3.9
2261 3.9
2262 3.7
2263 3.7
2264 3.6
2265 4.6
2266 4.6
2267 4.6
2268 4.6
2269 4.6
2270 4.8
2271 4.8
2272 4.8
2273 4.7
2274 4.7
2275 4.7
2276 4.7
2277 4.1
2278 4.1
2279 4.1
2280 4.1
2281 4.1
2282 4.1
2283 4.1
2284 4.4
2285 4.4
2286 4.4
2287 4.4
2288 3.9
2289 3.9
2290 4.1
2291 4.6
2292 4.6
2293 4.5
2294 4.3
2295 4.3
2296 4.1
2297 4.1
2298 4.1
2299 3.8
2300 3.6
2301 3.6
2302 3.6
2303 3.6
2304 3.6
2305 3.8
2306 3.8
2307 3.8
2308 3.8
2309 3.8
2310 3.8
2311 3.8
2312 3.8
2313 3.8
2314 3.8
2315 3.8
2316 3.8
2317 3.8
2318 3.8
2319 3.8
2320 3.8
2321 3.8
2322 3.8
2323 3.8
2324 3.9
2325 4.2
2326 4.2
2327 4.2
2328 4.3
2329 4.3
2330 4.0
2331 4.0
2332 4.0
2333 4.0
2334 4.0
2335 4.0
2336 4.0
2337 4.0
2338 4.0
2339 4.0
2340 4.0
2341 4.0
2342 4.1
2343 4.1
2344 4.1
2345 4.1
2346 4.1
2347 4.8
2348 4.8
2349 4.8
2350 4.8
2351 3.8
2352 4.8
2353 4.8
2354 4.6
2355 4.6
2356 4.6
2357 3.9
2358 4.7
2359 5.1
2360 4.8
2361 4.8
2362 4.8
2363 4.8
2364 3.7
2365 3.7
2366 3.7
2367 3.9
2368 3.9
2369 3.9
2370 4.7
2371 3.9
2372 3.9
2373 3.9
2374 3.9
2375 3.9
2376 3.9
2377 3.9
2378 3.9
2379 3.9
2380 4.0
2381 4.0
2382 4.0
2383 4.0
2384 4.0
2385 4.0
2386 4.1
2387 4.1
2388 4.1
2389 4.2
2390 4.2
2391 4.2
2392 4.2
2393 4.2
2394 4.2
2395 4.2
2396 4.2
2397 4.0
2398 5.4
2399 5.4
2400 5.4
2401 3.6
2402 5.1
2403 5.1
2404 5.1
2405 4.2
2406 4.2
2407 4.2
2408 4.2
2409 4.2
2410 4.2
2411 4.2
2412 4.2
2413 4.6
2414 4.6
2415 4.6
2416 3.9
2417 4.6
2418 4.6
2419 4.6
2420 4.9
2421 4.9
2422 4.9
2423 4.9
2424 4.3
2425 4.3
2426 4.7
2427 4.7
2428 4.7
2429 4.7
2430 4.7
2431 4.7
2432 4.7
2433 4.7
2434 4.7
2435 4.5
2436 4.0
2437 4.0
2438 4.0
2439 4.4
2440 4.2
2441 4.2
2442 4.2
2443 4.2
2444 4.2
2445 4.2
2446 4.2
2447 4.1
2448 4.5
2449 4.1
2450 4.1
2451 4.1
2452 4.1
2453 4.1
2454 4.1
2455 3.7
2456 5.0
2457 5.0
2458 5.0
2459 3.6
2460 3.6
2461 3.6
2462 4.7
2463 4.7
2464 5.0
2465 5.0
2466 4.3
2467 4.3
2468 4.3
2469 4.3
2470 4.3
2471 4.3
2472 4.3
2473 4.0
2474 4.0
2475 4.0
2476 4.0
2477 4.0
2478 4.0
2479 4.1
2480 4.8
2481 3.7
2482 3.7
2483 3.7
2484 3.7
2485 3.7
2486 4.7
2487 4.7
2488 4.7
2489 4.1
2490 4.1
2491 4.1
2492 4.1
2493 4.1
2494 3.7
2495 3.7
2496 3.7
2497 3.7
2498 3.7
2499 3.8
2500 3.8
2501 3.9
2502 3.9
2503 3.9
2504 3.8
2505 4.5
2506 4.5
2507 3.5
2508 3.5
2509 3.5
2510 3.5
2511 4.7
2512 4.7
2513 4.6
2514 4.6
2515 4.6
2516 4.6
2517 4.6
2518 4.5
2519 4.5
2520 4.5
2521 4.5
2522 3.4
2523 4.2
2524 4.2
2525 4.2
2526 4.2
2527 4.2
2528 4.2
2529 4.2
2530 4.2
2531 4.2
2532 4.2
2533 4.2
2534 3.8
2535 4.7
2536 4.7
2537 4.7
2538 4.7
2539 3.8
2540 3.8
2541 3.5
2542 3.5
2543 3.5
2544 4.2
2545 4.0
2546 4.0
2547 4.0
2548 4.0
2549 4.0
2550 4.0
2551 4.0
2552 4.0
2553 4.0
2554 4.0
2555 4.0
2556 3.8
2557 4.4
2558 4.4
2559 4.4
2560 4.4
2561 4.4
2562 3.8
2563 3.8
2564 3.8
2565 3.8
2566 3.8
2567 4.7
2568 4.7
2569 3.9
2570 4.9
2571 4.9
2572 4.9
2573 5.0
2574 5.0
2575 5.0
2576 5.1
2577 5.1
2578 4.5
2579 4.5
2580 4.3
2581 4.3
2582 4.5
2583 4.5
2584 4.5
2585 4.5
2586 4.5
2587 4.5
2588 4.5
2589 4.3
2590 4.3
2591 4.3
2592 4.3
2593 4.3
2594 3.9
2595 4.3
2596 3.8
2597 5.1
2598 5.1
2599 3.5
2600 5.1
2601 4.7
2602 4.7
2603 4.7
2604 4.7
2605 4.7
2606 4.7
2607 4.4
2608 4.4
2609 4.4
2610 5.0
2611 3.7
2612 4.2
2613 4.9
2614 4.0
2615 4.0
2616 4.0
2617 4.0
2618 4.0
2619 4.0
2620 4.0
2621 4.0
2622 4.0
2623 4.0
2624 4.0
2625 4.2
2626 4.2
2627 4.2
2628 4.2
2629 4.2
2630 4.3
2631 4.3
2632 4.3
2633 4.3
2634 4.8
2635 4.8
2636 4.8
2637 4.8
2638 4.6
2639 4.6
2640 4.6
2641 4.6
2642 4.6
2643 4.6
2644 4.6
2645 4.6
2646 4.6
2647 4.8
2648 4.3
2649 4.3
2650 4.1
2651 4.1
2652 4.1
2653 4.4
2654 4.4
2655 4.4
2656 4.3
2657 5.4
2658 5.4
2659 4.3
2660 4.3
2661 4.3
2662 4.3
2663 4.3
2664 4.3
2665 4.3
2666 4.0
2667 4.0
2668 4.0
2669 4.0
2670 4.0
2671 4.0
2672 4.0
2673 4.1
2674 4.1
2675 4.1
2676 4.1
2677 4.1
2678 4.4
2679 4.1
2680 4.1
2681 4.1
2682 4.1
2683 4.1
2684 4.1
2685 4.1
2686 4.1
2687 4.1
2688 4.1
2689 4.1
2690 4.1
2691 4.1
2692 4.1
2693 4.7
2694 4.7
2695 4.7
2696 4.7
2697 4.7
2698 4.6
2699 4.3
2700 5.4
2701 5.4
2702 3.5
2703 3.5
2704 3.5
2705 5.6
2706 4.8
2707 4.8
2708 4.8
2709 4.5
2710 3.9
2711 4.2
2712 4.2
2713 4.2
2714 4.0
2715 4.0
2716 4.0
2717 4.0
2718 4.0
2719 4.0
2720 4.0
2721 4.0
2722 4.3
2723 4.3
2724 4.3
2725 4.3
2726 5.7
2727 4.8
2728 4.8
2729 5.4
2730 5.6
2731 5.2
2732 4.6
2733 3.9
2734 3.9
2735 3.9
2736 4.4
2737 4.4
2738 4.4
2739 4.4
2740 4.4
2741 4.4
2742 4.4
2743 4.4
2744 4.4
2745 4.4
2746 4.4
2747 4.4
2748 4.4
2749 4.1
2750 4.1
2751 4.1
2752 4.1
2753 4.1
2754 4.1
2755 4.4
2756 4.4
2757 4.4
2758 4.4
2759 4.4
2760 4.4
2761 4.4
2762 4.4
2763 4.4
2764 4.4
2765 4.4
2766 4.4
2767 4.4
2768 4.4
2769 4.4
2770 4.4
2771 4.6
2772 4.3
2773 4.3
2774 4.3
2775 4.6
2776 4.5
2777 4.5
2778 4.5
2779 4.0
2780 4.8
2781 4.2
2782 4.6
2783 4.6
2784 3.7
2785 3.7
2786 3.7
2787 3.7
2788 3.7
2789 3.7
2790 4.4
2791 4.4
2792 4.4
2793 4.4
2794 4.4
2795 4.1
2796 4.1
2797 4.1
2798 4.1
2799 4.1
2800 4.1
2801 4.1
2802 4.1
2803 4.1
2804 4.1
2805 4.1
2806 4.1
2807 4.1
2808 4.9
2809 5.1
2810 3.9
2811 3.9
2812 3.9
2813 3.7
2814 3.7
2815 4.2
2816 5.3
2817 5.9
2818 5.9
2819 5.6
2820 4.0
2821 4.0
2822 4.2
2823 4.2
2824 5.3
2825 5.3
2826 5.3
2827 4.9
2828 4.9
2829 4.9
2830 3.7
2831 3.7
2832 3.7
2833 5.2
2834 4.9
2835 4.9
2836 4.9
2837 4.9
2838 4.9
2839 4.9
2840 4.7
2841 4.7
2842 4.7
2843 3.6
2844 4.1
2845 4.1
2846 4.8
2847 4.8
2848 3.5
2849 4.0
2850 4.0
2851 3.8
2852 3.8
2853 3.8
2854 3.8
2855 4.0
2856 4.4
2857 4.4
2858 4.4
2859 4.4
2860 4.4
2861 4.4
2862 4.5
2863 4.6
2864 4.6
2865 4.2
2866 4.2
2867 4.2
2868 5.0
2869 3.5
2870 4.0
2871 4.9
2872 4.9
2873 4.9
2874 4.8
2875 4.8
2876 5.0
2877 5.2
2878 5.2
2879 4.2
2880 4.2
2881 4.8
2882 4.8
2883 4.8
2884 4.8
2885 4.8
2886 4.8
2887 4.8
2888 4.8
2889 4.8
2890 4.5
2891 4.5
2892 4.5
2893 4.5
2894 4.5
2895 4.5
2896 4.6
2897 4.6
2898 4.6
2899 4.6
2900 4.6
2901 4.1
2902 4.1
2903 4.1
2904 4.2
2905 5.2
2906 5.2
2907 5.2
2908 5.2
2909 4.7
2910 4.7
2911 4.7
2912 4.2
2913 4.2
2914 4.2
2915 4.4
2916 4.4
2917 4.4
2918 3.8
2919 4.6
2920 4.6
2921 4.6
2922 4.6
2923 4.6
2924 3.5
2925 3.5
2926 3.5
2927 3.5
2928 3.5
2929 3.5
2930 3.5
2931 4.0
2932 4.4
2933 4.5
2934 4.5
2935 4.5
2936 4.0
2937 4.0
2938 4.0
2939 4.0
2940 4.0
2941 4.0
2942 4.0
2943 4.0
2944 4.0
2945 4.9
2946 4.4
2947 4.4
2948 4.4
2949 4.4
2950 4.4
2951 4.4
2952 4.4
2953 3.8
2954 4.8
2955 4.8
2956 4.2
2957 4.2
2958 4.2
2959 4.2
2960 4.7
2961 3.8
2962 3.8
2963 3.8
2964 3.8
2965 3.8
2966 3.8
2967 3.8
2968 3.7
2969 3.7
2970 3.7
2971 4.3
2972 4.3
2973 4.3
2974 4.3
2975 4.3
2976 4.3
2977 4.3
2978 4.3
2979 4.3
2980 4.9
2981 3.7
2982 5.2
2983 4.7
2984 4.7
2985 4.7
2986 4.8
2987 4.8
2988 4.8
2989 4.8
2990 4.8
2991 4.8
2992 4.0
2993 3.9
2994 3.6
2995 4.1
2996 4.1
2997 4.4
2998 4.4
2999 4.4
3000 4.4
3001 4.4
3002 4.4
3003 4.4
3004 4.4
3005 4.4
3006 4.4
3007 4.4
3008 4.4
3009 4.4
3010 4.4
3011 4.4
3012 4.4
3013 4.4
3014 4.4
3015 4.4
3016 4.4
3017 4.9
3018 4.9
3019 3.8
3020 3.8
3021 3.8
3022 4.9
3023 4.9
3024 4.9
3025 4.9
3026 4.6
3027 4.6
3028 3.5
3029 4.1
3030 4.1
3031 4.1
3032 4.1
3033 4.2
3034 4.2
3035 4.2
3036 4.2
3037 4.2
3038 4.2
3039 4.7
3040 4.7
3041 4.7
3042 4.7
3043 4.7
3044 4.7
3045 4.2
3046 4.2
3047 4.2
3048 4.2
3049 5.2
3050 5.2
3051 5.2
3052 5.2
3053 3.4
3054 4.3
3055 4.3
3056 4.3
3057 4.3
3058 4.3
3059 4.2
3060 4.2
3061 4.2
3062 4.2
3063 4.1
3064 4.6
3065 3.7
3066 3.7
3067 3.7
3068 3.7
3069 4.1
3070 4.1
3071 3.8
3072 3.6
3073 5.0
3074 5.0
3075 4.1
3076 4.1
3077 4.1
3078 4.8
3079 4.8
3080 4.8
3081 4.2
3082 4.2
3083 4.5
3084 4.5
3085 4.7
3086 4.7
3087 4.7
3088 4.7
3089 4.2
3090 4.7
3091 5.0
3092 5.1
3093 5.1
3094 4.9
3095 3.8
3096 4.5
3097 4.5
3098 4.5
3099 4.5
3100 3.8
3101 3.8
3102 3.8
3103 3.6
3104 4.5
3105 4.5
3106 4.5
3107 4.7
3108 4.7
3109 4.7
3110 3.9
3111 3.9
3112 4.6
3113 4.5
3114 4.5
3115 4.5
3116 4.5
3117 4.5
3118 4.5
3119 4.5
3120 4.5
3121 4.5
3122 4.5
3123 4.5
3124 3.7
3125 3.7
3126 3.7
3127 3.7
3128 4.9
3129 4.0
3130 4.0
3131 4.3
3132 4.6
3133 4.6
3134 4.6
3135 3.7
3136 5.0
3137 5.0
3138 4.9
3139 4.9
3140 4.1
3141 4.4
3142 4.4
3143 4.4
3144 4.4
3145 4.4
3146 3.8
3147 3.8
3148 3.9
3149 3.9
3150 3.9
3151 3.9
3152 4.0
3153 4.0
3154 4.6
3155 4.2
3156 4.2
3157 4.2
3158 4.2
3159 4.3
3160 4.3
3161 4.4
3162 4.4
3163 4.4
3164 4.4
3165 4.5
3166 4.5
3167 4.5
3168 4.5
3169 3.6
3170 4.3
3171 4.3
3172 4.5
3173 4.5
3174 4.5
3175 4.5
3176 4.5
3177 4.3
3178 4.8
3179 4.8
3180 4.7
3181 4.7
3182 5.1
3183 5.1
3184 4.3
3185 4.3
3186 4.3
3187 4.3
3188 4.3
3189 4.3
3190 4.3
3191 4.3
3192 4.3
3193 4.3
3194 4.2
3195 4.2
3196 4.3
3197 4.5
3198 4.5
3199 3.7
3200 3.7
3201 3.7
3202 3.7
3203 3.7
3204 4.9
3205 5.7
3206 5.2
3207 5.2
3208 5.2
3209 3.7
3210 3.7
3211 3.7
3212 3.9
3213 4.7
3214 4.7
3215 4.7
3216 4.7
3217 4.9
3218 4.9
3219 3.8
3220 3.8
3221 4.3
3222 4.3
3223 4.3
3224 5.4
3225 5.4
3226 4.9
3227 4.9
3228 4.9
3229 5.1
3230 3.5
3231 4.1
3232 4.1
3233 4.4
3234 4.6
3235 4.6
3236 4.9
3237 4.9
3238 4.2
3239 4.2
3240 4.2
3241 4.2
3242 4.3
3243 4.3
3244 4.3
3245 4.3
3246 4.7
3247 4.7
3248 4.7
3249 3.5
3250 3.5
3251 3.5
3252 3.5
3253 5.2
3254 3.7
3255 4.6
3256 4.6
3257 4.6
3258 4.6
3259 4.8
3260 4.8
3261 4.8
3262 5.5
3263 5.5
3264 5.5
3265 3.6
3266 3.6
3267 4.2
3268 4.7
3269 4.7
3270 4.7
3271 4.7
3272 4.9
3273 4.9
3274 4.4
3275 4.4
3276 4.3
3277 4.3
3278 4.3
3279 4.3
3280 4.8
3281 4.8
3282 4.5
3283 4.3
3284 4.3
3285 4.1
3286 4.1
3287 4.1
3288 4.1
3289 4.1
3290 4.1
3291 3.7
3292 3.7
3293 3.7
3294 3.7
3295 3.7
3296 3.7
3297 3.7
3298 3.7
3299 3.7
3300 4.8
3301 5.0
3302 5.0
3303 5.5
3304 4.7
3305 4.7
3306 4.2
3307 4.2
3308 4.2
3309 4.2
3310 4.2
3311 3.9
3312 3.9
3313 3.8
3314 4.8
3315 4.8
3316 4.6
3317 4.6
3318 4.6
3319 4.7
3320 4.7
3321 4.7
3322 4.0
3323 4.0
3324 4.0
3325 4.0
3326 5.4
3327 5.3
3328 5.3
3329 5.3
3330 5.3
3331 5.3
3332 5.3
3333 3.4
3334 4.0
3335 4.1
3336 4.1
3337 4.1
3338 4.1
3339 4.1
3340 4.1
3341 4.1
3342 4.1
3343 4.3
3344 3.4
3345 3.4
3346 4.0
3347 4.0
3348 4.0
3349 4.4
3350 4.4
3351 4.4
3352 4.4
3353 4.4
3354 4.4
3355 4.4
3356 4.3
3357 4.3
3358 4.3
3359 4.3
3360 4.4
3361 4.4
3362 4.4
3363 3.9
3364 4.5
3365 4.5
3366 4.5
3367 4.5
3368 4.7
3369 4.7
3370 4.4
3371 4.4
3372 4.4
3373 4.4
3374 4.4
3375 4.4
3376 4.4
3377 4.4
3378 4.4
3379 4.4
3380 4.4
3381 5.2
3382 3.6
3383 3.6
3384 3.6
3385 3.6
3386 3.6
3387 3.6
3388 3.9
3389 5.1
3390 5.1
3391 5.1
3392 4.3
3393 3.9
3394 4.5
3395 4.7
3396 4.7
3397 3.8
3398 4.6
3399 4.1
3400 4.2
3401 4.2
3402 4.2
3403 4.2
3404 4.2
3405 4.2
3406 4.2
3407 4.6
3408 4.0
3409 4.0
3410 4.0
3411 4.0
3412 4.0
3413 4.0
3414 4.4
3415 4.4
3416 4.0
3417 4.1
3418 4.1
3419 4.1
3420 4.1
3421 4.1
3422 4.1
3423 4.1
3424 4.1
3425 4.1
3426 4.1
3427 4.1
3428 4.1
3429 4.1
3430 4.1
3431 4.1
3432 4.1
3433 4.1
3434 4.1
3435 4.4
3436 4.4
3437 4.3
3438 4.3
3439 4.3
3440 4.3
3441 3.6
3442 4.6
3443 4.6
3444 4.6
3445 4.5
3446 4.9
3447 4.9
3448 4.1
3449 4.1
3450 3.6
3451 4.0
3452 4.0
3453 4.0
3454 4.0
3455 4.0
3456 3.9
3457 3.9
3458 4.5
3459 4.5
3460 4.5
3461 4.5
3462 3.6
3463 3.5
3464 3.5
3465 4.1
3466 4.3
3467 4.2
3468 4.2
3469 4.2
3470 4.2
3471 4.2
3472 4.2
3473 4.2
3474 4.2
3475 5.3
3476 5.3
3477 5.3
3478 3.5
3479 4.5
3480 4.5
3481 4.9
3482 4.9
3483 4.0
3484 4.0
3485 3.9
3486 4.8
3487 4.8
3488 4.8
3489 4.8
3490 4.8
3491 4.8
3492 4.8
3493 4.8
3494 4.8
3495 4.8
3496 5.2
3497 5.5
3498 5.4
3499 5.4
3500 4.9
3501 5.0
3502 5.0
3503 3.9
3504 4.2
3505 4.1
3506 4.1
3507 4.1
3508 4.1
3509 4.1
3510 4.1
3511 4.1
3512 4.1
3513 4.1
3514 4.1
3515 4.1
3516 4.5
3517 4.5
3518 4.5
3519 4.4
3520 4.4
3521 4.0
3522 4.0
3523 3.0
3524 3.0
3525 3.0
3526 3.7
3527 3.7
3528 4.7
3529 4.7
3530 3.4
3531 3.4
3532 3.4
3533 3.4
3534 3.7
3535 3.7
3536 4.5
3537 4.4
3538 4.4
3539 4.4
3540 4.4
3541 4.4
3542 4.4
3543 4.4
3544 4.4
3545 4.4
3546 4.4
3547 4.1
3548 4.1
3549 4.1
3550 3.9
3551 4.0
3552 4.0
3553 4.0
3554 4.0
3555 4.0
3556 4.3
3557 3.8
3558 3.8
3559 3.8
3560 3.8
3561 4.8
3562 4.8
3563 4.8
3564 4.8
3565 4.8
3566 4.8
3567 4.8
3568 4.8
3569 4.8
3570 4.8
3571 4.8
3572 4.1
3573 4.1
3574 4.1
3575 4.1
3576 4.1
3577 4.1
3578 3.7
3579 4.7
3580 3.3
3581 3.3
3582 3.3
3583 4.4
3584 4.4
3585 4.4
3586 4.6
3587 4.6
3588 4.1
3589 4.1
3590 3.9
3591 3.7
3592 3.7
3593 4.0
3594 4.0
3595 4.0
3596 4.6
3597 4.5
3598 3.9
3599 3.9
3600 3.9
3601 3.9
3602 3.9
3603 3.9
3604 3.9
3605 3.9
3606 4.1
3607 4.1
3608 4.5
3609 3.6
3610 3.6
3611 4.8
3612 4.8
3613 4.8
3614 4.8
3615 4.8
3616 4.5
3617 4.5
3618 4.5
3619 4.5
3620 4.5
3621 4.5
3622 4.5
3623 4.5
3624 5.0
3625 4.9
3626 4.9
3627 4.9
3628 4.6
3629 4.6
3630 4.6
3631 4.6
3632 4.0
3633 4.0
3634 5.5
3635 5.5
3636 5.5
3637 3.6
3638 4.5
3639 4.5
3640 4.5
3641 4.5
3642 4.5
3643 4.5
3644 4.5
3645 4.5
3646 4.5
3647 4.0
3648 5.3
3649 5.3
3650 5.3
3651 3.8
3652 3.8
3653 4.4
3654 4.4
3655 4.3
3656 4.3
3657 4.3
3658 4.3
3659 4.5
3660 4.5
3661 4.5
3662 4.5
3663 4.5
3664 4.5
3665 3.5
3666 3.5
3667 3.5
3668 3.8
3669 3.8
3670 5.9
3671 3.8
3672 3.6
3673 3.6
3674 3.6
3675 5.1
3676 5.1
3677 5.1
3678 4.1
3679 4.1
3680 4.1
3681 4.1
3682 4.1
3683 4.1
3684 4.3
3685 3.9
3686 3.9
3687 3.9
3688 3.9
3689 3.9
3690 3.9
3691 4.6
3692 4.0
3693 3.8
3694 4.8
3695 3.8
3696 4.1
3697 4.1
3698 4.1
3699 4.1
3700 4.1
3701 4.1
3702 4.1
3703 4.1
3704 4.1
3705 4.1
3706 4.1
3707 4.1
3708 5.1
3709 4.5
3710 4.5
3711 4.9
3712 3.6
3713 3.6
3714 3.6
3715 3.6
3716 4.1
3717 4.1
3718 4.1
3719 4.1
3720 4.1
3721 4.1
3722 4.5
3723 4.6
3724 4.6
3725 4.6
3726 4.6
3727 4.6
3728 4.6
3729 4.6
3730 4.6
3731 4.6
3732 4.6
3733 4.6
3734 4.6
3735 4.6
3736 4.5
3737 4.2
3738 4.2
3739 4.2
3740 4.2
3741 4.2
3742 4.2
3743 4.2
3744 4.2
3745 4.2
3746 4.2
3747 4.2
3748 4.1
3749 4.1
3750 4.1
3751 4.1
3752 4.1
3753 4.1
3754 4.1
3755 4.1
3756 4.1
3757 4.2
3758 3.7
3759 3.7
3760 4.5
3761 4.5
3762 4.5
3763 4.5
3764 4.5
3765 4.5
3766 4.5
3767 4.5
3768 4.5
3769 4.5
3770 4.5
3771 5.1
3772 5.1
3773 5.1
3774 5.1
3775 5.1
3776 5.1
3777 5.1
3778 5.1
3779 5.1
3780 4.8
3781 4.8
3782 4.8
3783 5.0
3784 5.0
3785 4.6
3786 4.6
3787 4.6
3788 4.6
3789 4.6
3790 4.6
3791 4.6
3792 4.6
3793 4.6
3794 4.6
3795 4.6
3796 4.6
3797 4.2
3798 4.2
3799 4.2
3800 4.6
3801 4.6
3802 4.6
3803 3.9
3804 4.0
3805 4.0
3806 4.0
3807 4.0
3808 4.0
3809 4.6
3810 4.6
3811 4.6
3812 3.7
3813 3.8
3814 4.9
3815 4.9
3816 4.9
3817 3.5
3818 4.5
3819 4.5
3820 4.1
3821 4.0
3822 4.0
3823 4.5
3824 4.5
3825 3.6
3826 3.6
3827 3.6
3828 3.7
3829 4.3
3830 4.3
3831 4.3
3832 4.3
3833 4.3
3834 4.3
3835 4.3
3836 4.3
3837 4.5
3838 4.5
3839 4.5
3840 4.5
3841 4.5
3842 4.5
3843 3.7
3844 5.0
3845 5.0
3846 5.0
3847 5.0
3848 5.0
3849 5.2
3850 5.2
3851 5.2
3852 5.2
3853 5.2
3854 5.2
3855 5.2
3856 4.9
3857 3.9
3858 3.9
3859 3.9
3860 3.9
3861 3.9
3862 3.9
3863 3.9
3864 3.9
3865 3.9
3866 3.9
3867 3.9
3868 3.9
3869 3.9
3870 4.5
3871 4.2
3872 5.0
3873 4.0
3874 5.1
3875 5.1
3876 5.1
3877 5.1
3878 5.2
3879 5.2
3880 3.2
3881 3.6
3882 4.2
3883 3.9
3884 3.9
3885 3.9
3886 3.9
3887 3.9
3888 4.4
3889 4.4
3890 4.4
3891 4.4
3892 4.6
3893 4.6
3894 4.6
3895 4.6
3896 4.1
3897 4.1
3898 4.1
3899 3.8
3900 4.2
3901 4.2
3902 4.7
3903 4.7
3904 4.2
3905 4.0
3906 4.0
3907 4.0
3908 4.0
3909 5.1
3910 3.9
3911 3.9
3912 3.9
3913 4.8
3914 4.5
3915 4.5
3916 4.1
3917 4.1
3918 4.6
3919 4.6
3920 4.6
3921 4.7
3922 4.7
3923 4.7
3924 3.8
3925 3.8
3926 4.7
3927 4.3
3928 4.3
3929 3.8
3930 3.8
3931 3.8
3932 3.8
3933 3.8
3934 3.8
3935 4.5
3936 4.5
3937 4.5
3938 4.5
3939 4.5
3940 4.5
3941 4.5
3942 4.7
3943 4.7
3944 4.7
3945 4.7
3946 4.7
3947 4.7
3948 4.9
3949 4.9
3950 4.0
3951 4.0
3952 4.0
3953 4.0
3954 4.0
3955 4.0
3956 4.0
3957 4.0
3958 4.3
3959 4.3
3960 4.3
3961 5.2
3962 5.2
3963 5.2
3964 3.8
3965 3.8
3966 4.2
3967 4.2
3968 4.2
3969 4.1
3970 4.1
3971 4.1
3972 3.3
3973 3.3
3974 5.1
3975 5.1
3976 5.3
3977 5.0
3978 5.0
3979 5.0
3980 5.0
3981 5.0
3982 5.0
3983 3.6
3984 3.6
3985 4.8
3986 4.4
3987 3.8
3988 4.1
3989 4.1
3990 4.1
3991 4.1
3992 3.8
3993 3.8
3994 3.8
3995 3.8
3996 3.8
3997 4.1
3998 3.6
3999 4.2
4000 4.3
4001 4.2
4002 4.4
4003 4.5
4004 4.5
4005 4.5
4006 3.9
4007 3.9
4008 3.9
4009 3.9
4010 3.9
4011 3.9
4012 3.9
4013 3.6
4014 3.6
4015 4.5
4016 4.5
4017 4.7
4018 4.7
4019 4.8
4020 5.1
4021 5.1
4022 4.3
4023 4.4
4024 4.4
4025 4.4
4026 4.4
4027 4.1
4028 4.2
4029 4.2
4030 4.2
4031 4.2
4032 4.2
4033 4.2
4034 4.2
4035 4.2
4036 5.3
4037 5.0
4038 3.6
4039 3.6
4040 4.4
4041 4.4
4042 4.4
4043 4.4
4044 4.4
4045 4.4
4046 4.4
4047 4.4
4048 5.0
4049 5.0
4050 5.0
4051 3.6
4052 3.6
4053 3.6
4054 3.6
4055 3.6
4056 3.6
4057 3.4
4058 3.4
4059 3.6
4060 3.6
4061 4.6
4062 4.6
4063 4.6
4064 4.6
4065 4.4
4066 4.4
4067 4.4
4068 4.4
4069 4.4
4070 4.4
4071 4.4
4072 4.4
4073 4.4
4074 4.4
4075 4.4
4076 4.3
4077 4.3
4078 4.3
4079 4.3
4080 4.3
4081 4.7
4082 4.3
4083 3.9
4084 3.9
4085 3.9
4086 3.9
4087 4.3
4088 4.3
4089 3.9
4090 3.9
4091 3.9
4092 4.9
4093 4.9
4094 4.9
4095 5.0
4096 5.0
4097 4.3
4098 4.3
4099 4.3
4100 4.3
4101 4.3
4102 4.3
4103 4.3
4104 4.3
4105 4.3
4106 4.3
4107 4.3
4108 4.3
4109 4.3
4110 4.3
4111 4.3
4112 4.3
4113 4.3
4114 4.3
4115 4.3
4116 4.3
4117 4.9
4118 5.0
4119 3.2
4120 3.2
4121 5.3
4122 3.4
4123 4.8
4124 4.1
4125 4.1
4126 4.1
4127 4.9
4128 4.2
4129 4.2
4130 4.2
4131 4.2
4132 4.2
4133 3.7
4134 3.7
4135 4.7
4136 4.8
4137 4.0
4138 5.9
4139 5.9
4140 5.4
4141 4.7
4142 4.7
4143 3.7
4144 3.7
4145 3.9
4146 4.1
4147 4.1
4148 4.2
4149 4.2
4150 4.2
4151 3.8
4152 3.8
4153 3.8
4154 3.8
4155 3.8
4156 4.6
4157 4.5
4158 4.5
4159 4.0
4160 4.3
4161 4.3
4162 4.3
4163 4.3
4164 4.3
4165 4.3
4166 4.3
4167 4.3
4168 4.3
4169 4.3
4170 4.3
4171 4.3
4172 4.3
4173 4.3
4174 4.3
4175 4.3
4176 4.3
4177 4.3
4178 4.3
4179 4.1
4180 4.1
4181 4.1
4182 4.1
4183 4.3
4184 4.3
4185 4.3
4186 4.3
4187 4.4
4188 4.4
4189 5.3
4190 3.7
4191 3.7
4192 5.2
4193 4.7
4194 4.7
4195 4.4
4196 4.4
4197 4.4
4198 4.4
4199 4.4
4200 4.4
4201 4.4
4202 3.9
4203 4.9
4204 4.9
4205 3.6
4206 4.6
4207 4.6
4208 4.6
4209 4.6
4210 4.6
4211 4.6
4212 4.6
4213 4.6
4214 3.4
4215 4.5
4216 4.3
4217 4.3
4218 4.2
4219 4.2
4220 4.2
4221 4.5
4222 4.5
4223 3.7
4224 3.7
4225 3.7
4226 3.7
4227 3.7
4228 3.7
4229 3.7
4230 4.2
4231 4.4
4232 4.4
4233 4.2
4234 4.7
4235 4.7
4236 5.0
4237 5.1
4238 5.1
4239 3.9
4240 3.8
4241 3.8
4242 4.4
4243 5.1
4244 3.6
4245 3.6
4246 3.6
4247 3.6
4248 3.6
4249 3.4
4250 4.5
4251 4.5
4252 4.6
4253 4.6
4254 4.6
4255 4.6
4256 4.8
4257 4.8
4258 5.0
4259 5.0
4260 5.0
4261 4.3
4262 4.1
4263 4.1
4264 4.1
4265 4.1
4266 4.1
4267 4.3
4268 4.3
4269 4.3
4270 4.5
4271 3.6
4272 4.7
4273 4.1
4274 5.1
4275 5.1
4276 4.7
4277 4.7
4278 4.7
4279 4.7
4280 4.7
4281 4.7
4282 4.7
4283 4.7
4284 4.7
4285 4.7
4286 4.7
4287 4.7
4288 4.7
4289 3.8
4290 3.8
4291 3.8
4292 4.7
4293 4.7
4294 4.5
4295 4.5
4296 4.5
4297 5.4
4298 5.4
4299 5.4
4300 3.3
4301 5.1
4302 5.1
4303 3.4
4304 5.7
4305 4.6
4306 4.6
4307 4.0
4308 3.8
4309 4.4
4310 4.4
4311 4.4
4312 4.4
4313 4.4
4314 4.4
4315 4.4
4316 4.4
4317 4.4
4318 4.4
4319 3.7
4320 3.7
4321 4.9
4322 4.9
4323 4.9
4324 3.5
4325 3.5
4326 5.1
4327 5.1
4328 5.4
4329 4.4
4330 4.1
4331 4.1
4332 4.7
4333 4.5
4334 4.5
4335 4.5
4336 4.5
4337 4.5
4338 4.7
4339 4.7
4340 4.7
4341 4.7
4342 4.7
4343 4.7
4344 4.7
4345 4.7
4346 3.7
4347 3.7
4348 3.7
4349 5.0
4350 5.2
4351 5.2
4352 5.2
4353 4.2
4354 4.4
4355 4.4
4356 4.4
4357 4.4
4358 4.4
4359 4.4
4360 4.4
4361 4.1
4362 4.1
4363 4.1
4364 4.1
4365 4.1
4366 4.5
4367 4.5
4368 4.5
4369 4.5
4370 4.0
4371 4.0
4372 4.0
4373 4.6
4374 4.7
4375 4.7
4376 4.7
4377 3.9
4378 3.9
4379 3.9
4380 4.5
4381 4.5
4382 3.9
4383 3.9
4384 3.9
4385 3.9
4386 3.9
4387 3.9
4388 3.9
4389 3.9
4390 3.9
4391 3.9
4392 3.9
4393 3.9
4394 3.9
4395 3.9
4396 3.9
4397 3.9
4398 3.9
4399 3.9
4400 3.9
4401 3.9
4402 4.4
4403 4.4
4404 4.4
4405 4.4
4406 5.0
4407 4.7
4408 4.7
4409 4.7
4410 3.8
4411 3.8
4412 4.4
4413 4.4
4414 4.2
4415 4.2
4416 4.2
4417 4.2
4418 4.2
4419 4.2
4420 4.4
4421 4.4
4422 4.4
4423 4.4
4424 4.3
4425 4.3
4426 4.6
4427 4.6
4428 4.8
4429 4.8
4430 4.8
4431 4.8
4432 3.5
4433 4.8
4434 4.8
4435 5.3
4436 4.0
4437 4.0
4438 4.0
4439 4.0
4440 4.0
4441 3.6
4442 3.6
4443 3.6
4444 4.7
4445 4.7
4446 4.1
4447 4.1
4448 4.1
4449 4.1
4450 4.1
4451 4.1
4452 3.9
4453 3.9
4454 3.9
4455 4.5
4456 4.5
4457 4.6
4458 4.6
4459 4.6
4460 4.7
4461 4.7
4462 4.9
4463 4.2
4464 4.2
4465 4.2
4466 4.2
4467 4.2
4468 4.2
4469 4.2
4470 4.2
4471 4.2
4472 4.2
4473 4.2
4474 4.2
4475 4.2
4476 4.9
4477 4.9
4478 4.7
4479 4.7
4480 3.6
4481 4.0
4482 4.0
4483 4.2
4484 4.2
4485 4.2
4486 4.2
4487 4.2
4488 4.3
4489 4.3
4490 4.3
4491 4.3
4492 4.3
4493 4.3
4494 4.3
4495 4.3
4496 4.8
4497 4.8
4498 3.7
4499 3.7
4500 3.7
4501 3.7
4502 3.7
4503 4.5
4504 4.5
4505 4.5
4506 4.5
4507 4.5
4508 4.5
4509 4.5
4510 4.5
4511 3.9
4512 3.9
4513 3.9
4514 3.6
4515 3.6
4516 3.5
4517 4.0
4518 4.7
4519 4.7
4520 4.6
4521 4.6
4522 4.6
4523 4.6
4524 4.6
4525 4.6
4526 4.6
4527 4.6
4528 4.6
4529 4.6
4530 4.6
4531 4.6
4532 4.6
4533 4.6
4534 4.6
4535 4.3
4536 4.3
4537 4.3
4538 4.2
4539 4.2
4540 4.2
4541 4.2
4542 4.2
4543 4.2
4544 4.2
4545 4.2
4546 4.2
4547 4.2
4548 4.5
4549 4.5
4550 4.0
4551 4.0
4552 4.0
4553 4.0
4554 4.0
4555 4.0
4556 4.0
4557 4.9
4558 4.9
4559 4.6
4560 4.6
4561 4.6
4562 4.6
4563 4.6
4564 3.9
4565 3.9
4566 3.9
4567 3.9
4568 3.9
4569 3.9
4570 3.9
4571 3.9
4572 3.9
4573 3.9
4574 3.9
4575 3.9
4576 3.9
4577 4.2
4578 4.2
4579 4.2
4580 4.2
4581 4.2
4582 4.3
4583 4.3
4584 4.3
4585 4.3
4586 4.3
4587 4.3
4588 4.3
4589 4.3
4590 4.3
4591 4.1
4592 4.1
4593 4.1
4594 4.1
4595 4.2
4596 4.2
4597 4.7
4598 4.7
4599 4.7
4600 3.2
4601 5.9
4602 4.6
4603 4.6
4604 4.6
4605 4.6
4606 4.6
4607 3.8
4608 3.8
4609 4.1
4610 3.9
4611 3.9
4612 3.9
4613 3.9
4614 3.9
4615 3.9
4616 4.6
4617 4.4
4618 4.4
4619 4.4
4620 4.4
4621 4.9
4622 4.9
4623 4.9
4624 4.0
4625 4.4
4626 4.4
4627 4.3
4628 4.3
4629 4.3
4630 4.3
4631 5.3
4632 4.3
4633 4.6
4634 4.8
4635 4.8
4636 4.8
4637 4.8
4638 4.8
4639 4.8
4640 3.7
4641 3.7
4642 3.9
4643 3.9
4644 3.9
4645 3.9
4646 4.5
4647 4.4
4648 4.4
4649 4.4
4650 4.4
4651 4.4
4652 4.0
4653 4.0
4654 4.8
4655 4.8
4656 4.8
4657 4.1
4658 4.3
4659 4.3
4660 4.3
4661 4.3
4662 4.3
4663 4.2
4664 4.2
4665 4.2
4666 3.8
4667 3.8
4668 3.8
4669 3.8
4670 3.8
4671 4.1
4672 4.3
4673 4.3
4674 4.3
4675 4.3
4676 3.6
4677 3.6
4678 3.6
4679 5.1
4680 5.1
4681 5.1
4682 5.1
4683 5.1
4684 4.3
4685 4.3
4686 4.6
4687 4.5
4688 3.8
4689 4.2
4690 4.2
4691 4.2
4692 4.1
4693 4.1
4694 4.1
4695 4.1
4696 4.1
4697 4.1
4698 4.1
4699 4.1
4700 4.1
4701 4.1
4702 4.1
4703 4.1
4704 4.1
4705 4.9
4706 4.9
4707 4.6
4708 4.6
4709 4.6
4710 4.6
4711 4.6
4712 4.6
4713 4.6
4714 4.6
4715 5.1
4716 3.5
4717 3.5
4718 4.1
4719 4.1
4720 4.1
4721 3.9
4722 4.6
4723 3.5
4724 4.9
4725 4.2
4726 4.2
4727 3.7
4728 4.1
4729 4.0
4730 4.4
4731 4.4
4732 4.4
4733 4.4
4734 4.4
4735 3.6
4736 3.6
4737 3.6
4738 3.6
4739 3.9
4740 3.9
4741 3.9
4742 3.9
4743 3.9
4744 3.9
4745 3.9
4746 3.7
4747 3.7
4748 3.7
4749 5.7
4750 4.6
4751 4.6
4752 3.7
4753 3.7
4754 5.0
4755 3.7
4756 3.7
4757 3.7
4758 3.9
4759 3.9
4760 3.9
4761 3.9
4762 3.9
4763 3.4
4764 4.1
4765 4.1
4766 4.1
4767 3.9
4768 3.9
4769 4.0
4770 4.0
4771 4.0
4772 4.6
4773 4.6
4774 4.1
4775 4.1
4776 4.1
4777 4.1
4778 4.1
4779 5.0
4780 5.0
4781 5.0
4782 4.2
4783 4.2
4784 4.2
4785 4.2
4786 4.2
4787 4.3
4788 4.3
4789 4.3
4790 4.3
4791 4.3
4792 4.3
4793 4.4
4794 4.1
4795 3.5
4796 5.3
4797 5.3
4798 5.2
4799 4.9
4800 4.9
4801 4.9
4802 4.1
4803 4.3
4804 4.4
4805 4.6
4806 4.6
4807 3.6
4808 3.6
4809 3.6
4810 4.2
4811 4.2
4812 4.2
4813 4.2
4814 4.2
4815 4.2
4816 3.8
4817 3.8
4818 3.9
4819 3.9
4820 3.9
4821 3.9
4822 3.9
4823 4.1
4824 4.3
4825 3.6
4826 3.9
4827 3.9
4828 4.4
4829 4.4
4830 4.4
4831 3.5
4832 3.5
4833 4.5
4834 4.5
4835 4.5
4836 4.1
4837 4.1
4838 4.1
4839 4.0
4840 4.0
4841 5.3
4842 5.3
4843 5.3
4844 3.9
4845 3.9
4846 3.9
4847 3.9
4848 3.9
4849 3.9
4850 3.9
4851 3.9
4852 3.9
4853 3.9
4854 3.9
4855 4.3
4856 4.4
4857 4.5
4858 3.9
4859 4.0
4860 4.0
4861 4.3
4862 4.3
4863 4.3
4864 3.8
4865 3.8
4866 3.8
4867 3.8
4868 3.8
4869 3.8
4870 3.8
4871 4.7
4872 4.6
4873 4.4
4874 3.5
4875 3.5
4876 4.5
4877 4.5
4878 4.1
4879 4.1
4880 4.1
4881 4.4
4882 4.4
4883 4.4
4884 4.4
4885 4.2
4886 4.2
4887 4.6
4888 4.6
4889 4.6
4890 4.6
4891 3.8
4892 3.8
4893 3.8
4894 3.8
4895 3.8
4896 4.7
4897 4.5
4898 3.9
4899 4.0
4900 4.0
4901 3.5
4902 3.5
4903 3.5
4904 3.5
4905 3.8
4906 4.0
4907 4.0
4908 4.0
4909 4.0
4910 3.9
4911 3.9
4912 3.9
4913 4.0
4914 4.0
4915 4.0
4916 4.0
4917 4.3
4918 3.8
4919 3.7
4920 3.7
4921 3.7
4922 3.7
4923 4.2
4924 4.2
4925 4.2
4926 4.2
4927 4.2
4928 4.2
4929 4.2
4930 4.0
4931 4.0
4932 4.3
4933 4.3
4934 4.3
4935 4.3
4936 4.3
4937 4.0
4938 4.0
4939 4.0
4940 4.0
4941 4.0
4942 4.0
4943 5.0
4944 5.0
4945 4.7
4946 4.7
4947 4.7
4948 4.7
4949 4.7
4950 4.7
4951 4.7
4952 4.7
4953 4.7
4954 4.7
4955 4.3
4956 4.3
4957 4.3
4958 4.7
4959 4.7
4960 4.7
4961 4.3
4962 4.3
4963 4.3
4964 5.4
4965 4.0
4966 4.0
4967 4.0
4968 4.0
4969 4.0
4970 4.0
4971 4.0
4972 4.0
4973 4.0
4974 4.7
4975 4.9
4976 4.9
4977 4.9
4978 4.9
4979 4.8
4980 4.6
4981 4.6
4982 4.8
4983 4.8
4984 4.8
4985 4.5
4986 5.1
4987 5.1
4988 4.4
4989 4.3
4990 4.3
4991 4.3
4992 4.3
4993 3.7
4994 3.7
4995 4.5
4996 4.5
4997 4.5
4998 4.5
4999 4.5
5000 4.5
5001 4.1
5002 4.1
5003 4.1
5004 4.1
5005 4.1
5006 4.1
5007 4.1
5008 4.1
5009 4.2
5010 4.1
5011 4.1
5012 4.1
5013 3.9
5014 3.9
5015 3.9
5016 3.9
5017 3.9
5018 3.9
5019 3.9
5020 3.9
5021 3.9
5022 3.9
5023 4.7
5024 4.7
5025 4.7
5026 5.2
5027 4.0
5028 4.0
5029 4.0
5030 4.0
5031 4.9
5032 4.9
5033 4.9
5034 4.9
5035 4.9
5036 4.9
5037 4.9
5038 4.9
5039 4.9
5040 4.9
5041 3.6
5042 3.8
5043 3.9
5044 4.4
5045 4.5
5046 4.5
5047 4.2
5048 4.2
5049 4.2
5050 4.2
5051 4.5
5052 4.5
5053 3.8
5054 3.8
5055 3.8
5056 3.8
5057 3.8
5058 3.8
5059 3.8
5060 3.8
5061 3.8
5062 3.8
5063 3.8
5064 3.7
5065 3.4
5066 5.4
5067 5.4
5068 5.0
5069 4.1
5070 4.1
5071 4.1
5072 4.1
5073 4.1
5074 4.1
5075 4.1
5076 4.1
5077 4.1
5078 4.1
5079 4.0
5080 4.0
5081 4.0
5082 4.7
5083 5.0
5084 5.0
5085 4.7
5086 4.7
5087 4.4
5088 4.4
5089 4.9
5090 4.9
5091 4.9
5092 4.9
5093 4.9
5094 4.9
5095 3.8
5096 4.7
5097 4.1
5098 4.4
5099 4.5
5100 4.5
5101 4.5
5102 4.5
5103 4.5
5104 3.9
5105 3.9
5106 3.9
5107 3.9
5108 3.9
5109 3.9
5110 4.4
5111 4.4
5112 4.4
5113 4.4
5114 4.4
5115 3.7
5116 3.7
5117 3.7
5118 3.7
5119 3.7
5120 3.7
5121 3.7
5122 4.7
5123 4.7
5124 4.7
5125 3.9
5126 3.9
5127 3.9
5128 4.6
5129 4.9
5130 4.9
5131 4.9
5132 4.9
5133 4.9
5134 4.9
5135 4.9
5136 4.9
5137 4.5
5138 4.6
5139 4.6
5140 4.6
5141 4.6
5142 4.0
5143 4.0
5144 4.0
5145 4.0
5146 4.0
5147 4.0
5148 4.0
5149 4.8
5150 3.8
5151 4.7
5152 4.7
5153 4.7
5154 4.7
5155 4.0
5156 4.5
5157 4.6
5158 4.6
5159 4.6
5160 4.6
5161 4.8
5162 4.8
5163 4.6
5164 4.6
5165 4.6
5166 4.6
5167 4.6
5168 4.6
5169 4.6
5170 4.6
5171 4.3
5172 5.1
5173 4.0
5174 4.0
5175 4.6
5176 4.6
5177 4.6
5178 4.6
5179 4.1
5180 4.4
5181 4.4
5182 4.4
5183 4.4
5184 4.4
5185 4.0
5186 4.0
5187 4.0
5188 4.0
5189 4.0
5190 4.0
5191 4.0
5192 4.0
5193 4.0
5194 4.0
5195 4.0
5196 4.0
5197 4.0
5198 4.0
5199 4.0
5200 4.0
5201 4.0
5202 4.0
5203 4.0
5204 4.0
5205 4.0
5206 4.2
5207 4.2
5208 4.2
5209 4.2
5210 4.2
5211 4.2
5212 4.2
5213 4.2
5214 4.2
5215 4.2
5216 4.2
5217 4.2
5218 4.2
5219 4.2
5220 4.2
5221 4.2
5222 4.2
5223 4.2
5224 4.2
5225 4.2
5226 4.2
5227 4.2
5228 4.5
5229 4.0
5230 4.5
5231 4.5
5232 4.5
5233 4.5
5234 4.1
5235 4.1
5236 4.1
5237 4.1
5238 4.1
5239 4.1
5240 4.1
5241 4.1
5242 4.0
5243 4.0
5244 4.1
5245 4.1
5246 4.1
5247 4.3
5248 4.3
5249 4.3
5250 4.3
5251 4.4
5252 4.5
5253 4.5
5254 4.5
5255 4.5
5256 4.5
5257 4.5
5258 4.5
5259 3.7
5260 3.7
5261 3.7
5262 4.2
5263 4.2
5264 4.2
5265 4.2
5266 4.2
5267 4.2
5268 4.2
5269 4.5
5270 4.5
5271 4.5
5272 4.5
5273 4.5
5274 4.4
5275 4.4
5276 4.4
5277 3.8
5278 3.8
5279 3.8
5280 3.8
5281 3.8
5282 3.8
5283 4.3
5284 4.3
5285 5.1
5286 5.1
5287 4.5
5288 4.7
5289 4.7
5290 3.9
5291 4.1
5292 4.1
5293 4.1
5294 4.1
5295 3.8
5296 3.8
5297 3.8
5298 3.2
5299 3.2
5300 4.7
5301 4.7
5302 4.7
5303 4.7
5304 4.7
5305 4.7
5306 4.7
5307 4.7
5308 4.8
5309 4.8
5310 4.8
5311 4.8
5312 3.4
5313 4.4
5314 4.0
5315 4.0
5316 4.3
5317 4.3
5318 4.3
5319 4.3
5320 4.4
5321 4.3
5322 4.3
5323 4.3
5324 4.3
5325 4.4
5326 4.3
5327 4.0
5328 5.2
5329 5.2
5330 3.8
5331 3.8
5332 3.8
5333 3.8
5334 4.4
5335 4.4
5336 4.4
5337 4.4
5338 4.4
5339 4.4
5340 4.4
5341 4.2
5342 4.2
5343 4.2
5344 4.2
5345 4.2
5346 4.2
5347 4.2
5348 4.2
5349 4.2
5350 4.0
5351 4.0
5352 4.0
5353 4.0
5354 4.0
5355 3.6
5356 3.6
5357 4.5
5358 4.8
5359 4.8
5360 4.8
5361 4.9
5362 4.9
5363 4.8
5364 4.8
5365 4.8
5366 4.7
5367 4.7
5368 3.6
5369 3.6
5370 3.6
5371 4.7
5372 4.7
5373 3.7
5374 3.7
5375 3.7
5376 3.7
5377 4.3
5378 4.3
5379 4.6
5380 4.6
5381 4.6
5382 4.6
5383 4.0
5384 4.0
5385 4.0
5386 4.0
5387 4.0
5388 4.6
5389 4.6
5390 4.6
5391 4.6
5392 4.2
5393 4.2
5394 4.2
5395 4.2
5396 4.4
5397 4.4
5398 4.4
5399 4.4
5400 4.4
5401 4.4
5402 4.4
5403 4.3
5404 4.1
5405 4.1
5406 4.1
5407 4.1
5408 4.1
5409 4.1
5410 3.6
5411 3.6
5412 3.6
5413 4.9
5414 3.7
5415 3.7
5416 3.7
5417 3.7
5418 3.7
5419 4.8
5420 4.8
5421 4.8
5422 4.8
5423 4.8
5424 4.8
5425 4.0
5426 4.0
5427 4.0
5428 4.0
5429 4.0
5430 4.0
5431 4.0
5432 4.0
5433 4.0
5434 3.7
5435 3.8
5436 3.8
5437 4.8
5438 4.2
5439 4.2
5440 4.4
5441 4.4
5442 4.3
5443 4.3
5444 3.7
5445 3.7
5446 3.7
5447 3.7
5448 3.7
5449 3.7
5450 3.7
5451 4.3
5452 4.3
5453 3.6
5454 4.9
5455 4.9
5456 4.9
5457 4.9
5458 4.9
5459 4.9
5460 4.9
5461 4.1
5462 4.1
5463 4.3
5464 4.3
5465 4.3
5466 4.3
5467 4.3
5468 4.3
5469 4.3
5470 4.4
5471 4.4
5472 4.4
5473 4.4
5474 4.4
5475 4.4
5476 4.4
5477 4.4
5478 4.4
5479 4.4
5480 4.4
5481 4.4
5482 4.4
5483 4.4
5484 4.4
5485 4.3
5486 4.3
5487 4.3
5488 4.3
5489 4.3
5490 4.3
5491 4.3
5492 3.9
5493 4.1
5494 4.3
5495 3.7
5496 3.7
5497 3.7
5498 4.1
5499 4.1
5500 4.1
5501 4.1
5502 4.1
5503 4.1
5504 4.1
5505 4.1
5506 3.9
5507 3.9
5508 4.9
5509 4.9
5510 4.9
5511 4.5
5512 4.5
5513 4.5
5514 4.5
5515 4.5
5516 4.5
5517 4.5
5518 4.5
5519 4.5
5520 5.0
5521 5.0
5522 5.0
5523 5.0
5524 5.0
5525 5.0
5526 5.0
5527 5.0
5528 5.9
5529 4.8
5530 4.8
5531 4.8
5532 4.8
5533 4.2
5534 4.2
5535 4.2
5536 4.2
5537 4.2
5538 4.2
5539 4.3
5540 4.3
5541 4.1
5542 4.1
5543 4.1
5544 4.1
5545 4.6
5546 4.6
5547 4.6
5548 4.6
5549 4.6
5550 4.8
5551 4.8
5552 4.4
5553 4.4
5554 4.4
5555 4.4
5556 4.4
5557 4.4
5558 4.4
5559 4.4
5560 4.4
5561 4.4
5562 4.4
5563 4.4
5564 4.4
5565 4.1
5566 4.1
5567 4.1
5568 3.8
5569 4.5
5570 4.5
5571 3.7
5572 3.7
5573 5.0
5574 5.0
5575 5.0
5576 4.6
5577 4.0
5578 4.0
5579 4.0
5580 4.0
5581 4.0
5582 4.0
5583 4.4
5584 4.4
5585 4.6
5586 4.9
5587 4.9
5588 4.1
5589 4.1
5590 4.1
5591 4.1
5592 5.0
5593 5.0
5594 5.0
5595 4.9
5596 4.9
5597 4.9
5598 4.9
5599 4.9
5600 3.8
5601 3.8
5602 3.8
5603 4.0
5604 5.3
5605 5.0
5606 4.3
5607 4.3
5608 4.8
5609 4.8
5610 4.8
5611 4.8
5612 4.8
5613 4.8
5614 4.8
5615 4.8
5616 5.3
5617 4.0
5618 4.0
5619 4.0
5620 4.0
5621 4.0
5622 4.2
5623 4.2
5624 4.2
5625 4.2
5626 4.2
5627 4.2
5628 3.6
5629 3.6
5630 4.7
5631 4.7
5632 4.7
5633 4.4
5634 4.4
5635 4.9
5636 4.9
5637 4.9
5638 4.9
5639 4.8
5640 4.1
5641 4.1
5642 4.1
5643 4.8
5644 4.8
5645 4.8
5646 4.8
5647 4.8
5648 3.9
5649 3.9
5650 3.9
5651 3.9
5652 4.7
5653 4.7
5654 4.1
5655 4.1
5656 3.7
5657 3.7
5658 4.0
5659 4.0
5660 4.0
5661 4.0
5662 4.0
5663 3.6
5664 3.6
5665 3.6
5666 3.6
5667 4.5
5668 4.3
5669 4.3
5670 4.3
5671 4.3
5672 4.1
5673 4.1
5674 4.0
5675 3.6
5676 3.6
5677 3.6
5678 3.9
5679 3.9
5680 3.9
5681 3.9
5682 4.8
5683 4.8
5684 4.8
5685 4.8
5686 4.8
5687 4.8
5688 4.1
5689 4.1
5690 4.1
5691 4.1
5692 4.6
5693 4.6
5694 4.6
5695 4.1
5696 4.1
5697 4.1
5698 4.1
5699 4.1
5700 4.5
5701 5.1
5702 5.1
5703 5.1
5704 5.1
5705 3.9
5706 3.9
5707 4.5
5708 4.5
5709 4.6
5710 3.7
5711 3.7
5712 4.5
5713 3.8
5714 3.8
5715 3.8
5716 3.8
5717 4.6
5718 4.6
5719 4.6
5720 4.6
5721 4.6
5722 4.6
5723 4.0
5724 4.0
5725 4.0
5726 4.0
5727 4.0
5728 4.0
5729 3.6
5730 3.9
5731 3.9
5732 3.9
5733 3.9
5734 4.6
5735 4.6
5736 3.9
5737 5.7
5738 5.7
5739 5.7
5740 5.7
5741 5.4
5742 5.4
5743 4.6
5744 4.6
5745 4.6
5746 4.6
5747 4.6
5748 4.6
5749 4.6
5750 4.6
5751 4.6
5752 4.6
5753 4.6
5754 4.6
5755 4.6
5756 4.6
5757 4.6
5758 4.6
5759 4.6
5760 4.6
5761 4.6
5762 4.6
5763 4.6
5764 4.1
5765 4.1
5766 4.4
5767 4.4
5768 4.6
5769 4.6
5770 4.6
5771 4.6
5772 5.7
5773 3.9
5774 3.9
5775 4.5
5776 4.5
5777 3.9
5778 3.9
5779 3.9
5780 3.9
5781 3.9
5782 3.9
5783 3.8
5784 3.8
5785 3.4
5786 4.6
5787 4.1
5788 4.1
5789 4.1
5790 4.3
5791 4.3
5792 4.3
5793 4.9
5794 4.4
5795 4.4
5796 4.4
5797 4.4
5798 4.4
5799 4.4
5800 4.4
5801 4.4
5802 4.4
5803 4.7
5804 4.7
5805 4.3
5806 4.3
5807 4.3
5808 3.8
5809 3.8
5810 4.0
5811 4.0
5812 4.0
5813 4.8
5814 4.5
5815 4.5
5816 4.5
5817 4.9
5818 4.3
5819 4.3
5820 4.3
5821 4.3
5822 4.3
5823 4.6
5824 4.6
5825 4.8
5826 4.8
5827 4.8
5828 4.8
5829 4.1
5830 3.8
5831 3.8
5832 3.8
5833 3.8
5834 3.8
5835 5.3
5836 5.3
5837 4.1
5838 4.1
5839 4.1
5840 4.1
5841 4.1
5842 4.5
5843 4.5
5844 5.1
5845 4.8
5846 4.3
5847 4.2
5848 4.2
5849 4.2
5850 4.2
5851 4.4
5852 3.8
5853 3.8
5854 3.8
5855 3.8
5856 3.8
5857 4.4
5858 3.8
5859 4.7
5860 4.7
5861 4.7
5862 4.7
5863 4.7
5864 3.8
5865 3.8
5866 3.8
5867 3.8
5868 3.8
5869 4.8
5870 3.9
5871 3.9
5872 4.5
5873 4.5
5874 4.5
5875 4.5
5876 4.5
5877 4.5
5878 4.5
5879 4.5
5880 4.5
5881 4.5
5882 4.5
5883 4.5
5884 3.9
5885 3.9
5886 3.9
5887 3.9
5888 3.6
5889 3.6
5890 3.9
5891 3.9
5892 4.0
5893 4.0
5894 4.0
5895 4.4
5896 4.4
5897 4.5
5898 4.5
5899 4.6
5900 4.6
5901 3.7
5902 3.6
5903 3.6
5904 3.6
5905 4.3
5906 4.3
5907 4.3
5908 4.4
5909 4.4
5910 4.4
5911 4.4
5912 4.4
5913 4.4
5914 4.4
5915 4.4
5916 4.4
5917 4.4
5918 4.4
5919 4.4
5920 4.2
5921 4.2
5922 4.2
5923 4.2
5924 4.3
5925 4.3
5926 4.4
5927 4.4
5928 4.4
5929 4.4
5930 4.4
5931 4.0
5932 4.0
5933 4.0
5934 3.8
5935 3.8
5936 3.8
5937 4.0
5938 4.0
5939 4.0
5940 4.5
5941 5.0
5942 4.4
5943 4.3
5944 4.1
5945 4.1
5946 4.3
5947 4.3
5948 4.3
5949 4.3
5950 4.4
5951 4.4
5952 4.4
5953 4.4
5954 4.4
5955 4.4
5956 5.0
5957 5.0
5958 5.0
5959 3.7
5960 4.7
5961 4.3
5962 4.3
5963 3.7
5964 3.7
5965 3.7
5966 4.6
5967 4.3
5968 4.3
5969 4.3
5970 4.6
5971 4.6
5972 4.0
5973 3.5
5974 4.5
5975 5.2
5976 5.2
5977 4.8
5978 4.4
5979 5.0
5980 5.0
5981 4.5
5982 4.9
5983 4.3
5984 4.3
5985 4.3
5986 4.3
5987 4.3
5988 4.0
5989 5.3
5990 5.3
5991 5.3
5992 4.4
5993 4.4
5994 3.9
5995 3.9
5996 3.9
5997 3.6
5998 3.6
5999 3.3
6000 3.3
6001 3.3
6002 3.3
6003 4.0
6004 4.0
6005 3.7
6006 3.7
6007 3.7
6008 4.2
6009 4.2
6010 4.2
6011 5.2
6012 3.7
6013 3.7
6014 3.7
6015 3.5
6016 3.8
6017 3.8
6018 3.8
6019 4.5
6020 4.3
6021 4.3
6022 4.0
6023 4.0
6024 4.0
6025 5.0
6026 5.0
6027 4.0
6028 4.6
6029 4.0
6030 4.1
6031 4.1
6032 4.1
6033 4.1
6034 4.1
6035 5.5
6036 3.4
6037 5.4
6038 5.5
6039 5.5
6040 5.5
6041 5.1
6042 3.5
6043 4.5
6044 4.5
6045 4.8
6046 4.5
6047 4.5
6048 4.5
6049 4.6
6050 4.6
6051 4.6
6052 4.6
6053 4.6
6054 4.6
6055 4.6
6056 4.6
6057 4.6
6058 4.6
6059 4.6
6060 4.6
6061 4.4
6062 4.4
6063 4.4
6064 3.9
6065 3.9
6066 3.9
6067 3.9
6068 3.5
6069 5.0
6070 4.2
6071 4.2
6072 4.2
6073 4.2
6074 4.2
6075 4.2
6076 4.2
6077 4.2
6078 4.2
6079 4.2
6080 4.2
6081 4.6
6082 4.6
6083 3.7
6084 3.7
6085 3.7
6086 4.0
6087 4.0
6088 4.0
6089 4.7
6090 3.6
6091 3.8
6092 4.6
6093 4.6
6094 4.6
6095 4.6
6096 4.6
6097 4.6
6098 4.6
6099 4.6
6100 4.6
6101 3.9
6102 3.9
6103 3.9
6104 3.9
6105 4.2
6106 5.6
6107 5.6
6108 4.3
6109 4.3
6110 4.3
6111 4.3
6112 4.3
6113 4.3
6114 4.3
6115 4.3
6116 4.3
6117 4.8
6118 5.0
6119 4.0
6120 4.0
6121 4.0
6122 4.0
6123 4.0
6124 4.0
6125 4.6
6126 4.6
6127 5.1
6128 5.1
6129 5.1
6130 4.1
6131 4.1
6132 4.1
6133 4.1
6134 4.1
6135 4.1
6136 4.1
6137 4.1
6138 4.1
6139 4.1
6140 3.9
6141 3.9
6142 4.1
6143 4.1
6144 4.3
6145 4.6
6146 4.6
6147 4.6
6148 4.6
6149 5.0
6150 3.4
6151 3.4
6152 4.8
6153 4.8
6154 4.5
6155 4.2
6156 4.1
6157 4.2
6158 3.7
6159 3.7
6160 3.7
6161 3.7
6162 3.7
6163 4.0
6164 4.6
6165 4.6
6166 4.6
6167 4.6
6168 4.4
6169 4.7
6170 4.0
6171 4.0
6172 4.0
6173 4.0
6174 4.0
6175 4.0
6176 5.0
6177 4.6
6178 4.6
6179 4.5
6180 4.5
6181 4.0
6182 4.0
6183 4.6
6184 4.6
6185 4.6
6186 3.8
6187 3.8
6188 3.8
6189 3.8
6190 4.3
6191 4.3
6192 3.7
6193 4.6
6194 4.6
6195 4.6
6196 4.6
6197 4.6
6198 4.4
6199 4.4
6200 4.6
6201 4.6
6202 4.6
6203 4.6
6204 4.6
6205 4.6
6206 4.6
6207 4.6
6208 4.6
6209 4.0
6210 4.0
6211 4.9
6212 4.9
6213 4.9
6214 4.9
6215 4.9
6216 4.4
6217 3.8
6218 3.8
6219 4.2
6220 4.2
6221 4.2
6222 4.2
6223 4.2
6224 5.4
6225 4.3
6226 4.3
6227 4.3
6228 4.3
6229 4.3
6230 3.3
6231 3.6
6232 5.3
6233 5.3
6234 5.3
6235 4.7
6236 4.7
6237 4.2
6238 4.2
6239 3.6
6240 3.6
6241 3.6
6242 3.6
6243 3.7
6244 3.9
6245 3.9
6246 3.9
6247 3.9
6248 3.9
6249 3.9
6250 3.9
6251 3.9
6252 3.9
6253 3.9
6254 3.9
6255 3.9
6256 3.9
6257 3.9
6258 3.9
6259 3.9
6260 3.9
6261 4.8
6262 4.2
6263 4.2
6264 4.2
6265 4.2
6266 4.2
6267 4.4
6268 4.4
6269 4.4
6270 4.4
6271 4.1
6272 4.1
6273 4.1
6274 4.1
6275 4.1
6276 4.1
6277 4.1
6278 4.1
6279 4.1
6280 4.1
6281 4.1
6282 4.1
6283 4.1
6284 4.1
6285 5.3
6286 5.3
6287 3.4
6288 3.4
6289 5.4
6290 5.4
6291 3.6
6292 3.6
6293 3.6
6294 5.4
6295 5.4
6296 5.3
6297 5.2
6298 4.7
6299 4.5
6300 4.5
6301 4.5
6302 4.4
6303 4.4
6304 4.4
6305 4.1
6306 4.1
6307 4.1
6308 4.1
6309 4.1
6310 4.1
6311 4.6
6312 4.6
6313 4.6
6314 4.6
6315 4.6
6316 4.6
6317 4.6
6318 4.2
6319 4.2
6320 3.2
6321 3.8
6322 4.4
6323 4.4
6324 4.4
6325 4.4
6326 4.4
6327 4.4
6328 4.2
6329 4.2
6330 4.2
6331 4.2
6332 4.2
6333 4.2
6334 4.2
6335 4.3
6336 4.3
6337 4.3
6338 4.3
6339 4.0
6340 4.0
6341 4.1
6342 4.1
6343 4.1
6344 4.6
6345 4.6
6346 5.1
6347 5.1
6348 4.5
6349 4.5
6350 4.5
6351 4.3
6352 4.8
6353 4.3
6354 4.3
6355 4.4
6356 4.4
6357 4.4
6358 4.4
6359 4.7
6360 4.7
6361 5.3
6362 5.1
6363 5.1
6364 5.4
6365 5.7
6366 3.7
6367 3.8
6368 3.8
6369 3.8
6370 3.8
6371 3.8
6372 3.8
6373 4.4
6374 3.8
6375 3.9
6376 3.8
6377 3.5
6378 3.7
6379 4.1
6380 4.1
6381 4.1
6382 3.3
6383 4.7
6384 5.0
6385 5.0
6386 5.0
6387 5.0
6388 5.2
6389 5.5
6390 4.4
6391 3.8
6392 3.8
6393 3.8
6394 4.7
6395 3.3
6396 3.8
6397 3.8
6398 3.8
6399 3.7
6400 3.6
6401 4.7
6402 4.7
6403 4.7
6404 4.1
6405 4.1
6406 4.2
6407 4.2
6408 4.4
6409 4.4
6410 4.4
6411 4.2
6412 4.2
6413 4.2
6414 4.9
6415 4.9
6416 3.7
6417 3.7
6418 3.7
6419 3.6
6420 3.6
6421 3.6
6422 4.4
6423 4.4
6424 4.2
6425 4.2
6426 4.2
6427 3.6
6428 4.4
6429 4.4
6430 4.4
6431 4.1
6432 4.2
6433 4.2
6434 3.8
6435 3.8
6436 3.8
6437 3.8
6438 3.8
6439 3.8
6440 3.8
6441 3.8
6442 3.8
6443 3.8
6444 3.6
6445 4.0
6446 4.4
6447 4.4
6448 4.4
6449 4.4
6450 4.4
6451 3.2
6452 3.2
6453 5.3
6454 4.8
6455 4.8
6456 4.8
6457 4.8
6458 4.8
6459 4.8
6460 3.8
6461 4.6
6462 4.6
6463 4.2
6464 4.1
6465 4.1
6466 4.1
6467 4.1
6468 4.1
6469 4.1
6470 4.1
6471 4.1
6472 4.1
6473 4.1
6474 4.1
6475 4.1
6476 4.8
6477 4.8
6478 4.5
6479 4.5
6480 4.5
6481 4.3
6482 4.3
6483 4.1
6484 4.1
6485 4.1
6486 4.1
6487 4.4
6488 4.4
6489 4.1
6490 4.1
6491 4.1
6492 4.1
6493 4.1
6494 4.1
6495 5.0
6496 5.0
6497 5.5
6498 3.4
6499 5.6
6500 4.4
6501 4.0
6502 4.0
6503 4.0
6504 4.0
6505 4.2
6506 4.8
6507 4.7
6508 5.2
6509 5.2
6510 4.9
6511 4.9
6512 4.9
6513 4.9
6514 4.9
6515 4.9
6516 4.9
6517 4.6
6518 4.6
6519 4.0
6520 4.0
6521 4.0
6522 4.0
6523 4.0
6524 4.0
6525 4.0
6526 4.0
6527 4.0
6528 4.5
6529 4.3
6530 4.3
6531 4.3
6532 4.3
6533 4.3
6534 4.5
6535 4.6
6536 3.7
6537 3.7
6538 3.7
6539 4.0
6540 4.0
6541 4.0
6542 4.0
6543 3.7
6544 3.8
6545 3.7
6546 3.8
6547 3.8
6548 3.8
6549 5.6
6550 5.2
6551 3.9
6552 4.3
6553 4.2
6554 4.2
6555 4.2
6556 4.6
6557 4.6
6558 4.6
6559 4.6
6560 4.6
6561 4.6
6562 4.6
6563 4.6
6564 4.1
6565 4.1
6566 4.9
6567 3.9
6568 4.7
6569 4.7
6570 4.7
6571 4.7
6572 4.7
6573 4.7
6574 4.7
6575 3.6
6576 3.6
6577 3.6
6578 3.6
6579 5.5
6580 4.5
6581 4.5
6582 4.5
6583 4.5
6584 4.5
6585 4.5
6586 4.5
6587 4.1
6588 4.1
6589 4.1
6590 4.1
6591 4.4
6592 5.1
6593 5.1
6594 3.8
6595 3.8
6596 3.8
6597 3.8
6598 3.8
6599 3.8
6600 3.8
6601 3.8
6602 3.8
6603 3.8
6604 4.2
6605 4.2
6606 4.2
6607 4.2
6608 4.2
6609 5.2
6610 5.2
6611 5.2
6612 3.7
6613 3.7
6614 3.7
6615 5.3
6616 4.2
6617 4.1
6618 4.1
6619 4.1
6620 4.1
6621 4.1
6622 4.1
6623 4.1
6624 4.1
6625 3.5
6626 5.5
6627 5.3
6628 4.5
6629 4.5
6630 4.2
6631 4.1
6632 3.6
6633 4.2
6634 4.2
6635 4.2
6636 4.2
6637 4.2
6638 3.9
6639 3.9
6640 3.9
6641 3.9
6642 3.8
6643 3.8
6644 3.8
6645 3.8
6646 3.8
6647 3.8
6648 3.4
6649 4.4
6650 4.4
6651 4.4
6652 4.4
6653 4.8
6654 4.8
6655 4.8
6656 3.4
6657 5.5
6658 5.5
6659 5.5
6660 5.5
6661 5.5
6662 4.3
6663 4.3
6664 4.3
6665 4.3
6666 4.3
6667 4.3
6668 4.3
6669 4.3
6670 4.3
6671 4.3
6672 5.0
6673 5.0
6674 5.0
6675 5.7
6676 4.9
6677 4.9
6678 4.5
6679 4.0
6680 4.9
6681 4.9
6682 4.9
6683 4.7
6684 4.7
6685 4.7
6686 4.7
6687 4.7
6688 3.9
6689 5.0
6690 4.8
6691 4.8
6692 4.8
6693 3.9
6694 3.9
6695 3.9
6696 4.6
6697 3.6
6698 3.6
6699 4.3
6700 4.3
6701 4.3
6702 4.3
6703 4.3
6704 4.3
6705 4.3
6706 4.3
6707 3.9
6708 3.9
6709 3.9
6710 3.9
6711 3.9
6712 4.2
6713 4.5
6714 4.5
6715 4.5
6716 4.5
6717 4.5
6718 4.5
6719 4.3
6720 4.3
6721 4.3
6722 4.3
6723 4.3
6724 4.3
6725 4.1
6726 4.1
6727 4.1
6728 4.1
6729 4.1
6730 4.1
6731 4.1
6732 4.1
6733 4.1
6734 5.1
6735 5.1
6736 3.6
6737 5.1
6738 5.1
6739 5.1
6740 3.5
6741 4.5
6742 4.5
6743 4.5
6744 4.5
6745 4.5
6746 4.5
6747 4.5
6748 4.5
6749 4.5
6750 4.5
6751 5.0
6752 5.0
6753 5.0
6754 5.0
6755 3.4
6756 3.4
6757 4.3
6758 4.3
6759 4.3
6760 4.3
6761 4.3
6762 4.3
6763 4.3
6764 4.3
6765 4.3
6766 4.3
6767 4.3
6768 4.8
6769 4.8
6770 4.8
6771 3.8
6772 3.8
6773 3.8
6774 3.8
6775 3.9
6776 4.9
6777 4.9
6778 4.9
6779 3.9
6780 3.6
6781 3.6
6782 3.6
6783 4.3
6784 4.3
6785 4.3
6786 4.3
6787 4.3
6788 4.3
6789 4.3
6790 4.5
6791 4.5
6792 4.5
6793 4.2
6794 4.2
6795 4.2
6796 4.2
6797 5.3
6798 5.0
6799 5.0
6800 4.3
6801 4.3
6802 3.9
6803 3.9
6804 3.9
6805 4.9
6806 4.1
6807 4.1
6808 4.7
6809 4.7
6810 4.3
6811 4.3
6812 4.3
6813 4.3
6814 3.7
6815 3.7
6816 3.7
6817 4.7
6818 4.7
6819 4.7
6820 4.7
6821 4.7
6822 4.7
6823 4.7
6824 4.7
6825 4.7
6826 4.7
6827 4.7
6828 4.6
6829 4.6
6830 4.0
6831 4.0
6832 4.0
6833 4.0
6834 5.0
6835 5.0
6836 5.0
6837 5.0
6838 5.0
6839 5.0
6840 5.0
6841 5.0
6842 5.0
6843 4.2
6844 4.2
6845 4.2
6846 4.2
6847 4.2
6848 4.2
6849 4.2
6850 4.2
6851 4.2
6852 4.2
6853 4.8
6854 4.8
6855 4.2
6856 4.2
6857 3.6
6858 3.9
6859 4.2
6860 4.2
6861 4.2
6862 4.2
6863 4.6
6864 4.6
6865 4.6
6866 5.0
6867 5.0
6868 4.1
6869 4.1
6870 4.1
6871 4.1
6872 4.1
6873 3.9
6874 3.9
6875 3.9
6876 3.9
6877 3.9
6878 3.9
6879 3.9
6880 3.9
6881 3.9
6882 3.9
6883 3.9
6884 3.9
6885 3.9
6886 5.2
6887 5.2
6888 5.2
6889 5.2
6890 5.9
6891 5.9
6892 5.7
6893 4.1
6894 4.1
6895 4.1
6896 4.1
6897 4.1
6898 4.1
6899 4.1
6900 3.7
6901 3.7
6902 4.2
6903 4.6
6904 3.9
6905 3.9
6906 4.0
6907 4.0
6908 4.0
6909 3.9
6910 3.9
6911 3.7
6912 3.7
6913 4.5
6914 3.6
6915 3.6
6916 3.6
6917 4.0
6918 4.0
6919 4.0
6920 4.1
6921 4.1
6922 4.1
6923 4.1
6924 4.1
6925 4.1
6926 4.8
6927 4.7
6928 3.4
6929 3.4
6930 4.5
6931 4.5
6932 4.5
6933 4.5
6934 4.5
6935 4.6
6936 4.4
6937 4.4
6938 4.4
6939 4.4
6940 4.1
6941 4.1
6942 4.1
6943 4.1
6944 4.1
6945 4.1
6946 4.0
6947 4.0
6948 4.0
6949 4.5
6950 4.5
6951 4.5
6952 4.5
6953 4.7
6954 4.6
6955 4.6
6956 3.7
6957 3.7
6958 3.7
6959 5.1
6960 5.3
6961 4.2
6962 4.2
6963 4.2
6964 4.7
6965 4.7
6966 4.0
6967 4.0
6968 4.2
6969 4.2
6970 3.8
6971 3.8
6972 4.3
6973 4.5
6974 4.5
6975 4.5
6976 4.5
6977 4.4
6978 4.4
6979 4.4
6980 4.4
6981 4.4
6982 4.4
6983 4.3
6984 4.3
6985 4.3
6986 4.3
6987 4.0
6988 4.0
6989 4.2
6990 4.2
6991 4.2
6992 4.4
6993 4.4
6994 4.4
6995 4.4
6996 4.4
6997 4.4
6998 4.4
6999 4.4
7000 3.6
7001 3.5
7002 3.5
7003 3.5
7004 4.2
7005 4.2
7006 4.2
7007 4.2
7008 4.2
7009 4.2
7010 4.2
7011 4.2
7012 4.2
7013 4.2
7014 4.2
7015 4.2
7016 4.3
7017 4.2
7018 4.2
7019 4.2
7020 4.2
7021 3.9
7022 3.9
7023 3.9
7024 3.9
7025 3.9
7026 4.4
7027 4.2
7028 4.2
7029 4.2
7030 5.3
7031 4.4
7032 4.3
7033 4.3
7034 4.3
7035 4.3
7036 4.3
7037 3.9
7038 3.9
7039 4.1
7040 4.1
7041 4.1
7042 4.1
7043 4.0
7044 4.9
7045 4.9
7046 4.9
7047 4.1
7048 4.1
7049 4.1
7050 4.1
7051 4.1
7052 4.1
7053 4.1
7054 4.6
7055 4.6
7056 4.8
7057 4.2
7058 4.2
7059 4.9
7060 4.9
7061 4.9
7062 4.9
7063 4.9
7064 5.4
7065 5.4
7066 5.4
7067 5.4
7068 5.4
7069 4.3
7070 4.3
7071 4.5
7072 4.5
7073 4.5
7074 4.5
7075 4.5
7076 3.6
7077 4.0
7078 4.0
7079 3.5
7080 3.9
7081 3.6
7082 4.1
7083 4.1
7084 4.1
7085 4.1
7086 4.1
7087 4.1
7088 4.1
7089 4.4
7090 4.4
7091 4.4
7092 4.4
7093 4.4
7094 4.4
7095 3.9
7096 3.9
7097 4.1
7098 4.1
7099 4.1
7100 4.1
7101 4.1
7102 4.1
7103 4.3
7104 4.3
7105 4.3
7106 4.3
7107 4.3
7108 4.1
7109 4.1
7110 4.5
7111 5.4
7112 5.4
7113 3.4
7114 3.4
7115 3.4
7116 4.5
7117 4.5
7118 4.5
7119 4.5
7120 4.5
7121 4.5
7122 4.8
7123 4.8
7124 4.8
7125 4.8
7126 4.8
7127 4.8
7128 3.9
7129 3.9
7130 3.9
7131 3.9
7132 3.9
7133 4.1
7134 4.1
7135 4.3
7136 4.5
7137 4.5
7138 4.5
7139 4.5
7140 4.6
7141 4.6
7142 4.6
7143 4.6
7144 4.6
7145 4.6
7146 3.4
7147 3.4
7148 5.3
7149 5.3
7150 5.3
7151 4.3
7152 4.3
7153 4.3
7154 4.3
7155 4.3
7156 4.3
7157 4.3
7158 3.9
7159 3.9
7160 4.8
7161 4.6
7162 4.6
7163 4.6
7164 4.0
7165 4.0
7166 4.0
7167 4.0
7168 4.0
7169 4.0
7170 4.3
7171 4.3
7172 4.3
7173 4.1
7174 4.1
7175 4.1
7176 4.1
7177 4.4
7178 4.4
7179 4.4
7180 4.4
7181 4.4
7182 4.4
7183 4.4
7184 3.9
7185 4.1
7186 3.8
7187 3.8
7188 3.8
7189 4.0
7190 4.0
7191 4.0
7192 4.1
7193 4.1
7194 4.1
7195 4.8
7196 3.7
7197 5.8
7198 5.8
7199 4.9
7200 4.9
7201 4.9
7202 4.9
7203 4.9
7204 4.9
7205 4.9
7206 4.9
7207 4.9
7208 4.8
7209 4.3
7210 4.3
7211 4.0
7212 4.0
7213 4.0
7214 4.2
7215 4.2
7216 4.3
7217 4.3
7218 4.3
7219 4.3
7220 4.3
7221 4.3
7222 5.0
7223 3.8
7224 3.8
7225 5.2
7226 5.2
7227 5.2
7228 5.2
7229 5.2
7230 5.2
7231 2.8
7232 3.0
7233 5.8
7234 4.7
7235 4.2
7236 4.2
7237 4.2
7238 4.1
7239 4.9
7240 4.6
7241 4.5
7242 4.5
7243 3.5
7244 3.5
7245 3.5
7246 3.0
7247 4.1
7248 4.1
7249 4.1
7250 4.1
7251 3.7
7252 3.6
7253 4.9
7254 4.9
7255 4.9
7256 4.5
7257 4.5
7258 4.5
7259 4.5
7260 4.0
7261 4.0
7262 4.0
7263 4.0
7264 4.0
7265 4.0
7266 4.0
7267 4.6
7268 4.6
7269 4.6
7270 4.3
7271 4.3
7272 4.3
7273 4.3
7274 4.3
7275 4.3
7276 3.7
7277 3.7
7278 3.7
7279 3.7
7280 3.7
7281 3.7
7282 3.7
7283 4.1
7284 4.1
7285 4.1
7286 4.1
7287 4.1
7288 5.0
7289 3.7
7290 3.7
7291 3.7
7292 4.5
7293 4.1
7294 4.2
7295 3.8
7296 4.4
7297 4.4
7298 4.4
7299 4.4
7300 4.4
7301 4.4
7302 4.4
7303 4.4
7304 4.4
7305 4.4
7306 4.4
7307 4.3
7308 4.3
7309 4.3
7310 4.3
7311 4.3
7312 4.3
7313 4.3
7314 4.3
7315 4.3
7316 3.8
7317 3.8
7318 3.8
7319 3.8
7320 3.8
7321 3.8
7322 3.8
7323 3.8
7324 4.5
7325 4.5
7326 4.1
7327 4.1
7328 4.1
7329 4.1
7330 4.1
7331 4.1
7332 4.1
7333 4.5
7334 4.5
7335 4.1
7336 4.1
7337 4.1
7338 4.1
7339 4.1
7340 4.1
7341 4.3
7342 4.3
7343 4.7
7344 4.7
7345 4.7
7346 4.3
7347 4.3
7348 4.3
7349 4.3
7350 4.3
7351 4.3
7352 4.0
7353 4.0
7354 4.6
7355 4.6
7356 4.4
7357 4.4
7358 4.4
7359 4.4
7360 4.4
7361 4.4
7362 4.4
7363 4.4
7364 4.4
7365 4.2
7366 4.2
7367 4.3
7368 4.3
7369 4.3
7370 4.3
7371 4.3
7372 4.3
7373 3.8
7374 3.8
7375 3.8
7376 3.8
7377 3.8
7378 4.4
7379 4.4
7380 4.4
7381 4.1
7382 4.1
7383 4.1
7384 4.1
7385 4.1
7386 4.1
7387 4.1
7388 4.1
7389 4.1
7390 4.1
7391 4.1
7392 4.2
7393 4.7
7394 4.7
7395 4.7
7396 4.7
7397 4.7
7398 4.7
7399 4.7
7400 4.7
7401 4.7
7402 3.6
7403 3.7
7404 3.7
7405 3.7
7406 3.7
7407 3.7
7408 4.3
7409 4.5
7410 4.5
7411 4.3
7412 4.3
7413 4.3
7414 4.3
7415 4.3
7416 4.3
7417 4.3
7418 3.8
7419 3.8
7420 3.8
7421 4.9
7422 5.1
7423 5.1
7424 3.5
7425 3.5
7426 3.5
7427 3.5
7428 5.2
7429 5.2
7430 3.8
7431 4.0
7432 4.0
7433 4.0
7434 5.0
7435 4.2
7436 4.2
7437 4.2
7438 4.2
7439 4.4
7440 4.4
7441 4.4
7442 4.4
7443 4.4
7444 4.4
7445 4.1
7446 4.1
7447 4.4
7448 4.4
7449 4.2
7450 4.2
7451 4.2
7452 4.2
7453 4.2
7454 4.2
7455 5.0
7456 5.0
7457 4.0
7458 4.0
7459 4.0
7460 4.0
7461 4.0
7462 4.0
7463 4.0
7464 4.0
7465 4.0
7466 3.7
7467 4.5
7468 3.8
7469 3.8
7470 3.8
7471 3.8
7472 3.8
7473 4.3
7474 4.3
7475 4.3
7476 3.7
7477 3.7
7478 3.7
7479 3.7
7480 3.7
7481 3.7
7482 3.7
7483 3.7
7484 5.7
7485 5.7
7486 4.5
7487 4.3
7488 4.3
7489 3.8
7490 3.8
7491 3.8
7492 3.8
7493 3.8
7494 3.8
7495 3.8
7496 3.8
7497 3.9
7498 3.9
7499 4.0
7500 4.0
7501 4.0
7502 4.0
7503 4.0
7504 4.0
7505 4.0
7506 4.0
7507 4.0
7508 4.5
7509 4.5
7510 4.5
7511 4.5
7512 4.5
7513 4.5
7514 4.5
7515 4.6
7516 4.6
7517 4.1
7518 4.1
7519 4.7
7520 4.4
7521 4.1
7522 4.1
7523 4.1
7524 4.7
7525 4.7
7526 4.4
7527 4.4
7528 4.4
7529 3.8
7530 4.0
7531 4.0
7532 4.0
7533 4.0
7534 3.8
7535 3.8
7536 5.1
7537 5.1
7538 3.9
7539 3.9
7540 3.9
7541 3.9
7542 3.9
7543 3.9
7544 4.9
7545 4.3
7546 4.3
7547 4.3
7548 4.3
7549 4.3
7550 4.3
7551 4.3
7552 4.3
7553 4.3
7554 4.3
7555 4.8
7556 4.8
7557 4.6
7558 4.6
7559 3.6
7560 3.6
7561 3.6
7562 4.3
7563 4.3
7564 4.3
7565 4.3
7566 4.3
7567 3.8
7568 3.8
7569 3.8
7570 3.8
7571 3.8
7572 3.8
7573 4.1
7574 4.2
7575 4.2
7576 4.8
7577 4.8
7578 4.2
7579 4.2
7580 4.6
7581 3.8
7582 4.6
7583 4.6
7584 4.6
7585 4.6
7586 4.1
7587 4.1
7588 3.8
7589 3.8
7590 3.8
7591 3.8
7592 3.8
7593 3.8
7594 4.0
7595 3.9
7596 3.9
7597 3.9
7598 3.9
7599 3.9
7600 3.9
7601 4.4
7602 4.4
7603 4.6
7604 4.6
7605 4.5
7606 4.3
7607 4.6
7608 3.7
7609 3.6
7610 3.6
7611 4.9
7612 4.9
7613 4.9
7614 4.9
7615 4.9
7616 4.9
7617 3.7
7618 3.8
7619 3.8
7620 3.7
7621 3.7
7622 3.7
7623 4.1
7624 4.4
7625 4.4
7626 4.4
7627 4.8
7628 4.5
7629 4.6
7630 4.6
7631 4.6
7632 4.6
7633 4.6
7634 4.6
7635 4.6
7636 4.6
7637 4.6
7638 5.6
7639 4.9
7640 4.9
7641 3.9
7642 3.9
7643 3.9
7644 3.9
7645 3.9
7646 4.6
7647 4.6
7648 4.7
7649 4.2
7650 4.2
7651 4.2
7652 4.3
7653 4.3
7654 4.3
7655 4.3
7656 4.2
7657 4.2
7658 4.5
7659 4.5
7660 4.4
7661 4.4
7662 4.4
7663 4.4
7664 4.4
7665 4.3
7666 4.3
7667 4.6
7668 4.6
7669 4.6
7670 4.6
7671 4.6
7672 4.6
7673 4.6
7674 4.6
7675 4.6
7676 4.1
7677 4.5
7678 4.1
7679 4.1
7680 4.1
7681 4.1
7682 4.1
7683 4.1
7684 4.1
7685 4.1
7686 4.1
7687 4.1
7688 4.1
7689 4.1
7690 4.1
7691 4.1
7692 4.1
7693 4.1
7694 4.1
7695 4.1
7696 4.1
7697 4.1
7698 4.1
7699 4.1
7700 4.1
7701 4.1
7702 4.1
7703 4.1
7704 4.1
7705 4.1
7706 4.1
7707 4.7
7708 4.8
7709 4.8
7710 4.8
7711 4.6
7712 4.6
7713 4.6
7714 4.6
7715 4.4
7716 4.4
7717 4.4
7718 4.2
7719 4.2
7720 4.2
7721 4.7
7722 4.7
7723 4.7
7724 4.7
7725 4.7
7726 4.7
7727 4.7
7728 4.7
7729 4.7
7730 4.3
7731 5.5
7732 5.5
7733 5.5
7734 3.7
7735 3.7
7736 3.7
7737 4.2
7738 4.2
7739 4.2
7740 4.2
7741 4.2
7742 4.2
7743 4.2
7744 3.8
7745 3.8
7746 3.8
7747 3.8
7748 3.8
7749 3.8
7750 3.8
7751 3.8
7752 3.8
7753 3.6
7754 3.6
7755 4.8
7756 3.8
7757 3.8
7758 3.8
7759 3.8
7760 3.8
7761 3.8
7762 4.3
7763 4.5
7764 3.8
7765 4.7
7766 4.7
7767 4.7
7768 4.7
7769 4.8
7770 4.8
7771 4.7
7772 4.7
7773 4.5
7774 4.3
7775 4.3
7776 4.5
7777 4.5
7778 4.1
7779 4.6
7780 4.6
7781 4.6
7782 3.6
7783 3.9
7784 3.9
7785 3.9
7786 3.9
7787 3.9
7788 3.9
7789 3.9
7790 3.9
7791 4.1
7792 4.1
7793 4.1
7794 4.1
7795 4.8
7796 4.8
7797 4.8
7798 4.8
7799 3.9
7800 3.4
7801 3.4
7802 3.9
7803 4.1
7804 4.1
7805 4.1
7806 4.1
7807 4.1
7808 4.1
7809 4.1
7810 4.1
7811 4.1
7812 4.1
7813 4.1
7814 4.1
7815 4.1
7816 4.1
7817 4.5
7818 4.5
7819 3.9
7820 3.9
7821 3.9
7822 3.9
7823 3.9
7824 3.9
7825 3.9
7826 3.9
7827 3.9
7828 3.9
7829 3.9
7830 3.9
7831 3.9
7832 4.8
7833 4.8
7834 4.8
7835 4.4
7836 5.1
7837 4.2
7838 4.2
7839 4.2
7840 4.3
7841 4.0
7842 3.8
7843 3.8
7844 3.9
7845 3.9
7846 4.9
7847 4.5
7848 4.5
7849 4.1
7850 4.1
7851 3.5
7852 3.5
7853 3.5
7854 4.0
7855 4.1
7856 4.1
7857 4.5
7858 4.5
7859 4.5
7860 4.5
7861 4.5
7862 4.6
7863 4.8
7864 4.8
7865 4.8
7866 3.9
7867 3.9
7868 3.9
7869 4.3
7870 4.3
7871 4.3
7872 4.3
7873 4.3
7874 4.3
7875 4.3
7876 4.3
7877 4.3
7878 4.3
7879 4.3
7880 4.3
7881 4.5
7882 4.4
7883 4.4
7884 3.8
7885 4.9
7886 4.9
7887 4.9
7888 4.5
7889 4.1
7890 4.1
7891 4.1
7892 4.1
7893 4.1
7894 4.1
7895 4.5
7896 4.5
7897 4.5
7898 4.5
7899 4.5
7900 4.5
7901 4.9
7902 4.9
7903 4.9
7904 4.2
7905 4.0
7906 4.0
7907 4.0
7908 4.0
7909 4.0
7910 4.0
7911 4.0
7912 4.0
7913 4.1
7914 4.1
7915 4.1
7916 4.1
7917 4.1
7918 4.1
7919 4.1
7920 4.1
7921 4.9
7922 4.0
7923 4.0
7924 4.0
7925 4.0
7926 4.1
7927 4.1
7928 4.1
7929 4.1
7930 4.1
7931 4.1
7932 4.1
7933 4.1
7934 3.6
7935 3.6
7936 3.6
7937 3.6
7938 4.5
7939 4.5
7940 4.5
7941 4.5
7942 4.5
7943 4.5
7944 4.5
7945 4.8
7946 4.8
7947 4.2
7948 4.2
7949 4.2
7950 4.0
7951 4.0
7952 4.0
7953 4.3
7954 4.3
7955 3.7
7956 3.7
7957 3.7
7958 3.7
7959 3.7
7960 3.7
7961 3.7
7962 3.7
7963 3.7
7964 3.7
7965 3.7
7966 4.9
7967 4.9
7968 3.4
7969 4.9
7970 4.9
7971 3.6
7972 3.6
7973 3.6
7974 4.8
7975 4.8
7976 4.8
7977 4.6
7978 4.6
7979 4.6
7980 4.1
7981 4.1
7982 4.1
7983 4.1
7984 4.5
7985 4.5
7986 4.5
7987 4.0
7988 4.0
7989 4.0
7990 4.4
7991 4.4
7992 4.4
7993 4.4
7994 4.4
7995 3.9
7996 3.9
7997 3.9
7998 4.7
7999 4.7
8000 4.7
8001 4.7
8002 4.7
8003 4.7
8004 3.5
8005 3.5
8006 3.5
8007 3.5
8008 3.5
8009 3.5
8010 3.5
8011 4.2
8012 4.2
8013 4.2
8014 4.2
8015 4.2
8016 4.6
8017 4.6
8018 4.4
8019 4.4
8020 4.4
8021 4.6
8022 4.6
8023 4.6
8024 4.6
8025 4.6
8026 4.6
8027 4.6
8028 4.6
8029 3.8
8030 4.2
8031 4.2
8032 4.2
8033 4.2
8034 4.2
8035 4.2
8036 3.9
8037 3.9
8038 3.8
8039 3.8
8040 4.2
8041 4.2
8042 4.9
8043 4.9
8044 4.9
8045 3.7
8046 3.7
8047 3.7
8048 3.7
8049 3.7
8050 5.0
8051 5.0
8052 3.6
8053 3.6
8054 5.1
8055 5.1
8056 3.6
8057 3.6
8058 3.6
8059 3.6
8060 4.3
8061 4.3
8062 4.3
8063 4.3
8064 4.3
8065 4.1
8066 4.1
8067 4.1
8068 3.7
8069 3.7
8070 3.7
8071 3.7
8072 3.7
8073 4.7
8074 4.3
8075 4.3
8076 4.3
8077 4.3
8078 4.3
8079 4.8
8080 3.7
8081 3.7
8082 3.7
8083 5.6
8084 5.6
8085 5.2
8086 5.2
8087 5.2
8088 5.2
8089 5.2
8090 5.2
8091 5.2
8092 4.6
8093 4.5
8094 3.7
8095 4.0
8096 4.0
8097 4.3
8098 3.9
8099 3.9
8100 3.9
8101 3.9
8102 4.4
8103 4.4
8104 4.4
8105 4.4
8106 4.4
8107 4.4
8108 5.3
8109 5.3
8110 5.3
8111 3.6
8112 3.6
8113 3.6
8114 3.6
8115 3.6
8116 4.9
8117 4.9
8118 4.9
8119 4.9
8120 4.9
8121 3.9
8122 4.1
8123 4.2
8124 4.2
8125 4.6
8126 4.4
8127 3.9
8128 3.9
8129 4.4
8130 3.6
8131 3.8
8132 4.2
8133 4.2
8134 4.2
8135 4.2
8136 4.2
8137 4.2
8138 4.2
8139 4.2
8140 4.2
8141 4.2
8142 4.2
8143 4.2
8144 4.2
8145 4.2
8146 4.2
8147 4.2
8148 4.2
8149 4.2
8150 4.2
8151 3.4
8152 4.2
8153 4.2
8154 4.2
8155 4.2
8156 4.2
8157 4.2
8158 4.2
8159 4.2
8160 4.2
8161 4.2
8162 4.3
8163 4.3
8164 4.3
8165 4.3
8166 4.3
8167 4.3
8168 4.3
8169 4.3
8170 4.3
8171 4.3
8172 4.3
8173 4.3
8174 4.3
8175 4.3
8176 4.3
8177 4.3
8178 3.9
8179 4.0
8180 3.7
8181 3.7
8182 3.7
8183 4.7
8184 3.7
8185 3.7
8186 4.1
8187 4.2
8188 4.5
8189 4.5
8190 4.5
8191 4.5
8192 4.5
8193 4.5
8194 4.5
8195 4.5
8196 4.5
8197 4.5
8198 4.2
8199 4.2
8200 4.2
8201 4.2
8202 4.2
8203 4.5
8204 3.3
8205 5.4
8206 4.7
8207 4.7
8208 4.7
8209 5.0
8210 3.7
8211 3.7
8212 3.7
8213 4.2
8214 4.0
8215 4.7
8216 4.7
8217 4.7
8218 4.7
8219 4.7
8220 4.7
8221 3.8
8222 5.1
8223 5.1
8224 4.6
8225 4.6
8226 4.6
8227 4.2
8228 4.3
8229 4.3
8230 4.3
8231 4.3
8232 3.9
8233 3.9
8234 3.9
8235 3.9
8236 3.9
8237 4.5
8238 4.5
8239 3.9
8240 3.9
8241 3.9
8242 3.9
8243 5.7
8244 5.6
8245 4.3
8246 4.3
8247 4.0
8248 4.0
8249 4.0
8250 4.0
8251 3.7
8252 3.7
8253 3.7
8254 3.7
8255 3.7
8256 3.7
8257 3.7
8258 3.6
8259 3.6
8260 5.0
8261 5.0
8262 5.0
8263 5.0
8264 3.6
8265 3.6
8266 5.0
8267 4.4
8268 4.4
8269 4.4
8270 4.4
8271 4.4
8272 4.4
8273 4.4
8274 4.2
8275 3.6
8276 3.6
8277 3.6
8278 4.1
8279 3.7
8280 3.7
8281 3.7
8282 5.3
8283 4.9
8284 4.4
8285 4.4
8286 4.4
8287 4.4
8288 4.0
8289 4.5
8290 4.5
8291 4.1
8292 4.1
8293 3.8
8294 4.2
8295 4.3
8296 5.5
8297 5.5
8298 5.4
8299 3.9
8300 3.9
8301 3.9
8302 5.3
8303 4.4
8304 4.4
8305 4.4
8306 3.8
8307 3.8
8308 3.8
8309 4.1
8310 4.1
8311 4.1
8312 4.1
8313 4.1
8314 4.0
8315 4.0
8316 4.0
8317 4.0
8318 4.0
8319 3.8
8320 3.8
8321 3.8
8322 3.8
8323 3.8
8324 4.1
8325 4.1
8326 4.1
8327 4.1
8328 4.1
8329 4.1
8330 4.1
8331 4.1
8332 4.1
8333 4.5
8334 4.5
8335 4.5
8336 4.2
8337 4.6
8338 5.3
8339 3.2
8340 3.2
8341 5.7
8342 5.7
8343 5.7
8344 5.3
8345 5.3
8346 3.7
8347 4.1
8348 4.3
8349 4.3
8350 4.3
8351 4.3
8352 4.3
8353 4.3
8354 4.3
8355 4.3
8356 4.3
8357 4.3
8358 4.3
8359 4.3
8360 4.3
8361 4.3
8362 4.3
8363 4.3
8364 3.9
8365 3.9
8366 3.9
8367 3.9
8368 3.9
8369 3.9
8370 3.9
8371 3.9
8372 4.8
8373 4.8
8374 4.8
8375 4.8
8376 4.8
8377 4.8
8378 4.8
8379 4.8
8380 4.8
8381 4.8
8382 4.8
8383 4.8
8384 4.8
8385 4.8
8386 3.8
8387 3.8
8388 3.8
8389 3.8
8390 3.8
8391 4.8
8392 4.8
8393 4.8
8394 4.8
8395 3.7
8396 3.7
8397 3.7
8398 3.7
8399 3.7
8400 3.7
8401 3.7
8402 3.7
8403 4.6
8404 4.6
8405 3.8
8406 3.5
8407 4.0
8408 4.1
8409 4.1
8410 4.1
8411 4.1
8412 4.1
8413 4.2
8414 4.2
8415 4.2
8416 4.2
8417 4.7
8418 4.7
8419 4.7
8420 4.7
8421 4.7
8422 4.7
8423 3.5
8424 3.5
8425 3.9
8426 3.9
8427 3.8
8428 3.8
8429 4.5
8430 4.5
8431 4.5
8432 4.4
8433 3.9
8434 3.9
8435 3.9
8436 3.9
8437 4.5
8438 4.5
8439 4.5
8440 4.5
8441 4.5
8442 4.4
8443 4.4
8444 4.4
8445 3.7
8446 4.3
8447 4.3
8448 4.3
8449 4.3
8450 4.3
8451 4.3
8452 4.3
8453 4.7
8454 5.6
8455 5.0
8456 5.0
8457 5.0
8458 5.0
8459 4.8
8460 4.0
8461 5.7
8462 5.0
8463 3.8
8464 3.8
8465 3.8
8466 4.3
8467 3.9
8468 3.9
8469 3.9
8470 3.9
8471 3.9
8472 4.4
8473 4.4
8474 4.4
8475 4.4
8476 4.4
8477 4.1
8478 3.9
8479 4.4
8480 4.4
8481 4.4
8482 3.9
8483 3.9
8484 4.6
8485 4.6
8486 4.6
8487 5.0
8488 4.9
8489 4.9
8490 4.8
8491 4.1
8492 4.5
8493 4.5
8494 4.3
8495 4.3
8496 4.3
8497 4.3
8498 4.3
8499 4.3
8500 4.3
8501 4.3
8502 4.3
8503 4.3
8504 4.3
8505 4.3
8506 4.3
8507 4.3
8508 4.3
8509 4.3
8510 4.3
8511 4.3
8512 5.0
8513 5.3
8514 4.0
8515 4.0
8516 4.0
8517 4.0
8518 4.0
8519 4.0
8520 4.0
8521 4.0
8522 4.0
8523 4.3
8524 3.9
8525 4.3
8526 4.3
8527 4.3
8528 4.3
8529 4.3
8530 4.7
8531 4.7
8532 4.7
8533 4.7
8534 4.7
8535 4.7
8536 4.7
8537 4.7
8538 4.7
8539 3.9
8540 5.1
8541 5.0
8542 5.0
8543 4.7
8544 4.6
8545 4.6
8546 3.5
8547 4.6
8548 4.6
8549 4.9
8550 4.9
8551 5.1
8552 5.1
8553 4.8
8554 4.8
8555 4.8
8556 4.8
8557 4.8
8558 4.8
8559 4.8
8560 4.8
8561 4.8
8562 4.7
8563 4.7
8564 3.9
8565 3.9
8566 4.4
8567 3.9
8568 3.9
8569 3.9
8570 3.9
8571 3.9
8572 3.9
8573 3.9
8574 3.9
8575 3.9
8576 3.9
8577 3.9
8578 3.4
8579 3.4
8580 4.6
8581 4.6
8582 4.6
8583 4.6
8584 4.6
8585 3.4
8586 3.5
8587 4.3
8588 4.3
8589 4.3
8590 4.3
8591 4.3
8592 4.3
8593 4.3
8594 4.3
8595 4.3
8596 4.3
8597 4.3
8598 4.3
8599 4.3
8600 4.0
8601 4.0
8602 4.9
8603 4.9
8604 3.6
8605 3.6
8606 3.6
8607 3.6
8608 4.5
8609 4.5
8610 3.6
8611 3.6
8612 5.3
8613 5.2
8614 5.2
8615 5.2
8616 5.2
8617 5.2
8618 5.2
8619 5.2
8620 5.2
8621 4.8
8622 4.8
8623 4.8
8624 4.8
8625 4.8
8626 3.6
8627 3.6
8628 4.8
8629 4.8
8630 4.8
8631 4.8
8632 4.8
8633 3.8
8634 4.0
8635 4.0
8636 4.0
8637 4.0
8638 4.2
8639 4.2
8640 4.5
8641 4.5
8642 4.5
8643 4.5
8644 4.5
8645 3.6
8646 3.6
8647 3.6
8648 3.6
8649 3.6
8650 4.9
8651 4.9
8652 3.8
8653 3.8
8654 5.6
8655 4.1
8656 3.7
8657 3.7
8658 3.7
8659 3.7
8660 3.7
8661 3.7
8662 4.1
8663 4.1
8664 4.1
8665 4.1
8666 4.7
8667 4.2
8668 3.7
8669 3.7
8670 3.7
8671 3.7
8672 4.9
8673 4.9
8674 4.9
8675 4.4
8676 4.4
8677 4.4
8678 4.4
8679 5.2
8680 3.8
8681 3.8
8682 4.0
8683 4.0
8684 4.0
8685 4.0
8686 3.8
8687 3.8
8688 3.8
8689 3.8
8690 3.8
8691 3.8
8692 3.8
8693 3.8
8694 3.8
8695 4.3
8696 4.3
8697 4.6
8698 4.6
8699 4.6
8700 4.6
8701 4.6
8702 4.6
8703 4.6
8704 4.6
8705 4.5
8706 3.9
8707 3.9
8708 4.6
8709 3.8
8710 4.2
8711 4.2
8712 3.9
8713 3.9
8714 4.6
8715 5.2
8716 5.2
8717 5.2
8718 5.0
8719 3.8
8720 3.8
8721 3.8
8722 4.7
8723 4.7
8724 4.7
8725 4.7
8726 4.7
8727 4.7
8728 4.7
8729 4.7
8730 4.1
8731 4.1
8732 4.1
8733 4.2
8734 4.2
8735 4.3
8736 3.6
8737 3.9
8738 4.5
8739 4.5
8740 4.5
8741 4.5
8742 4.5
8743 4.5
8744 4.5
8745 4.3
8746 4.3
8747 3.8
8748 3.8
8749 4.9
8750 4.9
8751 4.7
8752 4.2
8753 4.2
8754 4.2
8755 4.2
8756 4.2
8757 4.2
8758 4.2
8759 4.5
8760 4.5
8761 4.5
8762 4.5
8763 4.5
8764 4.1
8765 4.5
8766 4.5
8767 3.9
8768 4.4
8769 4.4
8770 4.4
8771 4.4
8772 5.0
8773 4.1
8774 4.6
8775 4.6
8776 4.5
8777 4.5
8778 4.5
8779 4.5
8780 4.5
8781 4.5
8782 4.5
8783 4.5
8784 4.5
8785 4.5
8786 4.5
8787 4.5
8788 4.5
8789 3.7
8790 4.3
8791 4.9
8792 4.9
8793 3.6
8794 4.9
8795 4.9
8796 5.0
8797 5.0
8798 4.9
8799 4.0
8800 3.6
8801 3.6
8802 3.5
8803 5.6
8804 5.6
8805 5.2
8806 5.2
8807 4.7
8808 4.7
8809 4.7
8810 3.9
8811 3.9
8812 5.2
8813 3.8
8814 3.8
8815 3.8
8816 3.8
8817 3.8
8818 3.8
8819 3.8
8820 3.8
8821 3.8
8822 3.8
8823 3.8
8824 3.8
8825 3.8
8826 3.8
8827 3.8
8828 3.8
8829 4.0
8830 4.6
8831 4.6
8832 4.6
8833 4.6
8834 4.6
8835 4.3
8836 4.3
8837 4.3
8838 4.3
8839 4.4
8840 4.4
8841 4.9
8842 4.6
8843 4.6
8844 4.6
8845 4.6
8846 4.6
8847 4.6
8848 4.6
8849 4.6
8850 4.6
8851 4.6
8852 4.9
8853 4.9
8854 5.1
8855 4.8
8856 3.6
8857 3.6
8858 3.6
8859 3.6
8860 3.6
8861 3.6
8862 3.6
8863 3.6
8864 3.6
8865 3.6
8866 3.9
8867 3.9
8868 3.9
8869 5.0
8870 4.4
8871 3.8
8872 3.8
8873 3.8
8874 3.8
8875 3.8
8876 4.5
8877 3.7
8878 4.8
8879 3.7
8880 3.7
8881 3.7
8882 3.7
8883 3.6
8884 3.6
8885 3.6
8886 4.6
8887 4.6
8888 4.0
8889 4.0
8890 4.0
8891 3.9
8892 4.0
8893 4.0
8894 4.0
8895 4.0
8896 4.0
8897 4.7
8898 4.7
8899 4.7
8900 4.7
8901 4.7
8902 4.7
8903 4.2
8904 4.2
8905 4.2
8906 4.2
8907 5.4
8908 3.5
8909 3.5
8910 3.7
8911 3.7
8912 3.7
8913 3.7
8914 3.9
8915 3.9
8916 3.9
8917 3.9
8918 4.3
8919 4.3
8920 4.3
8921 4.3
8922 4.3
8923 4.6
8924 4.6
8925 4.6
8926 4.6
8927 4.6
8928 4.1
8929 4.1
8930 4.0
8931 4.0
8932 4.0
8933 3.9
8934 3.6
8935 3.6
8936 5.7
8937 5.7
8938 4.1
8939 4.1
8940 4.1
8941 4.1
8942 4.1
8943 4.1
8944 4.1
8945 4.2
8946 4.2
8947 4.2
8948 3.9
8949 4.7
8950 4.7
8951 4.7
8952 4.7
8953 4.8
8954 4.3
8955 4.3
8956 4.3
8957 4.3
8958 4.2
8959 4.2
8960 3.5
8961 3.5
8962 3.5
8963 3.5
8964 3.5
8965 5.0
8966 5.0
8967 5.0
8968 5.0
8969 5.0
8970 3.8
8971 4.4
8972 5.0
8973 4.9
8974 4.4
8975 4.2
8976 4.2
8977 4.2
8978 4.2
8979 4.2
8980 4.2
8981 4.2
8982 4.2
8983 4.2
8984 4.2
8985 4.2
8986 4.2
8987 4.2
8988 4.2
8989 5.2
8990 5.2
8991 4.2
8992 3.9
8993 4.5
8994 4.5
8995 4.5
8996 4.5
8997 4.5
8998 4.5
8999 4.5
9000 4.5
9001 4.5
9002 4.5
9003 4.5
9004 4.5
9005 4.2
9006 4.2
9007 4.2
9008 4.2
9009 4.2
9010 4.4
9011 4.0
9012 4.0
9013 4.4
9014 4.4
9015 4.4
9016 4.4
9017 3.4
9018 3.4
9019 3.4
9020 3.4
9021 3.4
9022 5.1
9023 5.1
9024 5.1
9025 4.5
9026 4.5
9027 4.5
9028 4.1
9029 4.1
9030 4.1
9031 4.1
9032 4.3
9033 4.3
9034 4.3
9035 4.3
9036 4.3
9037 3.9
9038 3.9
9039 3.9
9040 3.9
9041 3.9
9042 4.5
9043 4.4
9044 4.7
9045 4.7
9046 4.7
9047 4.7
9048 4.4
9049 4.4
9050 3.7
9051 3.7
9052 3.7
9053 4.7
9054 4.7
9055 3.8
9056 3.8
9057 3.8
9058 3.8
9059 3.8
9060 3.8
9061 3.8
9062 4.5
9063 4.6
9064 4.6
9065 4.6
9066 4.6
9067 4.6
9068 4.6
9069 4.6
9070 4.2
9071 4.2
9072 4.2
9073 4.2
9074 4.2
9075 4.2
9076 4.8
9077 4.8
9078 4.8
9079 3.8
9080 4.6
9081 4.3
9082 4.5
9083 3.8
9084 3.8
9085 3.8
9086 3.8
9087 4.3
9088 4.2
9089 4.2
9090 4.2
9091 4.1
9092 4.1
9093 4.1
9094 4.3
9095 4.3
9096 4.3
9097 4.5
9098 4.5
9099 4.5
9100 4.2
9101 4.2
9102 4.8
9103 4.8
9104 4.8
9105 4.3
9106 4.3
9107 4.3
9108 4.3
9109 4.3
9110 4.3
9111 4.3
9112 4.3
9113 4.3
9114 4.3
9115 4.3
9116 4.3
9117 4.3
9118 4.3
9119 4.3
9120 4.3
9121 4.3
9122 3.9
9123 4.7
9124 4.7
9125 4.7
9126 4.0
9127 4.0
9128 5.3
9129 4.2
9130 3.8
9131 3.8
9132 4.8
9133 4.6
9134 4.6
9135 4.6
9136 4.6
9137 4.6
9138 4.6
9139 4.6
9140 4.6
9141 4.6
9142 4.6
9143 5.0
9144 3.9
9145 3.9
9146 3.9
9147 4.8
9148 4.8
9149 4.3
9150 4.6
9151 4.6
9152 4.4
9153 4.4
9154 4.4
9155 4.4
9156 4.8
9157 4.2
9158 4.2
9159 4.2
9160 4.0
9161 3.9
9162 4.0
9163 4.3
9164 4.3
9165 4.3
9166 4.3
9167 4.3
9168 4.3
9169 4.3
9170 4.3
9171 4.5
9172 3.8
9173 3.8
9174 3.8
9175 3.8
9176 3.8
9177 3.8
9178 3.8
9179 3.8
9180 3.8
9181 3.8
9182 3.8
9183 3.8
9184 3.8
9185 4.0
9186 3.8
9187 3.9
9188 4.3
9189 4.3
9190 4.3
9191 4.5
9192 4.5
9193 4.5
9194 4.5
9195 4.1
9196 4.1
9197 4.1
9198 4.1
9199 4.1
9200 4.1
9201 4.1
9202 3.6
9203 4.2
9204 4.2
9205 4.2
9206 4.2
9207 4.2
9208 4.2
9209 4.2
9210 4.2
9211 4.2
9212 4.1
9213 4.1
9214 4.2
9215 4.2
9216 4.2
9217 4.2
9218 4.2
9219 4.2
9220 4.3
9221 4.3
9222 4.3
9223 5.5
9224 4.4
9225 3.9
9226 3.9
9227 3.9
9228 3.9
9229 4.5
9230 4.5
9231 4.5
9232 4.5
9233 4.5
9234 4.5
9235 4.5
9236 4.5
9237 4.5
9238 4.5
9239 4.5
9240 4.5
9241 3.8
9242 3.8
9243 3.8
9244 3.8
9245 3.8
9246 4.4
9247 4.4
9248 4.4
9249 4.9
9250 4.9
9251 4.3
9252 4.1
9253 4.1
9254 4.1
9255 4.1
9256 4.1
9257 4.1
9258 4.1
9259 4.1
9260 4.1
9261 4.1
9262 4.5
9263 5.6
9264 5.6
9265 5.6
9266 5.6
9267 4.2
9268 4.2
9269 4.2
9270 4.2
9271 4.2
9272 4.3
9273 4.3
9274 4.6
9275 4.6
9276 4.6
9277 4.6
9278 4.6
9279 4.6
9280 4.6
9281 4.6
9282 3.8
9283 3.8
9284 4.1
9285 3.5
9286 5.0
9287 3.7
9288 4.3
9289 4.3
9290 4.3
9291 4.3
9292 4.3
9293 4.3
9294 4.3
9295 3.7
9296 4.6
9297 4.6
9298 4.6
9299 4.6
9300 4.6
9301 4.6
9302 4.6
9303 4.6
9304 4.6
9305 4.5
9306 4.7
9307 4.7
9308 4.7
9309 4.7
9310 4.7
9311 4.3
9312 4.3
9313 4.0
9314 4.4
9315 4.4
9316 4.4
9317 4.4
9318 4.4
9319 4.4
9320 4.4
9321 4.4
9322 4.4
9323 4.4
9324 4.4
9325 4.4
9326 4.3
9327 4.3
9328 4.4
9329 4.4
9330 4.4
9331 4.3
9332 4.3
9333 4.3
9334 4.3
9335 4.3
9336 4.3
9337 4.3
9338 4.3
9339 4.3
9340 4.0
9341 4.0
9342 4.0
9343 4.0
9344 4.0
9345 4.0
9346 4.0
9347 4.0
9348 4.0
9349 4.0
9350 4.0
9351 4.0
9352 4.0
9353 4.0
9354 4.0
9355 4.6
9356 4.6
9357 4.3
9358 3.9
9359 3.7
9360 4.3
9361 4.3
9362 4.3
9363 4.3
9364 4.1
9365 3.7
9366 3.8
9367 4.6
9368 4.1
9369 4.1
9370 4.1
9371 4.6
9372 4.6
9373 5.0
9374 3.8
9375 3.8
9376 3.8
9377 4.5
9378 4.5
9379 4.5
9380 4.5
9381 4.5
9382 4.6
9383 4.6
9384 3.9
9385 3.9
9386 3.6
9387 3.6
9388 3.6
9389 3.6
9390 3.6
9391 3.6
9392 4.5
9393 4.5
9394 4.7
9395 4.7
9396 4.0
9397 4.0
9398 4.0
9399 4.3
9400 4.0
9401 4.0
9402 4.0
9403 4.0
9404 3.9
9405 5.2
9406 4.3
9407 4.3
9408 4.9
9409 4.9
9410 4.1
9411 4.1
9412 4.8
9413 4.8
9414 4.8
9415 4.8
9416 4.8
9417 3.9
9418 5.0
9419 4.0
9420 4.0
9421 4.0
9422 4.0
9423 4.0
9424 4.0
9425 4.0
9426 4.0
9427 4.0
9428 4.0
9429 4.0
9430 4.0
9431 4.0
9432 4.0
9433 4.7
9434 4.7
9435 4.7
9436 4.7
9437 5.2
9438 5.2
9439 5.2
9440 4.4
9441 4.4
9442 4.4
9443 4.4
9444 4.4
9445 4.4
9446 4.4
9447 4.4
9448 4.4
9449 4.4
9450 4.0
9451 4.0
9452 3.7
9453 3.7
9454 3.7
9455 3.7
9456 4.4
9457 4.4
9458 4.5
9459 4.5
9460 4.5
9461 4.5
9462 4.5
9463 4.5
9464 4.5
9465 4.5
9466 4.5
9467 4.5
9468 4.5
9469 4.5
9470 4.5
9471 4.5
9472 4.5
9473 4.5
9474 4.5
9475 4.5
9476 4.5
9477 4.5
9478 4.1
9479 4.1
9480 4.1
9481 4.1
9482 4.5
9483 4.5
9484 4.5
9485 5.0
9486 5.0
9487 5.0
9488 5.6
9489 4.5
9490 5.0
9491 4.1
9492 4.5
9493 4.5
9494 4.5
9495 4.5
9496 4.8
9497 4.8
9498 4.8
9499 4.8
9500 4.8
9501 4.2
9502 4.4
9503 4.4
9504 4.4
9505 4.4
9506 4.4
9507 4.4
9508 4.4
9509 4.4
9510 4.4
9511 3.9
9512 3.9
9513 3.9
9514 4.9
9515 4.9
9516 4.9
9517 4.7
9518 4.7
9519 4.7
9520 4.5
9521 4.5
9522 4.5
9523 3.8
9524 3.8
9525 3.8
9526 3.8
9527 4.4
9528 4.2
9529 4.2
9530 4.2
9531 4.2
9532 4.7
9533 4.7
9534 4.7
9535 4.7
9536 4.7
9537 4.4
9538 4.4
9539 4.4
9540 4.4
9541 4.4
9542 4.4
9543 4.4
9544 4.4
9545 4.4
9546 4.7
9547 4.7
9548 3.7
9549 3.7
9550 4.0
9551 4.0
9552 4.0
9553 4.1
9554 4.1
9555 4.4
9556 4.4
9557 4.4
9558 4.1
9559 4.1
9560 4.1
9561 3.9
9562 4.5
9563 5.2
9564 5.2
9565 5.2
9566 4.7
9567 4.7
9568 4.7
9569 4.3
9570 4.3
9571 4.3
9572 4.3
9573 4.3
9574 3.7
9575 3.5
9576 3.5
9577 3.5
9578 4.0
9579 4.0
9580 4.0
9581 4.0
9582 4.0
9583 4.0
9584 4.7
9585 4.7
9586 4.7
9587 4.7
9588 4.7
9589 4.7
9590 4.0
9591 4.6
9592 4.1
9593 4.1
9594 4.1
9595 4.1
9596 4.1
9597 4.1
9598 4.1
9599 3.8
9600 3.8
9601 3.8
9602 3.8
9603 3.8
9604 3.8
9605 3.8
9606 3.8
9607 3.8
9608 4.4
9609 4.4
9610 4.4
9611 4.4
9612 4.6
9613 4.6
9614 4.6
9615 4.6
9616 4.3
9617 4.3
9618 4.3
9619 4.8
9620 4.8
9621 4.2
9622 4.2
9623 4.2
9624 4.2
9625 4.1
9626 4.1
9627 4.2
9628 5.0
9629 4.0
9630 3.9
9631 4.1
9632 4.1
9633 5.0
9634 5.0
9635 5.0
9636 5.0
9637 5.0
9638 5.0
9639 5.0
9640 3.3
9641 3.5
9642 4.0
9643 3.9
9644 3.9
9645 3.9
9646 3.9
9647 3.9
9648 3.9
9649 3.9
9650 3.9
9651 4.3
9652 4.3
9653 4.9
9654 4.9
9655 3.6
9656 3.6
9657 3.6
9658 4.7
9659 4.7
9660 4.7
9661 4.4
9662 4.4
9663 4.4
9664 4.0
9665 4.0
9666 4.0
9667 4.0
9668 4.0
9669 4.6
9670 4.6
9671 5.1
9672 5.1
9673 3.7
9674 3.7
9675 3.7
9676 4.4
9677 4.4
9678 4.4
9679 4.2
9680 4.6
9681 4.6
9682 4.6
9683 4.6
9684 4.6
9685 4.6
9686 4.6
9687 4.2
9688 3.9
9689 3.9
9690 3.9
9691 4.7
9692 4.7
9693 4.7
9694 4.7
9695 4.7
9696 4.7
9697 4.7
9698 4.7
9699 4.7
9700 3.9
9701 3.9
9702 3.9
9703 4.2
9704 4.2
9705 4.2
9706 4.2
9707 4.2
9708 4.2
9709 4.2
9710 4.1
9711 4.1
9712 4.1
9713 3.8
9714 3.8
9715 3.8
9716 3.8
9717 4.6
9718 4.6
9719 4.6
9720 4.1
9721 4.1
9722 4.1
9723 4.1
9724 4.1
9725 4.1
9726 4.1
9727 4.1
9728 4.7
9729 4.7
9730 4.7
9731 4.7
9732 4.2
9733 4.2
9734 4.2
9735 4.2
9736 4.2
9737 4.2
9738 4.2
9739 4.2
9740 4.2
9741 4.2
9742 4.9
9743 3.6
9744 3.6
9745 3.6
9746 3.6
9747 3.6
9748 3.6
9749 3.6
9750 4.5
9751 4.5
9752 4.5
9753 4.5
9754 4.9
9755 4.9
9756 4.9
9757 4.9
9758 4.9
9759 4.9
9760 4.9
9761 4.9
9762 4.9
9763 4.2
9764 4.2
9765 4.2
9766 4.2
9767 4.2
9768 4.2
9769 4.2
9770 4.2
9771 4.2
9772 4.2
9773 4.2
9774 4.2
9775 4.2
9776 4.2
9777 4.2
9778 4.2
9779 4.2
9780 4.2
9781 5.2
9782 5.2
9783 3.8
9784 3.8
9785 3.8
9786 3.8
9787 4.0
9788 4.0
9789 4.0
9790 4.0
9791 3.2
9792 4.5
9793 4.5
9794 4.0
9795 4.0
9796 4.0
9797 4.0
9798 4.0
9799 4.0
9800 4.7
9801 4.7
9802 4.8
9803 4.7
9804 5.2
9805 4.4
9806 4.5
9807 4.1
9808 4.1
9809 4.3
9810 4.3
9811 4.3
9812 4.3
9813 4.3
9814 4.3
9815 4.3
9816 4.3
9817 5.0
9818 5.0
9819 4.2
9820 4.2
9821 4.2
9822 4.2
9823 4.2
9824 4.7
9825 4.7
9826 4.7
9827 4.7
9828 4.7
9829 4.7
9830 4.7
9831 4.7
9832 3.7
9833 3.7
9834 3.7
9835 3.7
9836 3.9
9837 3.9
9838 3.9
9839 3.9
9840 4.3
9841 4.3
9842 4.3
9843 4.2
9844 4.2
9845 4.2
9846 4.2
9847 4.2
9848 3.8
9849 3.8
9850 3.8
9851 3.8
9852 3.8
9853 3.8
9854 3.8
9855 3.8
9856 3.8
9857 3.8
9858 4.4
9859 4.4
9860 4.4
9861 4.4
9862 3.7
9863 3.7
9864 3.8
9865 3.8
9866 3.8
9867 3.8
9868 3.8
9869 3.8
9870 3.8
9871 3.8
9872 3.8
9873 3.8
9874 4.1
9875 4.0
9876 4.0
9877 4.0
9878 4.0
9879 4.0
9880 4.0
9881 4.0
9882 4.0
9883 4.0
9884 5.0
9885 3.5
9886 3.5
9887 3.5
9888 4.5
9889 4.5
9890 4.5
9891 4.5
9892 4.4
9893 4.4
9894 3.9
9895 3.9
9896 3.9
9897 4.1
9898 4.1
9899 4.1
9900 4.1
9901 4.4
9902 3.8
9903 4.1
9904 4.1
9905 4.1
9906 4.4
9907 4.4
9908 4.4
9909 4.4
9910 4.4
9911 4.4
9912 4.4
9913 4.4
9914 3.7
9915 3.6
9916 4.0
9917 4.1
9918 4.1
9919 4.1
9920 4.1
9921 4.1
9922 4.1
9923 4.1
9924 4.1
9925 5.0
9926 3.2
9927 5.5
9928 5.4
9929 5.4
9930 5.4
9931 5.2
9932 3.7
9933 4.7
9934 4.7
9935 4.9
9936 4.6
9937 4.6
9938 4.6
9939 4.8
9940 4.3
9941 4.3
9942 4.3
9943 4.3
9944 4.3
9945 4.3
9946 3.4
9947 3.6
9948 4.6
9949 4.6
9950 4.1
9951 4.1
9952 4.1
9953 3.9
9954 3.9
9955 3.9
9956 3.9
9957 4.5
9958 4.5
9959 4.5
9960 4.5
9961 4.5
9962 4.5
9963 4.5
9964 4.9
9965 5.0
9966 5.3
9967 5.3
9968 3.7
9969 4.0
9970 4.0
9971 4.4
9972 4.4
9973 4.4
9974 4.4
9975 3.9
9976 3.9
9977 3.9
9978 3.9
9979 3.9
9980 4.0
9981 4.0
9982 4.0
9983 4.0
9984 4.6
9985 4.6
9986 4.6
9987 4.3
9988 4.3
9989 4.3
9990 4.3
9991 4.9
9992 4.5
9993 4.5
9994 4.5
9995 4.5
9996 4.1
9997 4.1
9998 4.1
9999 4.9
10000 4.9
10001 4.9
10002 4.9
10003 4.9
10004 5.2
10005 5.0
10006 3.8
10007 4.1
10008 4.1
10009 4.1
10010 4.1
10011 5.2
10012 5.2
10013 5.2
10014 5.2
10015 4.7
10016 4.7
10017 4.7
10018 4.7
10019 4.7
10020 4.9
10021 4.9
10022 4.7
10023 4.7
10024 4.7
10025 4.0
10026 3.7
10027 4.4
10028 4.4
10029 4.4
10030 4.4
10031 4.4
10032 4.4
10033 4.4
10034 4.4
10035 4.4
10036 4.4
10037 4.4
10038 4.4
10039 4.4
10040 3.4
10041 3.4
10042 4.0
10043 4.0
10044 4.4
10045 4.4
10046 4.4
10047 4.4
10048 4.4
10049 4.4
10050 4.4
10051 4.4
10052 4.0
10053 4.0
10054 4.0
10055 4.0
10056 4.0
10057 4.0
10058 4.7
10059 4.7
10060 4.7
10061 4.7
10062 4.3
10063 4.3
10064 4.3
10065 4.3
10066 4.0
10067 4.0
10068 4.0
10069 4.0
10070 4.0
10071 4.0
10072 4.0
10073 4.0
10074 4.0
10075 4.3
10076 4.3
10077 4.8
10078 4.8
10079 4.7
10080 4.7
10081 4.7
10082 4.5
10083 4.5
10084 4.5
10085 4.5
10086 4.5
10087 4.5
10088 4.3
10089 4.2
10090 4.2
10091 4.2
10092 4.2
10093 4.2
10094 4.2
10095 4.2
10096 4.2
10097 4.2
10098 4.9
10099 4.9
10100 4.3
10101 4.3
10102 4.6
10103 4.6
10104 3.5
10105 3.9
10106 3.9
10107 3.9
10108 3.9
10109 3.9
10110 3.9
10111 3.9
10112 3.9
10113 3.9
10114 4.6
10115 4.6
10116 4.6
10117 3.9
10118 4.6
10119 4.6
10120 4.6
10121 4.6
10122 4.6
10123 4.8
10124 3.4
10125 3.5
10126 4.8
10127 4.8
10128 4.8
10129 4.8
10130 4.8
10131 4.8
10132 4.8
10133 5.0
10134 4.7
10135 4.7
10136 4.7
10137 4.7
10138 4.8
10139 4.8
10140 4.8
10141 4.5
10142 4.5
10143 4.5
10144 4.5
10145 4.5
10146 4.5
10147 4.5
10148 4.5
10149 4.2
10150 4.3
10151 4.3
10152 4.3
10153 4.2
10154 4.2
10155 4.2
10156 3.9
10157 3.9
10158 3.9
10159 3.8
10160 4.5
10161 4.5
10162 4.5
10163 4.7
10164 4.8
10165 4.8
10166 4.8
10167 3.2
10168 3.2
10169 5.9
10170 5.2
10171 5.2
10172 5.2
10173 5.0
10174 4.9
10175 4.9
10176 4.0
10177 4.0
10178 4.7
10179 4.7
10180 4.7
10181 4.7
10182 3.7
10183 4.9
10184 4.9
10185 4.9
10186 4.9
10187 4.2
10188 4.2
10189 4.2
10190 4.2
10191 4.2
10192 4.2
10193 4.2
10194 4.8
10195 4.8
10196 4.7
10197 4.7
10198 4.7
10199 4.7
10200 4.9
10201 3.4
10202 3.4
10203 3.4
10204 3.4
10205 5.0
10206 5.0
10207 5.0
10208 5.0
10209 5.0
10210 5.0
10211 5.0
10212 5.0
10213 3.6
10214 3.6
10215 3.9
10216 3.9
10217 3.9
10218 4.0
10219 4.0
10220 4.0
10221 4.0
10222 4.1
10223 3.8
10224 4.6
10225 4.6
10226 3.8
10227 5.2
10228 4.9
10229 4.9
10230 4.9
10231 4.9
10232 4.9
10233 4.9
10234 4.7
10235 4.6
10236 4.5
10237 4.5
10238 4.5
10239 4.5
10240 4.5
10241 4.5
10242 4.3
10243 4.3
10244 4.1
10245 4.1
10246 4.1
10247 4.1
10248 4.1
10249 4.1
10250 4.1
10251 4.3
10252 4.3
10253 4.3
10254 4.3
10255 4.3
10256 4.3
10257 4.3
10258 4.3
10259 3.7
10260 3.7
10261 3.7
10262 3.7
10263 3.7
10264 3.7
10265 3.7
10266 4.5
10267 4.5
10268 4.5
10269 4.5
10270 4.5
10271 4.1
10272 4.1
10273 4.1
10274 4.1
10275 4.1
10276 4.1
10277 4.1
10278 4.1
10279 4.1
10280 4.0
10281 4.0
10282 4.0
10283 4.1
10284 4.1
10285 4.1
10286 4.1
10287 4.1
10288 4.1
10289 4.5
10290 4.5
10291 4.5
10292 4.5
10293 4.3
10294 4.3
10295 4.3
10296 4.4
10297 4.8
10298 4.8
10299 4.8
10300 4.8
10301 4.8
10302 4.8
10303 4.8
10304 4.8
10305 5.4
10306 5.3
10307 5.3
10308 3.6
10309 3.6
10310 3.6
10311 4.9
10312 4.3
10313 4.3
10314 4.3
10315 4.3
10316 3.9
10317 3.9
10318 3.9
10319 3.9
10320 4.3
10321 4.3
10322 4.3
10323 4.3
10324 4.3
10325 4.3
10326 4.3
10327 4.3
10328 4.3
10329 4.3
10330 4.3
10331 4.3
10332 4.3
10333 4.3
10334 4.3
10335 4.5
10336 4.5
10337 3.8
10338 3.9
10339 3.9
10340 3.9
10341 3.9
10342 3.9
10343 3.9
10344 3.2
10345 5.6
10346 4.7
10347 4.7
10348 4.7
10349 4.6
10350 4.6
10351 4.1
10352 4.1
10353 4.1
10354 4.1
10355 4.1
10356 4.1
10357 4.1
10358 4.1
10359 4.1
10360 4.1
10361 4.0
10362 4.7
10363 3.9
10364 3.8
10365 3.8
10366 4.2
10367 4.2
10368 4.3
10369 4.6
10370 4.6
10371 4.6
10372 4.6
10373 4.5
10374 4.1
10375 4.1
10376 4.1
10377 4.1
10378 4.1
10379 4.1
10380 5.4
10381 5.4
10382 4.3
10383 4.3
10384 4.3
10385 4.3
10386 4.7
10387 4.7
10388 4.7
10389 4.7
10390 4.7
10391 4.7
10392 4.7
10393 4.7
10394 4.7
10395 4.7
10396 4.8
10397 4.8
10398 4.8
10399 4.7
10400 4.0
10401 4.0
10402 4.0
10403 4.0
10404 4.0
10405 4.0
10406 4.0
10407 4.0
10408 4.0
10409 3.5
10410 3.5
10411 3.4
10412 5.1
10413 5.1
10414 4.2
10415 4.2
10416 4.0
10417 4.1
10418 4.6
10419 4.6
10420 4.6
10421 4.6
10422 4.6
10423 4.6
10424 4.6
10425 4.6
10426 4.6
10427 4.6
10428 4.4
10429 4.4
10430 4.5
10431 4.5
10432 4.5
10433 4.5
10434 4.5
10435 4.5
10436 4.5
10437 4.5
10438 5.0
10439 5.0
10440 5.0
10441 3.5
10442 3.5
10443 3.5
10444 3.5
10445 3.7
10446 4.4
10447 4.4
10448 4.4
10449 4.4
10450 4.4
10451 4.1
10452 3.9
10453 3.9
10454 5.3
10455 3.3
10456 3.3
10457 5.6
10458 5.7
10459 5.7
10460 5.7
10461 5.7
10462 5.7
10463 5.7
10464 5.6
10465 5.6
10466 5.6
10467 3.3
10468 3.3
10469 3.9
10470 4.3
10471 4.3
10472 4.3
10473 4.3
10474 4.3
10475 4.3
10476 4.3
10477 4.3
10478 5.3
10479 4.5
10480 4.8
10481 4.4
10482 4.4
10483 4.4
10484 4.4
10485 4.4
10486 4.4
10487 4.4
10488 4.4
10489 4.4
10490 4.4
10491 4.4
10492 4.4
10493 3.9
10494 3.9
10495 3.9
10496 3.9
10497 3.9
10498 3.9
10499 3.9
10500 4.0
10501 4.0
10502 4.1
10503 4.6
10504 4.0
10505 4.0
10506 4.0
10507 4.0
10508 4.0
10509 4.1
10510 4.1
10511 4.1
10512 4.1
10513 4.1
10514 4.4
10515 4.4
10516 4.4
10517 4.4
10518 4.4
10519 4.4
10520 4.1
10521 4.1
10522 4.8
10523 3.8
10524 3.8
10525 4.5
10526 4.5
10527 4.5
10528 4.5
10529 4.5
10530 4.5
10531 4.6
10532 4.6
10533 4.6
10534 4.6
10535 4.2
10536 4.0
10537 4.7
10538 4.7
10539 4.7
10540 4.7
10541 4.7
10542 4.7
10543 4.6
10544 4.2
10545 4.2
10546 4.2
10547 3.8
10548 4.5
10549 4.5
10550 4.5
10551 4.5
10552 4.5
10553 3.6
10554 4.8
10555 4.7
10556 4.7
10557 5.2
10558 3.5
10559 3.5
10560 4.6
10561 4.6
10562 4.6
10563 4.6
10564 4.6
10565 4.0
10566 4.0
10567 4.3
10568 4.3
10569 4.3
10570 4.3
10571 4.3
10572 4.3
10573 4.3
10574 4.3
10575 4.3
10576 4.3
10577 4.3
10578 4.5
10579 4.5
10580 4.5
10581 4.5
10582 4.5
10583 4.5
10584 4.5
10585 4.5
10586 4.4
10587 4.0
10588 4.0
10589 4.2
10590 4.2
10591 4.2
10592 4.2
10593 4.2
10594 4.2
10595 4.2
10596 4.2
10597 4.2
10598 4.2
10599 5.1
10600 5.1
10601 5.1
10602 5.1
10603 5.2
10604 5.3
10605 5.3
10606 5.3
10607 3.4
10608 3.4
10609 3.3
10610 3.3
10611 5.6
10612 5.6
10613 3.3
10614 4.6
10615 4.6
10616 3.7
10617 3.6
10618 3.6
10619 4.8
10620 4.5
10621 4.5
10622 4.5
10623 4.5
10624 4.2
10625 4.2
10626 4.2
10627 4.2
10628 4.2
10629 4.2
10630 4.2
10631 4.0
10632 4.5
10633 4.5
10634 4.5
10635 4.0
10636 4.0
10637 4.0
10638 3.9
10639 3.9
10640 3.9
10641 3.9
10642 3.9
10643 3.9
10644 3.9
10645 3.9
10646 3.9
10647 3.9
10648 4.6
10649 4.6
10650 4.6
10651 4.6
10652 4.6
10653 4.6
10654 4.6
10655 4.6
10656 4.9
10657 3.9
10658 3.9
10659 4.3
10660 4.8
10661 4.2
10662 4.2
10663 4.2
10664 4.1
10665 3.9
10666 3.9
10667 3.9
10668 3.9
10669 3.9
10670 3.9
10671 4.0
10672 4.0
10673 4.0
10674 4.0
10675 4.0
10676 4.0
10677 4.0
10678 4.3
10679 4.4
10680 4.4
10681 3.8
10682 3.8
10683 3.8
10684 3.8
10685 4.1
10686 4.1
10687 4.1
10688 4.1
10689 5.2
10690 4.3
10691 4.3
10692 4.3
10693 4.3
10694 4.1
10695 4.1
10696 4.1
10697 4.1
10698 4.1
10699 4.2
10700 4.5
10701 4.5
10702 4.5
10703 4.5
10704 4.5
10705 4.5
10706 4.5
10707 4.6
10708 4.6
10709 4.6
10710 4.6
10711 4.6
10712 3.8
10713 4.4
10714 4.4
10715 4.4
10716 4.4
10717 4.4
10718 4.4
10719 4.4
10720 5.3
10721 4.7
10722 4.7
10723 4.7
10724 4.6
10725 4.6
10726 4.6
10727 4.6
10728 4.6
10729 4.6
10730 4.6
10731 4.6
10732 4.6
10733 4.9
10734 3.6
10735 3.6
10736 3.9
10737 3.9
10738 4.7
10739 4.7
10740 4.7
10741 4.7
10742 3.8
10743 3.9
10744 3.4
10745 4.0
10746 4.0
10747 4.0
10748 4.2
10749 4.2
10750 4.2
10751 4.2
10752 4.2
10753 4.2
10754 4.2
10755 4.2
10756 4.1
10757 4.6
10758 4.6
10759 4.6
10760 4.6
10761 4.6
10762 5.6
10763 3.9
10764 4.4
10765 4.4
10766 4.4
10767 4.1
10768 4.1
10769 4.1
10770 4.7
10771 5.0
10772 5.3
10773 4.6
10774 4.6
10775 4.6
10776 4.6
10777 3.8
10778 3.8
10779 3.8
10780 3.8
10781 3.8
10782 3.8
10783 3.8
10784 4.8
10785 4.8
10786 3.9
10787 3.9
10788 4.4
10789 4.4
10790 4.4
10791 4.4
10792 4.4
10793 4.4
10794 4.4
10795 4.4
10796 4.4
10797 4.4
10798 4.4
10799 4.4
10800 4.4
10801 4.4
10802 4.8
10803 4.8
10804 4.8
10805 4.8
10806 4.8
10807 4.8
10808 4.8
10809 3.6
10810 5.4
10811 5.4
10812 5.4
10813 4.0
10814 4.0
10815 4.0
10816 3.7
10817 3.7
10818 5.2
10819 4.8
10820 4.8
10821 3.9
10822 4.0
10823 5.0
10824 4.2
10825 4.2
10826 4.2
10827 4.3
10828 4.3
10829 4.3
10830 4.0
10831 4.0
10832 4.7
10833 4.7
10834 4.7
10835 3.7
10836 3.7
10837 3.7
10838 4.3
10839 4.3
10840 4.3
10841 4.0
10842 4.0
10843 4.0
10844 4.0
10845 4.0
10846 4.9
10847 4.3
10848 5.0
10849 5.0
10850 5.6
10851 4.3
10852 3.7
10853 4.9
10854 4.9
10855 4.4
10856 4.4
10857 4.4
10858 4.4
10859 4.4
10860 4.4
10861 4.4
10862 4.4
10863 4.4
10864 4.4
10865 4.4
10866 4.4
10867 4.4
10868 5.0
10869 4.7
10870 4.7
10871 4.7
10872 3.2
10873 4.2
10874 4.3
10875 4.3
10876 4.3
10877 5.5
10878 5.4
10879 5.4
10880 3.4
10881 3.4
10882 3.4
10883 3.4
10884 4.7
10885 5.0
10886 4.0
10887 4.0
10888 4.0
10889 4.9
10890 3.8
10891 3.8
10892 4.5
10893 4.3
10894 4.3
10895 4.3
10896 4.0
10897 4.0
10898 4.0
10899 4.0
10900 4.2
10901 3.8
10902 4.1
10903 4.5
10904 4.5
10905 4.5
10906 4.5
10907 4.3
10908 4.3
10909 4.3
10910 4.3
10911 4.4
10912 4.4
10913 3.9
10914 3.9
10915 3.9
10916 3.9
10917 3.9
10918 3.9
10919 4.9
10920 4.9
10921 4.9
10922 4.9
10923 4.9
10924 4.9
10925 3.9
10926 3.9
10927 3.9
10928 4.4
10929 4.4
10930 4.4
10931 4.4
10932 4.5
10933 4.5
10934 4.5
10935 3.7
10936 4.8
10937 5.3
10938 5.3
10939 4.1
10940 4.1
10941 4.1
10942 4.1
10943 4.1
10944 4.2
10945 4.2
10946 4.2
10947 4.3
10948 4.3
10949 4.3
10950 4.3
10951 4.3
10952 4.3
10953 4.3
10954 4.3
10955 4.3
10956 4.4
10957 4.4
10958 4.8
10959 4.8
10960 4.8
10961 4.8
10962 4.1
10963 4.8
10964 4.8
10965 4.5
10966 4.5
10967 4.5
10968 4.5
10969 4.5
10970 4.5
10971 4.5
10972 4.5
10973 4.5
10974 4.5
10975 4.5
10976 4.5
10977 4.5
10978 4.0
10979 4.0
10980 4.0
10981 4.0
10982 4.0
10983 4.0
10984 4.0
10985 4.1
10986 4.1
10987 4.1
10988 5.2
10989 4.4
10990 4.4
10991 4.4
10992 4.4
10993 4.5
10994 4.5
10995 4.5
10996 4.5
10997 4.5
10998 3.8
10999 3.5
11000 5.3
643.18
