Burned 0 samples
Collected 0 samples
Collected 100 samples
Collected 200 samples
Collected 300 samples
Collected 400 samples
Collected 500 samples
Collected 600 samples
Collected 700 samples
Collected 800 samples
Collected 900 samples
73.4995321495
73.4820489259
73.5572332372
73.5572332372
73.4966522371
73.4966522371
70.9877970393
71.0518826545
71.0518826545
39.5484796772
39.5486360122
39.5486360122
39.5486360122
39.4543052828
39.4543052828
39.455919189
19.4483010682
19.5065514581
19.5126485677
19.5126485677
19.5085670853
19.5085670853
19.8763811807
19.8763811807
19.8763811807
18.5224776468
18.5179309828
18.5179309828
18.5179309828
18.5369864618
18.4770406433
18.4770406433
18.4770406433
18.4854448963
12.5252004321
9.76734710849
9.78912787094
9.78912787094
9.78104723825
9.78104723825
9.78104723825
9.78276845879
9.78276845879
9.78276845879
9.78276845879
9.78276845879
9.78276845879
9.78276845879
9.78276845879
9.78650402499
9.78650402499
9.78115859476
9.7806900732
9.77898547309
9.6355037179
9.64565720305
9.64639022276
9.69348783168
9.23799661465
9.23724219728
9.23724219728
9.24159760792
9.24159760792
9.24159760792
9.21431353003
9.21431353003
9.21431353003
9.21431353003
9.21431353003
9.21431353003
9.21622496746
9.21622496746
9.21622496746
9.21622496746
9.21622496746
9.19395189181
9.19395189181
9.19395189181
9.17204777424
9.17204777424
9.17204777424
9.17088460542
9.16731321726
9.16731321726
9.14033115826
9.14033115826
9.14033115826
9.14033115826
9.14033115826
9.14033115826
9.14033115826
9.14033115826
9.14033115826
9.14033115826
9.14033115826
9.14033115826
9.13997709397
9.18687639569
9.18687639569
9.18985806196
9.22204889045
9.22607860569
9.22607860569
9.22607860569
9.18768190057
9.18768190057
9.18768190057
9.18768190057
9.18138858712
9.18138858712
9.18138858712
9.18138858712
9.1789317578
9.1789317578
9.1789317578
9.18177470778
9.14840846112
9.14840846112
9.14731590971
9.14731590971
9.15334575988
9.15334575988
9.15334575988
9.14294981352
9.14294981352
8.53051853204
8.53051853204
8.53051853204
8.53051853204
8.52665095704
8.58832116034
8.59198275653
8.59144868434
8.59144868434
8.59144868434
8.5926908483
8.5926908483
8.5926908483
8.5926908483
8.5926908483
8.5926908483
8.60998691809
8.71594506156
8.71594506156
8.55116326178
8.55116326178
8.55116326178
8.55416238348
8.55416238348
8.55416238348
8.55416238348
7.24469843128
7.24469843128
7.23783127067
7.15021669685
7.15021669685
7.15021669685
7.15021669685
7.15021669685
7.15455166938
7.15455166938
7.15455166938
7.20553469998
7.20553469998
7.21983347191
7.21983347191
7.21983347191
7.21983347191
7.21658764396
7.21658764396
7.21658764396
7.21658764396
6.68156749208
6.68156749208
6.67657900527
6.67657900527
6.67657900527
6.67657900527
6.67657900527
6.67657900527
6.67657900527
6.65962166691
6.65962166691
6.65962166691
6.65962166691
6.54719739992
5.65079572217
5.65079572217
5.65079572217
5.65497344554
5.65497344554
5.65497344554
5.65497344554
5.65497344554
5.6539380006
5.62011482611
5.62011482611
5.62011482611
5.62011482611
5.62011482611
5.62011482611
5.62011482611
5.62011482611
5.62011482611
5.62011482611
5.62011482611
5.62011482611
5.62011482611
5.88285449069
5.88285449069
5.88285449069
5.88285449069
5.88285449069
5.88285449069
5.92147391856
5.92147391856
5.92147391856
5.92147391856
5.92147391856
5.92147391856
5.92147391856
5.92147391856
5.92147391856
5.92072899009
5.92072899009
5.95588452627
5.69611725762
5.69611725762
5.61008951081
5.61008951081
5.62064848523
5.6255946261
5.6255946261
5.6255946261
5.6255946261
5.61510846458
5.61510846458
5.61510846458
5.61385795417
5.61385795417
6.05833787079
6.05833787079
6.05833787079
6.05833787079
6.05833787079
6.05900169492
6.05900169492
6.05900169492
6.05900169492
6.06537707238
6.06537707238
6.06537707238
6.06537707238
6.06537707238
6.06537707238
6.06537707238
6.06537707238
6.06537707238
6.06537707238
6.06537707238
6.06477453025
6.06477453025
6.06477453025
6.06477453025
6.06477453025
6.06477453025
6.12935990646
6.12935990646
6.11015473326
6.11015473326
6.11015473326
6.11015473326
6.11015473326
6.11015473326
6.11015473326
6.11015473326
6.11015473326
6.11015473326
6.11015473326
6.11015473326
6.67395677367
6.68111108931
6.65088706006
6.62187235594
6.62187235594
6.62187235594
6.64131526238
6.36783214969
6.59472974328
6.59472974328
6.59472974328
6.59472974328
6.59472974328
6.62653657241
6.62653657241
6.62653657241
6.62653657241
6.60634233366
6.60634233366
6.18455105102
6.17648184276
6.18443340364
6.18443340364
6.17901566662
6.18211292177
6.18397520636
6.18397520636
6.17860528199
6.18053419449
6.18053419449
6.18053419449
6.18053419449
6.1462520064
6.1462520064
6.1462520064
6.1462520064
6.15191203783
6.13726277518
6.13726277518
6.13726277518
6.13726277518
6.14991725375
6.14991725375
6.14991725375
6.14717710199
6.14717710199
6.14717710199
6.14657639122
6.14657639122
6.40812184878
6.40812184878
6.40812184878
6.40812184878
6.40812184878
6.40812184878
6.40812184878
6.40812184878
6.40812184878
6.40812184878
6.41125043027
6.41125043027
6.41125043027
6.41125043027
6.41125043027
6.41302934161
6.41302934161
6.41302934161
6.41302934161
6.40721386029
6.40721386029
6.40721386029
6.40721386029
6.40721386029
6.40721386029
6.40721386029
6.40721386029
6.40721386029
6.40721386029
6.40721386029
6.40721386029
6.23704162157
6.23704162157
6.24208942817
6.24208942817
6.24208942817
6.24133823404
6.24133823404
6.24133823404
6.24133823404
6.2777022836
6.24565907994
6.24565907994
6.24565907994
6.24565907994
6.24565907994
6.09008149799
6.09008149799
6.09008149799
6.10110447063
6.10110447063
6.10110447063
6.10110447063
6.10110447063
6.10110447063
6.11178745859
6.11178745859
6.09228518725
6.08441097676
6.08491531907
6.08491531907
6.08491531907
6.08491531907
6.10322397282
6.10636916991
6.10636916991
6.1067461854
6.1067461854
6.1067461854
6.10893051661
6.11365913133
6.11365913133
6.11365913133
6.11365913133
6.10543229298
6.10543229298
6.10543229298
6.10543229298
6.10543229298
6.10842541686
6.10842541686
6.10842541686
6.10842541686
6.10842541686
6.41457653289
6.41457653289
6.41457653289
6.41457653289
6.41457653289
6.41457653289
6.41457653289
6.41457653289
6.41457653289
6.41457653289
6.46278337511
6.46278337511
6.46278337511
6.46048211329
6.43897814068
6.43897814068
6.44707427087
6.44707427087
6.44063795911
6.37772860558
6.37772860558
6.37772860558
6.37772860558
6.3827614775
6.3827614775
6.3827614775
6.3827614775
6.3827614775
6.38340883793
6.7754294609
6.7754294609
6.7754294609
6.7754294609
6.70356473446
6.70356473446
6.70356473446
6.90030774119
6.90030774119
6.94436031437
6.94436031437
6.94859742878
6.94859742878
7.05716564912
7.05716564912
7.05716564912
7.01707850064
7.01707850064
7.01450960896
7.01709736308
7.01772980513
7.01772980513
7.01772980513
7.50200392987
6.86152828873
6.87170624914
6.87170624914
6.87170624914
6.87170624914
6.87170624914
6.86900726125
6.86900726125
6.87099801627
6.87099801627
6.87099801627
6.87099801627
6.70187052404
6.62698707617
6.20570471566
6.20570471566
6.20570471566
6.20979391739
6.20979391739
6.20979391739
6.19979343903
6.19362054867
6.19362054867
6.19362054867
6.19983150466
6.19983150466
6.19983150466
6.19983150466
6.19983150466
6.19983150466
6.19529233431
6.15669669806
6.15669669806
6.15995118284
6.15995118284
6.15406109962
6.15406109962
6.15484651551
6.15484651551
6.15484651551
6.15484651551
6.15484651551
6.15484651551
6.15484651551
6.15409666735
6.15409666735
6.15853100492
6.15853100492
6.15853100492
6.15853100492
6.15853100492
6.15853100492
6.16139429105
6.16139429105
6.13741273894
6.13390368041
6.13390368041
6.13390368041
6.13390368041
6.13390368041
6.23817246961
6.23817246961
6.23817246961
6.23817246961
6.23817246961
6.23817246961
6.24034813968
6.24034813968
6.24034813968
6.24034813968
6.24034813968
6.2388639402
6.44958490211
6.44958490211
6.44958490211
6.466671092
6.4683841046
6.55775284367
6.5590637511
6.5590637511
6.5590637511
6.5590637511
6.59361727248
6.59361727248
6.59361727248
6.59361727248
6.59361727248
6.59126278898
6.59126278898
6.58738717429
6.54542050131
6.54542050131
6.54542050131
6.54542050131
6.54542050131
6.54542050131
6.54542050131
6.54756045923
6.54756045923
6.54756045923
6.54756045923
6.54756045923
6.51904859666
6.51904859666
6.51904859666
6.51904859666
6.24104648215
6.25713964998
6.24313265797
6.24313265797
6.24313265797
6.24313265797
6.24313265797
6.24313265797
6.24313265797
6.24313265797
6.21016801047
6.21016801047
6.21016801047
6.21016801047
6.21176231364
6.96352297202
6.96352297202
6.96561433844
6.96561433844
6.96561433844
6.96561433844
6.96098342028
6.96098342028
6.96103177046
6.96103177046
6.96103177046
6.9590963439
6.9590963439
6.96314636607
6.28451711882
6.28496788034
6.32540978299
6.32540978299
6.34255135086
6.33893201772
6.33893201772
6.33893201772
6.33893201772
6.33893201772
6.33893201772
6.33893201772
6.33893201772
6.33893201772
6.33893201772
6.33893201772
6.33893201772
6.33893201772
6.33893201772
6.33893201772
6.25676817921
6.25676817921
3.66589932432
3.66599912986
3.66599912986
3.66599912986
3.66739522399
3.66739522399
3.66739522399
3.41437216432
3.41437216432
4.04414523835
4.09769398724
4.09769398724
4.1001092352
3.54560442507
3.58308372519
3.53961121659
4.29621004206
4.27489434283
4.27489434283
4.27489434283
4.27489434283
4.27489434283
4.27489434283
4.49292227623
4.49292227623
4.49292227623
4.47877928531
4.47877928531
4.47366918109
4.47366918109
4.49757738686
4.49803936595
4.49803936595
4.49771517175
4.49771517175
4.49771517175
4.49771517175
4.69621948267
4.36904779952
4.36904779952
4.36904779952
4.36904779952
3.46923342354
3.46923342354
3.46923342354
3.46923342354
3.46923342354
4.23357034901
4.22781438652
4.22781438652
3.86245786341
3.89454417892
3.89521550512
3.89521550512
4.20939700626
4.19278613922
4.19278613922
4.19278613922
4.19278613922
4.19278613922
4.18227865842
4.18227865842
4.18227865842
4.18227865842
4.19775610058
4.19775610058
4.2015106504
4.19507671557
4.19507671557
4.19768159113
4.19801346391
4.19990657531
4.20260286843
4.18181664633
4.17779164033
4.17779164033
4.17779164033
4.18140943531
4.18140943531
4.17962540451
4.17962540451
4.17962540451
4.1467223695
4.1467223695
4.1467223695
4.19557697149
4.19557697149
4.19244492671
4.2004891159
4.56405211921
4.56405211921
4.56405211921
3.7631267004
3.7631267004
3.7631267004
3.72029732464
3.72029732464
3.72029732464
3.72029732464
4.23727236397
4.23727236397
4.23727236397
4.23727236397
4.23727236397
4.22829247141
4.22829247141
4.22829247141
4.29979150901
4.29979150901
4.29979150901
4.29979150901
4.29979150901
4.30581997276
3.92565783159
3.92565783159
3.92565783159
3.92565783159
3.93955763943
3.93586112124
4.00419537652
4.00419537652
4.00419537652
4.00419537652
3.85208530653
3.85208530653
3.85208530653
3.76247944472
4.94740108562
4.94740108562
4.94399966515
4.94859984251
5.02488503751
5.02678523115
4.77028927862
4.77028927862
4.77028927862
4.77028927862
4.77028927862
4.77028927862
4.43859811297
4.43859811297
4.43859811297
4.43300739133
4.43300739133
4.41919733432
4.41919733432
4.42432719279
4.38445217755
4.410387546
4.410387546
4.44578346383
4.44578346383
4.44578346383
4.40283260328
4.36857849247
4.12029090148
4.12029090148
4.89649507286
4.89649507286
4.89649507286
4.94135564494
4.94107031032
4.94107031032
4.94107031032
4.94107031032
4.94107031032
4.94107031032
4.94107031032
4.78250921502
4.78250921502
4.78243288896
4.78243288896
4.78243288896
4.78243288896
4.78243288896
4.52026611216
4.47604961564
4.30591469532
4.30861930206
4.30861930206
4.30861930206
4.30861930206
4.30861930206
4.33416100737
4.38905915747
4.38449025366
4.39348416005
4.39348416005
4.39348416005
4.39348416005
4.39348416005
4.39464551429
4.39464551429
4.34305612116
4.34305612116
4.34305612116
4.35011690089
4.33090173527
4.34563571494
4.34563571494
4.34563571494
4.34628868286
4.34628868286
4.42543642036
4.46821671039
4.46821671039
4.46821671039
4.46215978649
4.46891477004
4.4808969213
4.4808969213
4.4808969213
4.59704389743
4.59704389743
4.59704389743
3.96434821508
3.92304725002
3.91616422127
4.36622555277
4.36622555277
4.36622555277
4.36622555277
4.35308496121
4.35308496121
4.35308496121
4.35308496121
4.35444975516
4.37150513406
4.37150513406
4.49308014872
4.49308014872
4.49308014872
4.49961474276
4.49961474276
4.49961474276
4.49350299258
4.49350299258
4.49350299258
4.4957115573
4.4876750711
4.4876750711
4.4876750711
4.4876750711
4.4876750711
4.4876750711
4.4876750711
4.4876750711
4.4876750711
4.4876750711
4.83382929337
4.83382929337
4.83382929337
4.83382929337
4.83382929337
4.83382929337
4.66836654319
4.70086441793
4.70086441793
5.06850481067
5.06850481067
5.06850481067
5.06850481067
4.89371733851
4.89371733851
4.89371733851
4.89371733851
4.89371733851
4.89371733851
4.89371733851
4.89371733851
4.89371733851
4.89371733851
4.8954970115
4.8954970115
4.8954970115
4.8954970115
4.87800258439
4.87800258439
4.87800258439
4.87800258439
4.87800258439
4.87800258439
4.87800258439
4.87800258439
4.87272437481
4.87272437481
4.87272437481
4.87272437481
4.87272437481
4.87272437481
4.91704689411
4.91704689411
4.88529911302
4.88529911302
5.33122835692
5.33192681272
5.33192681272
5.33348039601
5.33348039601
5.33348039601
5.33574723462
4.40620869911
4.72064706355
4.66257076447
3.93985189048
3.80475459171
3.80475459171
3.70477712822
3.74418318644
3.74022859144
3.78185958271
4.80482905586
4.79981055535
4.81238111666
4.72996317351
4.72996317351
4.72996317351
4.72996317351
4.72996317351
3.9945992356
3.9945992356
3.9945992356
3.90097009474
3.98112232419
3.98112232419
4.00786804018
3.95984514166
3.95984514166
3.96527698172
4.38600658101
4.38161109305
4.38161109305
3.904727828
4.61430431787
4.64837575914
4.64837575914
4.64837575914
4.64837575914
4.64837575914
4.65230934642
4.65230934642
4.65375209222
4.6468974215
4.6468974215
4.6468974215
4.6468974215
4.59352293285
4.59352293285
4.62126824483
4.62126824483
4.62126824483
4.6267751491
4.6267751491
4.62922588345
4.64924674424
4.64924674424
4.6764068188
4.68775174167
4.68775174167
4.68775174167
4.68041204624
4.68041204624
4.68041204624
4.68041204624
4.68041204624
4.6634080474
4.6634080474
4.6634080474
4.6634080474
4.6634080474
4.6634080474
4.6634080474
4.6634080474
4.6634080474
4.6634080474
4.6634080474
4.6634080474
