100 0 0 0.0293090343475
100 0 1 0.348737001419
100 0 2 0.517067909241
100 0 3 0.674006938934
100 10 0 0.0570909976959
100 10 1 0.36160492897
100 10 2 0.554821014404
100 10 3 0.741734027863
100 50 0 0.187319993973
100 50 1 0.521134853363
100 50 2 0.708540916443
100 50 3 0.849920034409
100 100 0 0.375231027603
100 100 1 0.666290998459
100 100 2 0.898230075836
100 100 3 1.06960010529
100 500 0 1.87815403938
100 500 1 2.2278380394
100 500 2 2.41403698921
100 500 3 2.62005996704
100 1000 0 3.69716691971
100 1000 1 4.09546589851
100 1000 2 4.17963695526
100 1000 3 4.3878018856
500 0 0 0.0481028556824
500 0 1 1.5726518631
500 0 2 2.899050951
500 0 3 3.73771715164
500 10 0 0.102525949478
500 10 1 1.685806036
500 10 2 3.26751494408
500 10 3 4.06995797157
500 50 0 0.454288959503
500 50 1 2.01683712006
500 50 2 3.61390018463
500 50 3 4.44330382347
500 100 0 0.961889028549
500 100 1 2.54524898529
500 100 2 4.28012895584
500 100 3 5.02516198158
500 500 0 5.18579816818
500 500 1 6.96067690849
500 500 2 8.58514618874
500 500 3 9.45362997055
500 1000 0 10.7616660595
500 1000 1 12.5709269047
500 1000 2 14.4953331947
500 1000 3 15.4505989552
1000 0 0 0.054398059845
1000 0 1 3.15152382851
1000 0 2 6.84592485428
1000 0 3 8.32538104057
1000 10 0 0.169686079025
1000 10 1 3.29843902588
1000 10 2 7.93236494064
1000 10 3 9.46920394897
1000 50 0 0.767436981201
1000 50 1 3.8896510601
1000 50 2 8.49746608734
1000 50 3 10.2523918152
1000 100 0 1.67884898186
1000 100 1 4.85051202774
1000 100 2 9.90745186806
1000 100 3 11.4745409489
1000 500 0 9.2260761261
1000 500 1 12.6032848358
1000 500 2 18.6650919914
1000 500 3 20.0503189564
1000 1000 0 19.4835379124
1000 1000 1 23.253068924
1000 1000 2 29.3463318348
1000 1000 3 30.843984127
5000 0 0 0.100081920624
5000 0 1 15.5442781448
5000 0 2 77.4130120277
5000 0 3 86.4197609425
5000 10 0 0.663895130157
5000 10 1 16.2945580482
5000 10 2 106.406398058
5000 10 3 115.784325123
5000 50 0 3.35279798508
5000 50 1 19.2354719639
5000 50 2 108.869086981
5000 50 3 118.760706902
5000 100 0 7.53844094276
5000 100 1 23.5030269623
5000 100 2 120.42929101
5000 100 3 131.135170937
5000 500 0 42.4808988571
5000 500 1 59.176872015
5000 500 2 165.100124121
5000 500 3 190.624200106
5000 1000 0 90.8586690426
5000 1000 1 108.746770144
5000 1000 2 222.547336102
5000 1000 3 227.979475021
10000 0 0 0.167535066605
10000 0 1 31.2483348846
10000 0 2 278.585683107
10000 0 3 291.163683891
10000 10 0 1.40673589706
10000 10 1 33.4764540195
10000 10 2 387.55911994
10000 10 3 443.665130854
10000 50 0 6.79380083084
10000 50 1 39.3384931087
10000 50 2 398.950397968
10000 50 3 446.461069107
10000 100 0 14.7310051918
10000 100 1 46.2443468571
10000 100 2 451.958420992
10000 100 3 502.037983894
10000 500 0 85.5286979675
10000 500 1 116.945971012
10000 500 2 569.083616018
10000 500 3 616.273036957
10000 1000 0 179.457123041
10000 1000 1 217.470872879
10000 1000 2 656.444586992
10000 1000 3 744.190793991
