0.0 0.01 0 101.61 10202.1739
0.0 0.01 1 95.956 8824.138064
0.0 0.01 2 75.698 5856.458796
0.0 0.01 3 50.481 2742.451639
0.0 0.01 4 34.413 876.990431
0.0 0.01 5 26.226 317.368924
0.0 0.01 6 27.854 317.284684
0.0 0.01 7 29.462 345.216556
0.0 0.01 8 31.177 421.035671
0.0 0.01 9 33.181 540.922239
0.0 0.01 10 35.229 591.388559
0.0 0.01 11 38.6 713.154
0.0 0.01 12 42.403 787.912591
0.0 0.01 13 46.297 1024.528791
0.0 0.01 14 48.861 1159.583679
0.0 0.01 15 50.523 1233.935471
0.0 0.01 16 56.667 1493.524111
0.0 0.01 17 58.962 1841.102556
0.0 0.01 18 59.93 1824.1271
0.0 0.01 19 63.248 2279.814496
0.01 0.02 0 100.53 9570.6571
0.01 0.02 1 144.845 30402.802975
0.01 0.02 2 164.563 40390.912031
0.01 0.02 3 128.828 32952.490416
0.01 0.02 4 110.526 18835.211324
0.01 0.02 5 100.791 11981.129319
0.01 0.02 6 35.115 622.935775
0.01 0.02 7 32.797 528.585791
0.01 0.02 8 35.222 575.524716
0.01 0.02 9 38.893 790.919551
0.01 0.02 10 41.132 842.872576
0.01 0.02 11 47.59 1193.0199
0.01 0.02 12 47.459 1093.512319
0.01 0.02 13 52.386 1439.653004
0.01 0.02 14 55.641 1551.932119
0.01 0.02 15 58.726 1838.228924
0.01 0.02 16 62.006 2197.471964
0.01 0.02 17 65.886 2121.223004
0.01 0.02 18 67.93 2256.8411
0.01 0.02 19 73.803 3026.124191
0.02 0.03 0 99.934 10535.269644
0.02 0.03 1 160.624 32748.966624
0.02 0.03 2 180.299 47649.711599
0.02 0.03 3 148.013 31382.048831
0.02 0.03 4 135.423 24565.348071
0.02 0.03 5 126.13 15817.1131
0.02 0.03 6 64.948 3905.619296
0.02 0.03 7 51.779 1690.342159
0.02 0.03 8 51.99 1735.2039
0.02 0.03 9 56.165 1945.843775
0.02 0.03 10 63.956 2821.288064
0.02 0.03 11 69.06 3595.9504
0.02 0.03 12 74.841 3823.451719
0.02 0.03 13 79.889 5214.884679
0.02 0.03 14 87.493 6229.039951
0.02 0.03 15 90.736 6893.532304
0.02 0.03 16 94.668 8769.923776
0.02 0.03 17 102.978 9273.385516
0.02 0.03 18 109.588 12160.526256
0.02 0.03 19 122.323 13628.234671
0.03 0.04 0 102.318 10276.690876
0.03 0.04 1 158.456 30620.006064
0.03 0.04 2 182.899 44033.082799
0.03 0.04 3 149.38 25960.4876
0.03 0.04 4 131.767 20756.106711
0.03 0.04 5 36.286 910.176204
0.03 0.04 6 29.399 442.719799
0.03 0.04 7 33.146 610.686684
0.03 0.04 8 36.455 648.835975
0.03 0.04 9 37.147 718.989391
0.03 0.04 10 41.278 900.190716
0.03 0.04 11 44.393 1106.074551
0.03 0.04 12 50.025 1295.246375
0.03 0.04 13 54.607 1587.728551
0.03 0.04 14 55.889 1662.528679
0.03 0.04 15 56.894 1760.142764
0.03 0.04 16 61.672 2030.278416
0.03 0.04 17 65.414 2351.402604
0.03 0.04 18 67.768 2544.810176
0.03 0.04 19 73.559 2958.920519
0.04 0.05 0 99.958 10153.570236
0.04 0.05 1 170.016 32712.231744
0.04 0.05 2 171.62 39113.4976
0.04 0.05 3 162.481 27838.177639
0.04 0.05 4 159.646 27363.620684
0.04 0.05 5 72.748 5154.770496
0.04 0.05 6 51.739 1706.106879
0.04 0.05 7 46.517 1451.525711
0.04 0.05 8 50.383 1751.348311
0.04 0.05 9 58.08 2367.5216
0.04 0.05 10 64.84 3440.3324
0.04 0.05 11 69.975 3379.834375
0.04 0.05 12 74.073 4801.829671
0.04 0.05 13 79.201 5885.636599
0.04 0.05 14 86.915 6925.395775
0.04 0.05 15 94.896 8544.281184
0.04 0.05 16 101.327 10091.566071
0.04 0.05 17 108.655 12507.477975
0.04 0.05 18 114.832 16179.387776
0.04 0.05 19 123.514 17444.181804
0.05 0.06 0 99.842 9369.251036
0.05 0.06 1 154.123 28356.853871
0.05 0.06 2 161.394 26499.478764
0.05 0.06 3 163.698 30131.738796
0.05 0.06 4 175.685 29996.769775
0.05 0.06 5 103.91 9614.4359
0.05 0.06 6 79.063 5305.835031
0.05 0.06 7 68.401 3528.890199
0.05 0.06 8 73.102 4172.889596
0.05 0.06 9 78.286 5262.122204
0.05 0.06 10 84.458 6045.116236
0.05 0.06 11 97.325 9298.227375
0.05 0.06 12 108.038 10798.200556
0.05 0.06 13 115.162 14565.889756
0.05 0.06 14 120.446 15422.629084
0.05 0.06 15 134.829 20448.935759
0.05 0.06 16 144.428 25377.374816
0.05 0.06 17 158.917 26522.186111
0.05 0.06 18 175.932 40800.315376
0.05 0.06 19 183.709 43596.770319
0.06 0.07 0 102.245 11272.612975
0.06 0.07 1 159.926 25571.822524
0.06 0.07 2 168.714 30661.590204
0.06 0.07 3 166.945 29746.285975
0.06 0.07 4 57.406 3332.303164
0.06 0.07 5 38.847 1141.795591
0.06 0.07 6 34.582 796.063276
0.06 0.07 7 36.482 932.767676
0.06 0.07 8 39.35 972.9175
0.06 0.07 9 44.892 1204.412336
0.06 0.07 10 45.722 1275.626716
0.06 0.07 11 49.608 1669.854336
0.06 0.07 12 53.369 1607.378839
0.06 0.07 13 57.257 1810.774951
0.06 0.07 14 63.206 2286.075564
0.06 0.07 15 64.039 2556.579479
0.06 0.07 16 66.704 2592.594384
0.06 0.07 17 72.872 3252.943616
0.06 0.07 18 75.842 3305.759036
0.06 0.07 19 76.7 3381.742
0.07 0.08 0 101.296 10191.976384
0.07 0.08 1 168.035 32283.581775
0.07 0.08 2 168.095 29149.035975
0.07 0.08 3 160.501 26441.719999
0.07 0.08 4 71.288 5585.895056
0.07 0.08 5 61.333 4004.332111
0.07 0.08 6 52.006 2139.795964
0.07 0.08 7 44.382 1380.640076
0.07 0.08 8 48.189 1660.685279
0.07 0.08 9 52.978 1900.811516
0.07 0.08 10 58.094 2354.039164
0.07 0.08 11 62.067 2878.018511
0.07 0.08 12 67.886 3427.621004
0.07 0.08 13 73.649 4624.029799
0.07 0.08 14 76.036 4456.584704
0.07 0.08 15 83.306 5998.318364
0.07 0.08 16 89.617 7195.920311
0.07 0.08 17 97.328 8371.218416
0.07 0.08 18 99.801 9735.003399
0.07 0.08 19 111.144 11987.865264
0.08 0.09 0 98.952 9734.697696
0.08 0.09 1 174.129 31930.168359
0.08 0.09 2 174.435 30208.255775
0.08 0.09 3 190.248 35310.334496
0.08 0.09 4 94.155 9820.812975
0.08 0.09 5 83.796 5862.386384
0.08 0.09 6 64.381 3623.231839
0.08 0.09 7 59.86 2954.9104
0.08 0.09 8 61.235 2824.595775
0.08 0.09 9 71.902 4573.660396
0.08 0.09 10 78.411 4783.344079
0.08 0.09 11 84.777 6066.603271
0.08 0.09 12 93.543 7586.098151
0.08 0.09 13 102.25 8877.3455
0.08 0.09 14 104.723 10832.304271
0.08 0.09 15 123.751 15126.738999
0.08 0.09 16 127.728 18543.014016
0.08 0.09 17 145.712 28739.043056
0.08 0.09 18 160.917 32422.286111
0.08 0.09 19 161.174 30423.799724
0.09 0.1 0 95.78 9735.1036
0.09 0.1 1 166.627 27158.503871
0.09 0.1 2 178.905 37009.079975
0.09 0.1 3 199.515 43169.315775
0.09 0.1 4 120.742 15032.871436
0.09 0.1 5 67.944 3855.394864
0.09 0.1 6 55.468 2167.666976
0.09 0.1 7 61.105 2978.891975
0.09 0.1 8 62.757 3604.841951
0.09 0.1 9 69.84 4189.1904
0.09 0.1 10 72.157 4211.966351
0.09 0.1 11 84.61 7558.1939
0.09 0.1 12 92.099 7971.979199
0.09 0.1 13 95.348 8254.478896
0.09 0.1 14 109.171 13138.203759
0.09 0.1 15 122.049 17912.870599
0.09 0.1 16 132.905 20512.345975
0.09 0.1 17 135.233 20933.510711
0.09 0.1 18 144.772 26785.210016
0.09 0.1 19 149.201 29202.216599
0.1 0.11 0 103.753 10136.177991
0.1 0.11 1 168.89 31856.0679
0.1 0.11 2 175.644 32189.409264
0.1 0.11 3 240.426 66791.186524
0.1 0.11 4 131.826 18318.471724
0.1 0.11 5 92.288 8990.517056
0.1 0.11 6 75.719 4737.628039
0.1 0.11 7 74.949 4956.660399
0.1 0.11 8 86.896 6857.113184
0.1 0.11 9 91.977 7403.846471
0.1 0.11 10 102.287 10796.710631
0.1 0.11 11 107.132 11857.738576
0.1 0.11 12 121.364 15753.709504
0.1 0.11 13 135.158 19356.833036
0.1 0.11 14 145.184 24401.884144
0.1 0.11 15 151.196 27244.275584
0.1 0.11 16 166.552 32913.789296
0.1 0.11 17 192.609 50258.088119
0.1 0.11 18 194.443 57396.930751
0.1 0.11 19 214.701 68271.413599
0.11 0.12 0 103.548 10963.393696
0.11 0.12 1 170.011 30372.266879
0.11 0.12 2 170.098 29791.084396
0.11 0.12 3 235.081 54686.158439
0.11 0.12 4 149.31 25126.8059
0.11 0.12 5 112.656 11050.053664
0.11 0.12 6 87.52 6995.5616
0.11 0.12 7 89.124 7304.882624
0.11 0.12 8 96.597 8287.974591
0.11 0.12 9 102.914 9893.172604
0.11 0.12 10 116.491 16310.335919
0.11 0.12 11 123.351 16000.955799
0.11 0.12 12 142.383 23226.072311
0.11 0.12 13 151.773 27223.959471
0.11 0.12 14 162.402 33643.226396
0.11 0.12 15 176.374 36620.190124
0.11 0.12 16 190.74 45144.8884
0.11 0.12 17 221.36 71221.6464
0.11 0.12 18 213.04 66676.1784
0.11 0.12 19 251.241 86579.180919
0.12 0.13 0 98.868 9310.392576
0.12 0.13 1 162.381 25569.483839
0.12 0.13 2 189.915 35530.131775
0.12 0.13 3 117.208 13840.348736
0.12 0.13 4 75.448 5523.689296
0.12 0.13 5 57.075 3015.119375
0.12 0.13 6 46.018 1910.781676
0.12 0.13 7 41.991 1136.118919
0.12 0.13 8 45.725 1403.111375
0.12 0.13 9 46.854 1576.630684
0.12 0.13 10 50.615 1686.180775
0.12 0.13 11 51.554 1796.337084
0.12 0.13 12 58.648 2269.464096
0.12 0.13 13 59.582 2148.681276
0.12 0.13 14 64.37 2505.0931
0.12 0.13 15 65.506 2760.289964
0.12 0.13 16 66.84 2883.8004
0.12 0.13 17 75.029 3261.964159
0.12 0.13 18 76.84 3895.4024
0.12 0.13 19 78.651 3861.401199
0.13 0.14 0 100.166 9604.794444
0.13 0.14 1 162.522 25854.413516
0.13 0.14 2 177.163 34229.246431
0.13 0.14 3 81.361 6662.336679
0.13 0.14 4 63.06 4487.4004
0.13 0.14 5 61.889 3726.892679
0.13 0.14 6 62.188 3880.748656
0.13 0.14 7 51.625 1891.992375
0.13 0.14 8 54.954 2359.459884
0.13 0.14 9 58.234 2548.083244
0.13 0.14 10 65.41 3467.0599
0.13 0.14 11 70.019 3703.164639
0.13 0.14 12 72.134 4263.770044
0.13 0.14 13 77.231 5291.491639
0.13 0.14 14 83.24 5633.0664
0.13 0.14 15 86.733 6019.379711
0.13 0.14 16 94.069 7047.062239
0.13 0.14 17 102.797 9928.761791
0.13 0.14 18 101.524 10090.873424
0.13 0.14 19 106.773 10755.067471
0.14 0.15 0 97.729 8671.505559
0.14 0.15 1 166.393 29295.158551
0.14 0.15 2 184.685 37663.263775
0.14 0.15 3 104.056 12697.850864
0.14 0.15 4 81.562 6673.346156
0.14 0.15 5 78.149 5149.052799
0.14 0.15 6 50.437 2046.562031
0.14 0.15 7 56.684 2778.342144
0.14 0.15 8 57.856 2607.719264
0.14 0.15 9 62.292 3248.786736
0.14 0.15 10 69.718 3888.848476
0.14 0.15 11 76.609 4821.192119
0.14 0.15 12 84.176 5952.077024
0.14 0.15 13 83.211 5954.302479
0.14 0.15 14 94.312 7711.300656
0.14 0.15 15 104.689 10847.650279
0.14 0.15 16 108.191 11834.976519
0.14 0.15 17 109.007 9604.360951
0.14 0.15 18 126.422 15815.455916
0.14 0.15 19 122.002 14562.217996
0.15 0.16 0 96.27 9186.3751
0.15 0.16 1 159.846 26794.336284
0.15 0.16 2 187.675 37026.187375
0.15 0.16 3 118.144 14631.123264
0.15 0.16 4 94.421 9620.813759
0.15 0.16 5 71.578 5158.749916
0.15 0.16 6 56.912 2538.954256
0.15 0.16 7 55.523 2469.941471
0.15 0.16 8 61.46 2898.6464
0.15 0.16 9 67.743 4205.210951
0.15 0.16 10 77.589 5012.292079
0.15 0.16 11 80.906 6154.895164
0.15 0.16 12 86.011 6450.988879
0.15 0.16 13 94.209 8724.307319
0.15 0.16 14 96.57 9652.2671
0.15 0.16 15 111.383 11785.462311
0.15 0.16 16 116.138 12637.354956
0.15 0.16 17 129.175 19428.440375
0.15 0.16 18 128.936 17696.321904
0.15 0.16 19 145.723 25384.412271
0.16 0.17 0 101.943 10351.309751
0.16 0.17 1 164.075 28088.857375
0.16 0.17 2 194.822 37958.092316
0.16 0.17 3 128.509 17962.051919
0.16 0.17 4 113.039 13122.645479
0.16 0.17 5 78.289 5848.617479
0.16 0.17 6 72.79 4404.5839
0.16 0.17 7 69.473 4541.711271
0.16 0.17 8 77.122 6151.149116
0.16 0.17 9 81.424 6750.698224
0.16 0.17 10 96.449 9051.011399
0.16 0.17 11 114.524 13514.015424
0.16 0.17 12 118.953 15949.654791
0.16 0.17 13 127.11 16509.2699
0.16 0.17 14 138.951 19654.276599
0.16 0.17 15 159.856 31479.205264
0.16 0.17 16 164.79 33684.8999
0.16 0.17 17 174.909 35874.138719
0.16 0.17 18 200.345 52217.525975
0.16 0.17 19 215.108 56255.006336
0.17 0.18 0 102.963 10180.413631
0.17 0.18 1 164.372 28351.969616
0.17 0.18 2 205.614 38894.277004
0.17 0.18 3 136.207 20377.646151
0.17 0.18 4 120.78 13360.5976
0.17 0.18 5 97.527 8788.679271
0.17 0.18 6 71.138 4309.956956
0.17 0.18 7 75.749 4352.469999
0.17 0.18 8 89.394 6717.152764
0.17 0.18 9 92.493 8457.499951
0.17 0.18 10 100.55 9394.5155
0.17 0.18 11 116.62 12287.9416
0.17 0.18 12 126.957 17780.981151
0.17 0.18 13 145.038 23459.500556
0.17 0.18 14 152.315 25543.973775
0.17 0.18 15 164.56 30754.6864
0.17 0.18 16 173.146 33247.914684
0.17 0.18 17 185.939 42158.387279
0.17 0.18 18 210.3 54945.874
0.17 0.18 19 231.974 68341.225324
0.18 0.19 0 105.612 10674.065456
0.18 0.19 1 170.108 31902.024336
0.18 0.19 2 209.749 48677.299999
0.18 0.19 3 146.358 22205.239836
0.18 0.19 4 113.165 13115.133775
0.18 0.19 5 84.324 6905.159024
0.18 0.19 6 73.162 4800.731756
0.18 0.19 7 70.915 4264.267775
0.18 0.19 8 77.313 5324.063031
0.18 0.19 9 82.841 6093.503719
0.18 0.19 10 91.744 8157.516464
0.18 0.19 11 93.83 9005.5071
0.18 0.19 12 106.479 13004.969559
0.18 0.19 13 112.697 14381.133191
0.18 0.19 14 121.471 17089.859159
0.18 0.19 15 135.395 25008.538975
0.18 0.19 16 143.844 25933.679664
0.18 0.19 17 146.97 27763.6551
0.18 0.19 18 169.823 44703.517671
0.18 0.19 19 170.378 44424.201116
0.19 0.2 0 105.259 11545.745919
0.19 0.2 1 162.172 25949.036416
0.19 0.2 2 216.818 48505.788876
0.19 0.2 3 146.761 21773.035879
0.19 0.2 4 98.158 8506.887036
0.19 0.2 5 82.396 6915.211184
0.19 0.2 6 84.276 7705.377824
0.19 0.2 7 77.313 5949.743031
0.19 0.2 8 87.671 8354.192759
0.19 0.2 9 98.918 10649.857276
0.19 0.2 10 110.039 14258.983479
0.19 0.2 11 116.918 16222.265276
0.19 0.2 12 127.022 19240.953516
0.19 0.2 13 137.102 27313.847596
0.19 0.2 14 151.093 30385.858351
0.19 0.2 15 172.004 39706.789984
0.19 0.2 16 172.261 41807.764879
0.19 0.2 17 189.416 52833.860944
0.19 0.2 18 203.998 73264.903996
0.19 0.2 19 234.53 97538.8231
0.2 0.21 0 101.382 10345.500076
0.2 0.21 1 160.549 25749.047599
0.2 0.21 2 215.793 44752.558151
0.2 0.21 3 162.831 29400.108439
0.2 0.21 4 118.955 15693.160975
0.2 0.21 5 102.537 10349.826631
0.2 0.21 6 83.857 7540.258551
0.2 0.21 7 89.45 8021.8415
0.2 0.21 8 100.416 10970.188944
0.2 0.21 9 105.41 11782.5639
0.2 0.21 10 112.638 14271.728956
0.2 0.21 11 134.207 22313.018151
0.2 0.21 12 141.976 25842.335424
0.2 0.21 13 157.461 29698.048479
0.2 0.21 14 159.478 37275.013516
0.2 0.21 15 184.978 49411.773516
0.2 0.21 16 209.78 71189.9416
0.2 0.21 17 214.663 70790.597431
0.2 0.21 18 231.918 97701.731276
0.2 0.21 19 256.397 98710.855391
0.21 0.22 0 100.357 9751.609551
0.21 0.22 1 166.202 27078.329196
0.21 0.22 2 230.282 54364.380476
0.21 0.22 3 168.021 31009.326559
0.21 0.22 4 131.171 14839.205759
0.21 0.22 5 107.78 10303.7656
0.21 0.22 6 94.944 8473.162864
0.21 0.22 7 90.322 7415.080316
0.21 0.22 8 101.097 11109.297591
0.21 0.22 9 110.727 14261.336471
0.21 0.22 10 124.056 18984.416864
0.21 0.22 11 129.896 17671.491184
0.21 0.22 12 144.094 28778.701164
0.21 0.22 13 167.62 39087.8916
0.21 0.22 14 169.351 39627.273799
0.21 0.22 15 193.135 53310.220775
0.21 0.22 16 197.479 54086.133559
0.21 0.22 17 209.093 62576.930351
0.21 0.22 18 249.768 115776.514176
0.21 0.22 19 258.416 99950.620944
0.22 0.23 0 98.445 10164.228975
0.22 0.23 1 163.687 27142.105031
0.22 0.23 2 234.982 52824.167676
0.22 0.23 3 163.764 28646.418304
0.22 0.23 4 133.566 18829.293644
0.22 0.23 5 105.483 10532.477711
0.22 0.23 6 94.879 8558.164359
0.22 0.23 7 101.25 11270.8075
0.22 0.23 8 112.955 14421.078975
0.22 0.23 9 119.292 14645.588736
0.22 0.23 10 139.869 21925.735839
0.22 0.23 11 150.069 25756.200239
0.22 0.23 12 168.331 39237.207439
0.22 0.23 13 171.014 37052.073804
0.22 0.23 14 193.071 49671.935959
0.22 0.23 15 213.618 61483.822076
0.22 0.23 16 234.381 82202.165839
0.22 0.23 17 257.364 103182.059504
0.22 0.23 18 276.24 127765.7624
0.22 0.23 19 300.266 147843.739244
0.23 0.24 0 97.145 8941.685975
0.23 0.24 1 158.987 26285.294831
0.23 0.24 2 233.506 59201.797964
0.23 0.24 3 188.505 32239.001975
0.23 0.24 4 143.974 21250.181324
0.23 0.24 5 123.108 15706.402336
0.23 0.24 6 103.686 10794.319404
0.23 0.24 7 104.149 11029.904799
0.23 0.24 8 112.42 12021.8916
0.23 0.24 9 125.934 17370.827644
0.23 0.24 10 134.779 21718.796159
0.23 0.24 11 152.246 26210.385484
0.23 0.24 12 165.976 38894.523424
0.23 0.24 13 178.735 41440.292775
0.23 0.24 14 205.262 64150.563356
0.23 0.24 15 218.124 68861.188624
0.23 0.24 16 229.145 78391.333975
0.23 0.24 17 261.187 99467.936031
0.23 0.24 18 285.816 126212.774144
0.23 0.24 19 297.785 139282.142775
0.24 0.25 0 99.518 9416.911676
0.24 0.25 1 167.303 26515.193191
0.24 0.25 2 262.189 65625.845279
0.24 0.25 3 207.333 44569.728111
0.24 0.25 4 162.606 23338.520764
0.24 0.25 5 124.743 16862.996951
0.24 0.25 6 115.978 12321.275516
0.24 0.25 7 110.002 12324.021996
0.24 0.25 8 117.432 15442.327376
0.24 0.25 9 126.513 19482.747831
0.24 0.25 10 132.019 20902.814639
0.24 0.25 11 140.003 22950.012991
0.24 0.25 12 166.062 38992.878156
0.24 0.25 13 177.184 43764.614144
0.24 0.25 14 210.37 58963.0871
0.24 0.25 15 208.2 59603.632
0.24 0.25 16 226.136 78771.725504
0.24 0.25 17 230.531 85069.029039
0.24 0.25 18 278.394 115018.758764
0.24 0.25 19 286.827 128874.417071
0.25 0.26 0 109.111 10997.028679
0.25 0.26 1 164.888 23121.951456
0.25 0.26 2 123.81 15786.8239
0.25 0.26 3 92.411 8622.494079
0.25 0.26 4 70.932 4744.439376
0.25 0.26 5 54.253 2720.580991
0.25 0.26 6 53.278 2674.268716
0.25 0.26 7 49.743 2012.448951
0.25 0.26 8 52.955 2164.644975
0.25 0.26 9 57.73 3018.8431
0.25 0.26 10 58.313 2677.273031
0.25 0.26 11 64.091 3289.766719
0.25 0.26 12 66.334 3679.366444
0.25 0.26 13 69.624 3624.720624
0.25 0.26 14 69.702 3317.775196
0.25 0.26 15 73.676 4094.901024
0.25 0.26 16 80.999 5013.676999
0.25 0.26 17 83.137 5407.288231
0.25 0.26 18 89.066 5787.465644
0.25 0.26 19 90.195 5779.798975
0.26 0.27 0 100.894 10040.616764
0.26 0.27 1 166.169 26008.806439
0.26 0.27 2 122.563 15159.740031
0.26 0.27 3 102.07 10352.6331
0.26 0.27 4 87.112 8531.463456
0.26 0.27 5 81.404 6668.976784
0.26 0.27 6 54.998 2613.495996
0.26 0.27 7 51.971 2485.026159
0.26 0.27 8 53.969 2378.424039
0.26 0.27 9 57.859 2880.789119
0.26 0.27 10 62.217 3373.669911
0.26 0.27 11 70.702 4698.423196
0.26 0.27 12 73.18 4270.2376
0.26 0.27 13 81.242 6061.493436
0.26 0.27 14 81.262 5676.393356
0.26 0.27 15 89.379 7201.967359
0.26 0.27 16 94.053 8021.320191
0.26 0.27 17 97.68 8620.9316
0.26 0.27 18 98.806 8667.358364
0.26 0.27 19 111.284 10517.275344
0.27 0.28 0 97.162 8767.021756
0.27 0.28 1 160.687 26561.751031
0.27 0.28 2 128.215 16278.268775
0.27 0.28 3 105.177 10861.481671
0.27 0.28 4 99.696 10726.767584
0.27 0.28 5 92.536 8775.816704
0.27 0.28 6 74.93 5022.9111
0.27 0.28 7 65.284 3322.925344
0.27 0.28 8 69.399 4197.191799
0.27 0.28 9 78.846 5412.248284
0.27 0.28 10 79.499 5939.929999
0.27 0.28 11 90.504 6981.573984
0.27 0.28 12 91.982 7643.651676
0.27 0.28 13 101.654 9385.302284
0.27 0.28 14 108.022 11343.183516
0.27 0.28 15 123.799 14398.290599
0.27 0.28 16 129.048 17422.711696
0.27 0.28 17 136.026 20178.651324
0.27 0.28 18 150.384 22535.168544
0.27 0.28 19 153.491 24512.429919
0.28 0.29 0 98.156 9705.699664
0.28 0.29 1 173.522 30980.623516
0.28 0.29 2 136.727 20311.874471
0.28 0.29 3 118.628 12916.093616
0.28 0.29 4 103.253 10791.734991
0.28 0.29 5 67.446 4171.847084
0.28 0.29 6 56.778 3105.892716
0.28 0.29 7 62.671 3728.874759
0.28 0.29 8 69.146 4464.404684
0.28 0.29 9 67.073 4139.913671
0.28 0.29 10 78.469 5609.649039
0.28 0.29 11 79.151 5589.038199
0.28 0.29 12 87.359 7580.910119
0.28 0.29 13 95.717 9296.282911
0.28 0.29 14 94.791 7938.803319
0.28 0.29 15 103.278 10285.424716
0.28 0.29 16 102.835 10112.877775
0.28 0.29 17 120.226 17433.004924
0.28 0.29 18 121.394 12690.458764
0.28 0.29 19 131.47 15157.6851
0.29 0.3 0 105.544 10690.726064
0.29 0.3 1 156.81 24159.8239
0.29 0.3 2 134.592 17683.865536
0.29 0.3 3 125.999 17148.006999
0.29 0.3 4 109.665 14334.242775
0.29 0.3 5 84.698 6697.640796
0.29 0.3 6 73.382 4701.912076
0.29 0.3 7 65.114 4106.177004
0.29 0.3 8 78.621 6074.497359
0.29 0.3 9 83.0 6710.788
0.29 0.3 10 94.189 9130.055279
0.29 0.3 11 105.5 10959.44
0.29 0.3 12 120.846 17538.208284
0.29 0.3 13 141.649 21207.323799
0.29 0.3 14 139.875 24049.295375
0.29 0.3 15 159.166 28989.024444
0.29 0.3 16 163.528 32290.265216
0.29 0.3 17 180.087 38972.335431
0.29 0.3 18 190.393 41809.642551
0.29 0.3 19 205.312 53698.752656
0.3 0.31 0 100.422 9639.297916
0.3 0.31 1 179.114 33348.789004
0.3 0.31 2 140.821 20232.646959
0.3 0.31 3 121.634 14856.532044
0.3 0.31 4 120.781 14620.757039
0.3 0.31 5 87.745 7504.169975
0.3 0.31 6 78.729 6059.659559
0.3 0.31 7 77.236 5299.186304
0.3 0.31 8 83.939 7300.699279
0.3 0.31 9 94.171 7998.031759
0.3 0.31 10 100.563 9620.836031
0.3 0.31 11 117.276 14231.225824
0.3 0.31 12 115.783 13978.061911
0.3 0.31 13 130.817 16363.305511
0.3 0.31 14 150.442 21712.618636
0.3 0.31 15 161.488 28075.769856
0.3 0.31 16 162.868 31983.720576
0.3 0.31 17 167.82 35929.3576
0.3 0.31 18 196.338 46375.723756
0.3 0.31 19 227.342 58277.533036
0.31 0.32 0 95.917 9405.680111
0.31 0.32 1 164.342 28609.061036
0.31 0.32 2 141.19 22705.9679
0.31 0.32 3 131.645 17892.098975
0.31 0.32 4 89.894 7965.254764
0.31 0.32 5 67.261 4498.884879
0.31 0.32 6 60.791 3666.801319
0.31 0.32 7 64.697 4088.791191
0.31 0.32 8 70.303 4470.885191
0.31 0.32 9 73.418 4584.443276
0.31 0.32 10 77.704 6230.724384
0.31 0.32 11 88.148 6647.244096
0.31 0.32 12 86.108 7150.708336
0.31 0.32 13 94.63 9145.1011
0.31 0.32 14 102.21 10096.6079
0.31 0.32 15 108.111 10280.724679
0.31 0.32 16 123.86 15755.1004
0.31 0.32 17 122.751 15259.784999
0.31 0.32 18 132.312 18199.758656
0.31 0.32 19 139.15 26469.1295
0.32 0.33 0 103.387 11161.913231
0.32 0.33 1 169.327 26728.996071
0.32 0.33 2 135.696 17438.621584
0.32 0.33 3 133.853 16672.951391
0.32 0.33 4 94.625 10017.646375
0.32 0.33 5 81.165 6602.955775
0.32 0.33 6 82.132 6879.304576
0.32 0.33 7 79.714 6416.286204
0.32 0.33 8 89.283 8606.526911
0.32 0.33 9 95.238 11250.327356
0.32 0.33 10 120.34 19259.7304
0.32 0.33 11 125.547 19352.207791
0.32 0.33 12 144.858 24579.933836
0.32 0.33 13 152.953 30029.744791
0.32 0.33 14 186.487 41580.657831
0.32 0.33 15 195.73 52945.5711
0.32 0.33 16 201.226 49275.804924
0.32 0.33 17 240.253 83571.156991
0.32 0.33 18 256.547 91523.281791
0.32 0.33 19 251.885 95364.393775
0.33 0.34 0 97.123 9399.727871
0.33 0.34 1 172.934 31291.059644
0.33 0.34 2 148.137 24140.858231
0.33 0.34 3 138.085 19224.477775
0.33 0.34 4 103.103 10125.096391
0.33 0.34 5 95.004 7724.339984
0.33 0.34 6 86.062 7613.684156
0.33 0.34 7 88.034 7847.844844
0.33 0.34 8 100.623 10299.762871
0.33 0.34 9 109.633 13340.918311
0.33 0.34 10 126.29 21101.9679
0.33 0.34 11 139.064 23139.425904
0.33 0.34 12 168.335 32333.684775
0.33 0.34 13 184.045 41143.440975
0.33 0.34 14 200.831 43499.764439
0.33 0.34 15 229.087 61282.377431
0.33 0.34 16 247.986 74071.529804
0.33 0.34 17 282.352 102808.528096
0.33 0.34 18 285.552 104063.549296
0.33 0.34 19 310.393 122831.984551
0.34 0.35 0 97.936 9640.301904
0.34 0.35 1 171.086 28849.694604
0.34 0.35 2 153.402 24263.404396
0.34 0.35 3 143.52 24391.4756
0.34 0.35 4 108.731 12267.418639
0.34 0.35 5 87.386 7718.911004
0.34 0.35 6 78.284 6487.335344
0.34 0.35 7 83.03 7058.0311
0.34 0.35 8 94.547 10359.021791
0.34 0.35 9 101.804 9761.667584
0.34 0.35 10 109.523 12466.131471
0.34 0.35 11 124.798 18348.903196
0.34 0.35 12 139.095 22287.247975
0.34 0.35 13 157.633 29649.246311
0.34 0.35 14 173.492 33885.655936
0.34 0.35 15 185.502 40511.017996
0.34 0.35 16 212.826 57690.075724
0.34 0.35 17 220.17 58322.0071
0.34 0.35 18 248.925 75108.449375
0.34 0.35 19 273.131 96014.589839
0.35 0.36 0 94.657 9027.723351
0.35 0.36 1 167.125 26188.119375
0.35 0.36 2 146.062 22588.058156
0.35 0.36 3 143.486 20579.785804
0.35 0.36 4 114.819 13599.798239
0.35 0.36 5 94.807 8870.257751
0.35 0.36 6 88.828 8080.464416
0.35 0.36 7 91.548 8117.409696
0.35 0.36 8 107.53 11118.9451
0.35 0.36 9 113.731 12672.310639
0.35 0.36 10 132.587 18207.610431
0.35 0.36 11 143.806 21025.794364
0.35 0.36 12 161.878 28332.023116
0.35 0.36 13 184.118 40775.138076
0.35 0.36 14 191.749 40821.763999
0.35 0.36 15 211.435 58430.879775
0.35 0.36 16 228.898 69117.491596
0.35 0.36 17 268.574 92533.234524
0.35 0.36 18 287.68 104469.7556
0.35 0.36 19 287.028 106382.067216
0.36 0.37 0 101.555 8668.014975
0.36 0.37 1 165.319 24935.551239
0.36 0.37 2 149.725 22401.449375
0.36 0.37 3 153.648 26259.242096
0.36 0.37 4 115.698 13155.590796
0.36 0.37 5 98.335 9518.716775
0.36 0.37 6 96.073 8250.335671
0.36 0.37 7 97.915 9730.651775
0.36 0.37 8 109.844 12686.225664
0.36 0.37 9 122.375 16419.626375
0.36 0.37 10 140.137 22112.022231
0.36 0.37 11 153.591 25890.045719
0.36 0.37 12 179.451 35988.273599
0.36 0.37 13 190.349 38132.947199
0.36 0.37 14 210.678 51415.708316
0.36 0.37 15 224.798 56432.761196
0.36 0.37 16 246.879 74292.420359
0.36 0.37 17 274.239 96631.573879
0.36 0.37 18 295.89 114023.1819
0.36 0.37 19 333.09 151064.5639
0.37 0.38 0 95.199 8885.525399
0.37 0.38 1 175.692 32862.047136
0.37 0.38 2 146.736 21381.298304
0.37 0.38 3 135.976 19085.667424
0.37 0.38 4 99.463 10522.682631
0.37 0.38 5 77.268 5638.842176
0.37 0.38 6 66.797 4471.761791
0.37 0.38 7 60.986 3216.819804
0.37 0.38 8 66.622 3598.211116
0.37 0.38 9 74.05 5319.7735
0.37 0.38 10 83.435 7561.713775
0.37 0.38 11 83.285 8616.651775
0.37 0.38 12 90.317 10475.800511
0.37 0.38 13 92.506 10028.867964
0.37 0.38 14 106.065 14793.532775
0.37 0.38 15 126.683 25735.610511
0.37 0.38 16 130.693 24589.526751
0.37 0.38 17 128.038 23473.764556
0.37 0.38 18 141.797 29622.957791
0.37 0.38 19 155.68 35781.9136
0.38 0.39 0 104.326 10161.133724
0.38 0.39 1 173.557 30585.400751
0.38 0.39 2 146.606 21667.896764
0.38 0.39 3 127.951 16432.566599
0.38 0.39 4 105.423 11268.288071
0.38 0.39 5 89.558 8321.966636
0.38 0.39 6 92.738 8385.239356
0.38 0.39 7 87.617 7680.780311
0.38 0.39 8 91.646 8231.840684
0.38 0.39 9 104.923 12898.429071
0.38 0.39 10 114.718 15050.374476
0.38 0.39 11 125.358 18243.371836
0.38 0.39 12 133.702 22637.447196
0.38 0.39 13 140.723 25456.494271
0.38 0.39 14 146.87 30054.8131
0.38 0.39 15 173.891 43394.559119
0.38 0.39 16 185.403 52378.926591
0.38 0.39 17 195.346 63535.156284
0.38 0.39 18 223.546 88251.863884
0.38 0.39 19 237.845 87884.776975
0.39 0.4 0 97.631 9520.498839
0.39 0.4 1 169.711 29982.365479
0.39 0.4 2 158.65 23974.6495
0.39 0.4 3 128.324 16288.195024
0.39 0.4 4 112.678 12217.530316
0.39 0.4 5 105.795 10542.546975
0.39 0.4 6 82.884 6741.438544
0.39 0.4 7 85.439 7634.090279
0.39 0.4 8 94.936 10581.325904
0.39 0.4 9 102.513 12931.873831
0.39 0.4 10 120.5 17102.668
0.39 0.4 11 128.917 18379.268111
0.39 0.4 12 145.878 29404.271116
0.39 0.4 13 158.922 33220.957916
0.39 0.4 14 174.194 46676.754364
0.39 0.4 15 187.484 52065.807744
0.39 0.4 16 208.384 62777.754544
0.39 0.4 17 228.581 82136.843439
0.39 0.4 18 237.42 100104.4136
0.39 0.4 19 244.844 98466.413664
0.4 0.41 0 98.548 9585.297696
0.4 0.41 1 178.696 32840.607584
0.4 0.41 2 161.218 26122.370476
0.4 0.41 3 132.637 17865.959231
0.4 0.41 4 114.936 13752.115904
0.4 0.41 5 93.166 10039.012444
0.4 0.41 6 83.766 6867.789244
0.4 0.41 7 85.689 8445.202279
0.4 0.41 8 91.416 9393.556944
0.4 0.41 9 99.888 12663.047456
0.4 0.41 10 116.465 17012.914775
0.4 0.41 11 129.654 25397.086284
0.4 0.41 12 145.928 27706.080816
0.4 0.41 13 144.645 32085.248975
0.4 0.41 14 173.708 60794.942736
0.4 0.41 15 192.849 56648.270199
0.4 0.41 16 194.92 67458.3416
0.4 0.41 17 223.798 84214.053196
0.4 0.41 18 253.532 107846.874976
0.4 0.41 19 264.115 127508.949775
0.41 0.42 0 102.724 9893.225824
0.41 0.42 1 182.658 37132.777036
0.41 0.42 2 151.239 22195.585879
0.41 0.42 3 129.959 16915.719319
0.41 0.42 4 116.638 14622.500956
0.41 0.42 5 98.88 10707.8976
0.41 0.42 6 104.273 12146.494471
0.41 0.42 7 100.583 10103.787111
0.41 0.42 8 116.146 17285.314684
0.41 0.42 9 129.555 20529.682975
0.41 0.42 10 144.187 26504.078031
0.41 0.42 11 172.427 43219.568671
0.41 0.42 12 176.665 41343.220775
0.41 0.42 13 220.115 61813.651775
0.41 0.42 14 226.875 70924.881375
0.41 0.42 15 247.935 88504.312775
0.41 0.42 16 269.381 92910.603839
0.41 0.42 17 300.998 153149.053996
0.41 0.42 18 331.003 166396.228991
0.41 0.42 19 306.58 148742.3736
0.42 0.43 0 94.679 9752.845959
0.42 0.43 1 181.67 31521.5251
0.42 0.43 2 161.83 26120.6991
0.42 0.43 3 138.145 19901.953975
0.42 0.43 4 125.75 15878.2115
0.42 0.43 5 110.727 13929.604471
0.42 0.43 6 101.147 10998.501391
0.42 0.43 7 104.595 10956.810975
0.42 0.43 8 112.329 14835.564759
0.42 0.43 9 122.856 17639.089264
0.42 0.43 10 153.15 29065.0015
0.42 0.43 11 159.743 33022.582951
0.42 0.43 12 175.694 42967.976364
0.42 0.43 13 191.895 48626.535975
0.42 0.43 14 216.119 70114.622839
0.42 0.43 15 227.369 73106.946839
0.42 0.43 16 272.858 111223.959836
0.42 0.43 17 286.911 142033.821079
0.42 0.43 18 293.587 138120.940431
0.42 0.43 19 374.877 247011.795871
0.43 0.44 0 101.246 9009.547484
0.43 0.44 1 178.528 32213.151216
0.43 0.44 2 159.159 25805.003719
0.43 0.44 3 136.153 18799.267591
0.43 0.44 4 119.218 13412.832476
0.43 0.44 5 101.143 10674.578551
0.43 0.44 6 89.233 8978.884711
0.43 0.44 7 89.717 8658.718911
0.43 0.44 8 96.546 12578.983884
0.43 0.44 9 115.153 15744.605591
0.43 0.44 10 122.646 17010.560684
0.43 0.44 11 142.709 28104.902319
0.43 0.44 12 151.2 32737.27
0.43 0.44 13 161.056 43888.682864
0.43 0.44 14 174.603 44517.469391
0.43 0.44 15 206.852 73203.090096
0.43 0.44 16 227.015 98101.606775
0.43 0.44 17 229.581 99431.771439
0.43 0.44 18 245.706 123057.345564
0.43 0.44 19 288.824 159027.993024
0.44 0.45 0 99.853 10111.259391
0.44 0.45 1 181.756 34331.196464
0.44 0.45 2 163.377 26163.390871
0.44 0.45 3 135.789 18278.336479
0.44 0.45 4 113.703 11977.238791
0.44 0.45 5 106.607 10152.804551
0.44 0.45 6 102.409 10143.935719
0.44 0.45 7 102.484 11816.769744
0.44 0.45 8 111.534 13339.312844
0.44 0.45 9 130.126 20234.744124
0.44 0.45 10 144.027 30519.660271
0.44 0.45 11 164.364 32578.785504
0.44 0.45 12 177.535 44636.810775
0.44 0.45 13 204.456 69215.810064
0.44 0.45 14 230.437 72735.690031
0.44 0.45 15 228.813 78883.216031
0.44 0.45 16 262.097 109303.585591
0.44 0.45 17 276.073 110340.339671
0.44 0.45 18 311.506 180234.121964
0.44 0.45 19 314.996 185422.131984
0.45 0.46 0 104.554 10472.957084
0.45 0.46 1 185.28 34606.9436
0.45 0.46 2 159.137 27606.344231
0.45 0.46 3 132.235 18512.883775
0.45 0.46 4 124.903 16790.067591
0.45 0.46 5 112.984 11806.319744
0.45 0.46 6 96.69 9503.2239
0.45 0.46 7 97.045 10837.302975
0.45 0.46 8 115.407 15835.835351
0.45 0.46 9 133.168 23186.543776
0.45 0.46 10 143.571 29253.678959
0.45 0.46 11 169.252 38750.946496
0.45 0.46 12 182.317 44221.930511
0.45 0.46 13 194.619 57000.345839
0.45 0.46 14 225.616 76856.044544
0.45 0.46 15 250.746 100854.925484
0.45 0.46 16 263.771 111362.536559
0.45 0.46 17 274.853 123366.487391
0.45 0.46 18 324.924 185201.776224
0.45 0.46 19 337.883 196843.817311
0.46 0.47 0 101.498 9424.929996
0.46 0.47 1 190.968 34952.232976
0.46 0.47 2 162.17 28346.6491
0.46 0.47 3 123.543 15783.352151
0.46 0.47 4 125.0 16023.666
0.46 0.47 5 105.792 10946.908736
0.46 0.47 6 98.514 10268.791804
0.46 0.47 7 99.649 10820.615799
0.46 0.47 8 115.512 15627.729856
0.46 0.47 9 124.223 17937.985271
0.46 0.47 10 135.772 22348.726016
0.46 0.47 11 156.643 32224.623551
0.46 0.47 12 186.91 52447.8399
0.46 0.47 13 185.276 55524.649824
0.46 0.47 14 214.71 76107.7879
0.46 0.47 15 226.926 80115.960524
0.46 0.47 16 253.483 102879.171711
0.46 0.47 17 306.65 178099.7235
0.46 0.47 18 297.206 155884.823564
0.46 0.47 19 304.108 157790.526336
0.47 0.48 0 99.653 9781.630591
0.47 0.48 1 185.494 33608.107964
0.47 0.48 2 168.284 29414.977344
0.47 0.48 3 132.78 18190.9216
0.47 0.48 4 116.709 15012.304319
0.47 0.48 5 106.13 11608.6531
0.47 0.48 6 105.255 12763.601975
0.47 0.48 7 106.138 12225.848956
0.47 0.48 8 132.495 19552.257975
0.47 0.48 9 140.528 27031.017216
0.47 0.48 10 163.141 33326.841119
0.47 0.48 11 180.119 42398.372839
0.47 0.48 12 204.908 63622.001536
0.47 0.48 13 200.928 58867.332816
0.47 0.48 14 237.91 92731.0459
0.47 0.48 15 273.405 120576.298975
0.47 0.48 16 304.368 155827.676576
0.47 0.48 17 313.934 172270.075644
0.47 0.48 18 350.149 202592.152799
0.47 0.48 19 360.431 211630.307239
0.48 0.49 0 99.57 8946.5151
0.48 0.49 1 196.459 34191.904319
0.48 0.49 2 171.101 28717.428799
0.48 0.49 3 138.21 20437.4279
0.48 0.49 4 110.082 11656.671276
0.48 0.49 5 104.565 10973.929775
0.48 0.49 6 93.867 8759.243311
0.48 0.49 7 98.206 10409.073564
0.48 0.49 8 115.71 15245.7579
0.48 0.49 9 120.132 21249.276576
0.48 0.49 10 147.088 29588.682256
0.48 0.49 11 159.948 40273.363296
0.48 0.49 12 183.542 52502.358236
0.48 0.49 13 207.695 68657.833975
0.48 0.49 14 223.503 75836.749991
0.48 0.49 15 252.756 120924.104464
0.48 0.49 16 282.347 140995.554591
0.48 0.49 17 289.562 140291.114156
0.48 0.49 18 325.33 193280.8211
0.48 0.49 19 332.233 223210.080711
0.49 0.5 0 99.816 9779.010144
0.49 0.5 1 193.639 42343.142679
0.49 0.5 2 175.379 29354.245359
0.49 0.5 3 135.018 17629.323676
0.49 0.5 4 115.078 12181.549916
0.49 0.5 5 93.101 8679.330799
0.49 0.5 6 88.565 8595.701775
0.49 0.5 7 88.049 9029.192599
0.49 0.5 8 102.202 12321.939196
0.49 0.5 9 115.744 17199.706464
0.49 0.5 10 131.301 23918.254399
0.49 0.5 11 146.404 33861.154784
0.49 0.5 12 175.63 44082.8231
0.49 0.5 13 188.897 56610.800391
0.49 0.5 14 211.738 91908.413356
0.49 0.5 15 231.458 95567.446236
0.49 0.5 16 247.561 116132.636279
0.49 0.5 17 258.94 127296.7604
0.49 0.5 18 313.74 202835.5004
0.49 0.5 19 316.402 222669.840396
0.5 0.51 0 97.11 9148.5899
0.5 0.51 1 193.776 39280.383824
0.5 0.51 2 173.286 28993.994204
0.5 0.51 3 141.114 19915.389004
0.5 0.51 4 107.363 11765.891231
0.5 0.51 5 82.339 6624.356079
0.5 0.51 6 70.438 4676.082156
0.5 0.51 7 61.46 3171.9224
0.5 0.51 8 60.375 3309.002375
0.5 0.51 9 60.306 3087.422364
0.5 0.51 10 63.407 3616.329351
0.5 0.51 11 69.815 3735.060775
0.5 0.51 12 65.71 3278.5479
0.5 0.51 13 72.474 3600.521324
0.5 0.51 14 73.629 4093.713359
0.5 0.51 15 84.449 5821.129399
0.5 0.51 16 83.445 5336.926975
0.5 0.51 17 86.323 5339.702671
0.5 0.51 18 86.996 5649.399984
0.5 0.51 19 92.868 5986.210576
0.51 0.52 0 96.343 9185.879351
0.51 0.52 1 192.215 37833.118775
0.51 0.52 2 172.092 31102.693536
0.51 0.52 3 136.685 19041.655775
0.51 0.52 4 110.062 13868.944156
0.51 0.52 5 96.262 10152.213356
0.51 0.52 6 63.844 3786.555664
0.51 0.52 7 60.043 3345.481151
0.51 0.52 8 58.773 3082.151471
0.51 0.52 9 62.482 3892.811676
0.51 0.52 10 64.892 3797.154336
0.51 0.52 11 68.486 4116.433804
0.51 0.52 12 69.622 4149.157116
0.51 0.52 13 76.7 4792.5
0.51 0.52 14 78.87 4863.2351
0.51 0.52 15 80.94 5114.3284
0.51 0.52 16 85.208 5316.972736
0.51 0.52 17 91.247 6944.075991
0.51 0.52 18 94.952 6711.749696
0.51 0.52 19 94.525 7046.351375
0.52 0.53 0 102.486 11537.457804
0.52 0.53 1 195.502 38399.993996
0.52 0.53 2 164.575 24331.624375
0.52 0.53 3 135.806 18173.662364
0.52 0.53 4 107.553 12425.721191
0.52 0.53 5 89.894 7724.000764
0.52 0.53 6 71.676 5836.567024
0.52 0.53 7 69.253 4364.086991
0.52 0.53 8 68.566 4618.109644
0.52 0.53 9 77.54 5318.4784
0.52 0.53 10 74.263 4978.437831
0.52 0.53 11 85.692 6691.243136
0.52 0.53 12 92.69 8526.3719
0.52 0.53 13 90.809 7406.040519
0.52 0.53 14 105.864 11658.145504
0.52 0.53 15 104.095 9046.623975
0.52 0.53 16 111.866 11958.204044
0.52 0.53 17 121.284 12123.075344
0.52 0.53 18 124.374 15653.316124
0.52 0.53 19 136.9 20419.606
0.53 0.54 0 95.513 8816.939831
0.53 0.54 1 192.968 39630.284976
0.53 0.54 2 170.545 28496.223975
0.53 0.54 3 127.288 17978.527056
0.53 0.54 4 107.247 12430.853991
0.53 0.54 5 83.045 8064.736975
0.53 0.54 6 70.303 5398.019191
0.53 0.54 7 69.779 4678.700159
0.53 0.54 8 68.573 4852.480671
0.53 0.54 9 72.871 5216.124359
0.53 0.54 10 77.184 5135.978144
0.53 0.54 11 80.036 5987.470704
0.53 0.54 12 83.89 6781.7019
0.53 0.54 13 88.743 8840.432951
0.53 0.54 14 87.094 7195.253164
0.53 0.54 15 92.002 7358.091996
0.53 0.54 16 100.939 9225.191279
0.53 0.54 17 106.307 9159.262751
0.53 0.54 18 107.996 11026.025984
0.53 0.54 19 113.885 10849.665775
0.54 0.55 0 97.941 11090.251519
0.54 0.55 1 201.669 39508.503439
0.54 0.55 2 158.112 23704.181456
0.54 0.55 3 133.382 19587.848076
0.54 0.55 4 106.378 12124.821116
0.54 0.55 5 92.919 8711.884439
0.54 0.55 6 72.018 5694.503676
0.54 0.55 7 74.141 5146.719119
0.54 0.55 8 83.285 7808.561775
0.54 0.55 9 85.433 8046.949511
0.54 0.55 10 97.591 10708.101719
0.54 0.55 11 112.291 13469.464319
0.54 0.55 12 121.406 17088.663164
0.54 0.55 13 128.385 19999.712775
0.54 0.55 14 128.897 19092.840391
0.54 0.55 15 148.903 30291.273591
0.54 0.55 16 162.89 32466.8299
0.54 0.55 17 171.781 38684.629039
0.54 0.55 18 171.99 40181.2579
0.54 0.55 19 194.948 51301.155296
0.55 0.56 0 97.447 9121.825191
0.55 0.56 1 195.141 38725.433119
0.55 0.56 2 167.141 28554.681119
0.55 0.56 3 133.567 17748.367511
0.55 0.56 4 110.832 12373.373776
0.55 0.56 5 81.815 6916.646775
0.55 0.56 6 70.724 4878.705824
0.55 0.56 7 75.195 5184.418975
0.55 0.56 8 77.188 6023.942656
0.55 0.56 9 78.205 5535.558975
0.55 0.56 10 97.674 9272.923724
0.55 0.56 11 96.566 8937.267644
0.55 0.56 12 114.851 13896.880799
0.55 0.56 13 114.657 14645.493351
0.55 0.56 14 125.942 16628.276636
0.55 0.56 15 133.189 19893.085279
0.55 0.56 16 146.888 22087.107456
0.55 0.56 17 155.831 27344.574439
0.55 0.56 18 166.215 29569.852775
0.55 0.56 19 166.938 30601.000156
0.56 0.57 0 105.369 11424.166839
0.56 0.57 1 184.529 34123.179159
0.56 0.57 2 159.254 25619.575484
0.56 0.57 3 126.177 16780.947671
0.56 0.57 4 105.969 11360.410039
0.56 0.57 5 87.609 7638.898119
0.56 0.57 6 72.614 5788.491004
0.56 0.57 7 65.635 4324.595775
0.56 0.57 8 68.831 4590.526439
0.56 0.57 9 72.53 4936.7771
0.56 0.57 10 73.044 4673.692064
0.56 0.57 11 75.85 5120.7175
0.56 0.57 12 75.235 4879.719775
0.56 0.57 13 84.676 6502.075024
0.56 0.57 14 84.943 7007.973751
0.56 0.57 15 82.897 5722.962391
0.56 0.57 16 93.528 7885.327216
0.56 0.57 17 97.648 7589.800096
0.56 0.57 18 95.84 7444.0684
0.56 0.57 19 97.826 7320.897724
0.57 0.58 0 100.298 8545.917196
0.57 0.58 1 182.547 37051.677791
0.57 0.58 2 146.662 25111.447756
0.57 0.58 3 128.106 18388.626764
0.57 0.58 4 110.307 13482.856751
0.57 0.58 5 106.739 12579.364879
0.57 0.58 6 93.888 10969.481456
0.57 0.58 7 90.21 11389.6259
0.57 0.58 8 99.952 13396.601696
0.57 0.58 9 122.459 20878.072319
0.57 0.58 10 131.001 23140.666999
0.57 0.58 11 140.85 30197.2315
0.57 0.58 12 155.626 33951.522124
0.57 0.58 13 174.313 49644.025031
0.57 0.58 14 197.453 68147.169791
0.57 0.58 15 218.294 71466.325564
0.57 0.58 16 225.395 88799.748975
0.57 0.58 17 273.171 142967.419759
0.57 0.58 18 287.622 146693.487116
0.57 0.58 19 301.512 181095.161856
0.58 0.59 0 103.547 12019.121791
0.58 0.59 1 178.217 31297.211911
0.58 0.59 2 147.5 21269.888
0.58 0.59 3 124.136 15876.011504
0.58 0.59 4 115.5 15088.646
0.58 0.59 5 96.833 10380.941111
0.58 0.59 6 87.351 8063.713799
0.58 0.59 7 95.256 9779.842464
0.58 0.59 8 100.125 11103.713375
0.58 0.59 9 117.744 17518.892464
0.58 0.59 10 136.899 22223.584799
0.58 0.59 11 147.561 27625.968279
0.58 0.59 12 159.17 30254.9351
0.58 0.59 13 184.297 48042.764791
0.58 0.59 14 197.095 56495.429975
0.58 0.59 15 233.07 72511.7111
0.58 0.59 16 233.966 76504.016844
0.58 0.59 17 261.064 107967.689904
0.58 0.59 18 292.524 122641.507424
0.58 0.59 19 319.925 154948.081375
0.59 0.6 0 99.813 9261.022031
0.59 0.6 1 182.081 32589.724439
0.59 0.6 2 151.394 22865.964764
0.59 0.6 3 126.972 17026.969216
0.59 0.6 4 101.473 9305.335271
0.59 0.6 5 85.646 7107.558684
0.59 0.6 6 80.788 6450.859056
0.59 0.6 7 75.332 6233.495776
0.59 0.6 8 88.669 8157.321439
0.59 0.6 9 97.192 10766.291136
0.59 0.6 10 104.586 12847.194604
0.59 0.6 11 119.361 16442.146679
0.59 0.6 12 135.501 21302.289999
0.59 0.6 13 137.167 23933.913111
0.59 0.6 14 152.631 30348.760839
0.59 0.6 15 168.78 36706.2956
0.59 0.6 16 193.567 50710.317511
0.59 0.6 17 203.787 57847.437631
0.59 0.6 18 205.146 68987.122684
0.59 0.6 19 221.569 68186.957239
0.6 0.61 0 99.437 9405.734031
0.6 0.61 1 181.715 31175.585775
0.6 0.61 2 143.414 23334.146604
0.6 0.61 3 120.897 14079.412391
0.6 0.61 4 95.91 9707.2299
0.6 0.61 5 93.09 9500.3839
0.6 0.61 6 80.623 6558.912871
0.6 0.61 7 84.244 7621.134464
0.6 0.61 8 93.317 10204.878511
0.6 0.61 9 101.809 11863.990519
0.6 0.61 10 117.526 14772.083324
0.6 0.61 11 118.398 15879.351596
0.6 0.61 12 138.556 22152.108864
0.6 0.61 13 150.154 26975.584284
0.6 0.61 14 166.224 36277.051824
0.6 0.61 15 170.275 34378.875375
0.6 0.61 16 190.614 47083.027004
0.6 0.61 17 195.866 51578.172044
0.6 0.61 18 224.684 75908.310144
0.6 0.61 19 251.885 92696.319775
0.61 0.62 0 102.185 10829.698775
0.61 0.62 1 166.231 30045.383639
0.61 0.62 2 146.288 21235.633056
0.61 0.62 3 119.766 15174.013244
0.61 0.62 4 90.135 8328.492775
0.61 0.62 5 79.466 6256.630844
0.61 0.62 6 79.194 6570.536364
0.61 0.62 7 85.092 7482.505536
0.61 0.62 8 85.409 8137.175719
0.61 0.62 9 103.207 11511.402151
0.61 0.62 10 108.384 13364.176544
0.61 0.62 11 123.41 17695.9519
0.61 0.62 12 140.018 24218.383676
0.61 0.62 13 164.329 30311.468759
0.61 0.62 14 164.378 34603.333116
0.61 0.62 15 176.668 38943.433776
0.61 0.62 16 194.567 48530.957511
0.61 0.62 17 207.009 56765.470919
0.61 0.62 18 233.278 74921.120716
0.61 0.62 19 237.945 72733.515975
0.62 0.63 0 105.634 11771.000044
0.62 0.63 1 169.973 30555.094271
0.62 0.63 2 151.502 22308.349996
0.62 0.63 3 131.545 18767.865975
0.62 0.63 4 100.435 10309.523775
0.62 0.63 5 75.217 5027.159911
0.62 0.63 6 59.866 3368.124044
0.62 0.63 7 54.782 2498.064476
0.62 0.63 8 56.808 2545.021136
0.62 0.63 9 58.772 2771.160016
0.62 0.63 10 59.981 2810.876639
0.62 0.63 11 62.874 3356.500124
0.62 0.63 12 65.311 3418.402279
0.62 0.63 13 64.206 2665.695564
0.62 0.63 14 70.129 4076.012359
0.62 0.63 15 73.879 3832.060359
0.62 0.63 16 77.775 5314.600375
0.62 0.63 17 80.144 5045.007264
0.62 0.63 18 85.184 5593.208144
0.62 0.63 19 84.978 4503.667516
0.63 0.64 0 98.685 9408.367775
0.63 0.64 1 168.592 30034.723536
0.63 0.64 2 137.576 19992.800224
0.63 0.64 3 151.728 24468.410016
0.63 0.64 4 138.071 18578.567959
0.63 0.64 5 132.027 21326.546271
0.63 0.64 6 119.651 20318.321199
0.63 0.64 7 111.333 15146.096111
0.63 0.64 8 122.052 20642.597296
0.63 0.64 9 129.663 23431.091431
0.63 0.64 10 151.816 34348.352144
0.63 0.64 11 171.801 51179.501399
0.63 0.64 12 180.641 59523.316119
0.63 0.64 13 203.127 68013.170871
0.63 0.64 14 213.615 82405.948775
0.63 0.64 15 230.57 94257.6951
0.63 0.64 16 256.33 108940.2451
0.63 0.64 17 254.885 129795.905775
0.63 0.64 18 271.488 154184.187856
0.63 0.64 19 334.546 221725.283884
0.64 0.65 0 99.895 9994.325975
0.64 0.65 1 172.059 29231.815519
0.64 0.65 2 148.213 25305.811631
0.64 0.65 3 153.18 22705.1276
0.64 0.65 4 137.738 21136.265356
0.64 0.65 5 111.488 14505.113856
0.64 0.65 6 109.597 15288.458591
0.64 0.65 7 114.932 16849.889376
0.64 0.65 8 116.564 17934.249904
0.64 0.65 9 136.192 24156.625136
0.64 0.65 10 141.288 28928.251056
0.64 0.65 11 161.108 44182.502336
0.64 0.65 12 169.641 42295.294119
0.64 0.65 13 189.076 62342.734224
0.64 0.65 14 198.28 65223.8996
0.64 0.65 15 212.394 75545.080764
0.64 0.65 16 245.262 100816.613356
0.64 0.65 17 248.93 104015.5651
0.64 0.65 18 257.026 124223.285324
0.64 0.65 19 283.116 133417.796544
0.65 0.66 0 104.375 11417.514375
0.65 0.66 1 172.168 32825.301776
0.65 0.66 2 143.761 20777.273879
0.65 0.66 3 140.714 23666.302204
0.65 0.66 4 128.931 18094.038239
0.65 0.66 5 101.325 10741.245375
0.65 0.66 6 90.172 9310.568416
0.65 0.66 7 95.159 11397.327719
0.65 0.66 8 99.27 13210.8611
0.65 0.66 9 110.598 15344.126396
0.65 0.66 10 129.164 23778.867104
0.65 0.66 11 140.082 27841.387276
0.65 0.66 12 149.116 33018.090544
0.65 0.66 13 171.296 44814.902384
0.65 0.66 14 188.044 64933.842064
0.65 0.66 15 200.371 68093.783359
0.65 0.66 16 197.057 68131.443751
0.65 0.66 17 228.711 90916.399479
0.65 0.66 18 248.094 110581.649164
0.65 0.66 19 262.792 132507.606736
0.66 0.67 0 96.271 9397.301559
0.66 0.67 1 166.403 26154.562591
0.66 0.67 2 143.556 21021.402864
0.66 0.67 3 145.104 20498.333184
0.66 0.67 4 125.738 16578.159356
0.66 0.67 5 109.762 12913.161356
0.66 0.67 6 107.992 13303.019936
0.66 0.67 7 108.385 14467.880775
0.66 0.67 8 123.955 20533.548975
0.66 0.67 9 148.051 27067.910399
0.66 0.67 10 154.283 28650.458911
0.66 0.67 11 175.423 42048.428071
0.66 0.67 12 193.858 50858.501836
0.66 0.67 13 227.466 75871.484844
0.66 0.67 14 249.956 92845.104064
0.66 0.67 15 282.817 107168.517511
0.66 0.67 16 293.16 128638.3664
0.66 0.67 17 324.098 137246.820396
0.66 0.67 18 341.258 168965.213436
0.66 0.67 19 383.159 239634.111719
0.67 0.68 0 104.669 10794.303439
0.67 0.68 1 170.949 29683.186399
0.67 0.68 2 140.202 19932.001196
0.67 0.68 3 129.42 17378.4196
0.67 0.68 4 106.778 10774.112716
0.67 0.68 5 104.036 13358.076704
0.67 0.68 6 95.847 10201.767591
0.67 0.68 7 97.283 11712.602911
0.67 0.68 8 100.154 10899.164284
0.67 0.68 9 112.01 15452.4119
0.67 0.68 10 135.584 22533.186944
0.67 0.68 11 148.802 30238.690796
0.67 0.68 12 166.359 38032.444119
0.67 0.68 13 185.546 43028.585884
0.67 0.68 14 204.246 56134.433484
0.67 0.68 15 220.712 74804.037056
0.67 0.68 16 248.423 81464.498071
0.67 0.68 17 250.713 82010.346631
0.67 0.68 18 302.748 126703.158496
0.67 0.68 19 314.921 155037.286759
0.68 0.69 0 102.884 11460.378544
0.68 0.69 1 169.819 27194.158239
0.68 0.69 2 142.748 19709.294496
0.68 0.69 3 127.497 17429.409991
0.68 0.69 4 107.255 12282.471975
0.68 0.69 5 84.01 6381.2259
0.68 0.69 6 68.835 4523.137775
0.68 0.69 7 74.357 6155.359551
0.68 0.69 8 82.905 7439.969975
0.68 0.69 9 91.624 10637.664624
0.68 0.69 10 106.352 13183.450096
0.68 0.69 11 110.119 14639.842839
0.68 0.69 12 120.428 19966.054816
0.68 0.69 13 129.578 20550.099916
0.68 0.69 14 144.27 28020.3531
0.68 0.69 15 146.12 29500.5176
0.68 0.69 16 178.107 44852.223551
0.68 0.69 17 168.648 44262.326096
0.68 0.69 18 195.82 52640.9416
0.68 0.69 19 200.15 62472.6275
0.69 0.7 0 97.536 8809.464704
0.69 0.7 1 154.962 23673.030556
0.69 0.7 2 135.692 17944.321136
0.69 0.7 3 122.008 15427.471936
0.69 0.7 4 121.961 14686.785479
0.69 0.7 5 121.332 15764.779776
0.69 0.7 6 113.477 14348.613471
0.69 0.7 7 119.254 16582.403484
0.69 0.7 8 125.594 17889.931164
0.69 0.7 9 145.761 26934.397879
0.69 0.7 10 156.743 33585.934951
0.69 0.7 11 170.376 35605.164624
0.69 0.7 12 169.406 37742.047164
0.69 0.7 13 190.343 46061.935351
0.69 0.7 14 232.089 72053.139079
0.69 0.7 15 236.282 90907.458476
0.69 0.7 16 259.84 101622.7904
0.69 0.7 17 279.506 131857.879964
0.69 0.7 18 292.036 139323.180704
0.69 0.7 19 334.027 170761.942271
0.7 0.71 0 98.422 9096.083916
0.7 0.71 1 166.69 27760.4519
0.7 0.71 2 134.15 19761.7975
0.7 0.71 3 113.744 13551.094464
0.7 0.71 4 116.32 13634.6236
0.7 0.71 5 105.521 13188.411559
0.7 0.71 6 91.892 9238.372336
0.7 0.71 7 93.407 9732.233351
0.7 0.71 8 103.106 11837.626764
0.7 0.71 9 115.955 17009.792975
0.7 0.71 10 121.696 22144.485584
0.7 0.71 11 145.772 29157.618016
0.7 0.71 12 168.726 35621.440924
0.7 0.71 13 174.745 39699.459975
0.7 0.71 14 179.897 42508.416391
0.7 0.71 15 228.359 75075.372119
0.7 0.71 16 218.694 65779.590364
0.7 0.71 17 237.428 103891.742816
0.7 0.71 18 270.36 105933.5804
0.7 0.71 19 291.021 122158.922559
0.71 0.72 0 99.807 10286.213751
0.71 0.72 1 167.939 27597.857279
0.71 0.72 2 131.496 18561.009984
0.71 0.72 3 111.077 11973.843071
0.71 0.72 4 101.982 10559.645676
0.71 0.72 5 80.277 7269.424271
0.71 0.72 6 73.474 5434.327324
0.71 0.72 7 78.718 6322.128476
0.71 0.72 8 84.198 7510.466796
0.71 0.72 9 105.683 14111.612511
0.71 0.72 10 104.186 13249.433404
0.71 0.72 11 123.252 18433.534496
0.71 0.72 12 129.344 19122.177664
0.71 0.72 13 142.044 26528.088064
0.71 0.72 14 154.522 33086.517516
0.71 0.72 15 175.498 46976.547996
0.71 0.72 16 180.758 47296.289436
0.71 0.72 17 199.938 57191.678156
0.71 0.72 18 209.369 68634.766839
0.71 0.72 19 248.552 93060.171296
0.72 0.73 0 105.023 9681.604471
0.72 0.73 1 166.152 25442.466896
0.72 0.73 2 127.585 16018.038775
0.72 0.73 3 106.522 12073.417516
0.72 0.73 4 91.287 8236.658631
0.72 0.73 5 94.77 9167.1511
0.72 0.73 6 96.213 9533.453631
0.72 0.73 7 101.227 10986.769471
0.72 0.73 8 117.004 15955.613984
0.72 0.73 9 122.841 18630.845719
0.72 0.73 10 137.866 21902.924044
0.72 0.73 11 168.702 32175.873196
0.72 0.73 12 169.494 33706.963964
0.72 0.73 13 185.53 47667.0831
0.72 0.73 14 208.285 53200.007775
0.72 0.73 15 215.615 67067.552775
0.72 0.73 16 252.756 86340.168464
0.72 0.73 17 271.328 115928.668416
0.72 0.73 18 289.451 126288.351599
0.72 0.73 19 297.689 135329.200279
0.73 0.74 0 102.407 11231.445351
0.73 0.74 1 157.41 25423.6999
0.73 0.74 2 130.672 16005.774416
0.73 0.74 3 100.55 10712.5215
0.73 0.74 4 83.731 7235.500639
0.73 0.74 5 73.061 4791.403279
0.73 0.74 6 67.417 4126.891111
0.73 0.74 7 72.148 5927.336096
0.73 0.74 8 79.863 7953.498231
0.73 0.74 9 91.259 8019.331919
0.73 0.74 10 101.267 11383.903711
0.73 0.74 11 127.158 19404.031036
0.73 0.74 12 129.938 23277.106156
0.73 0.74 13 148.338 25539.161756
0.73 0.74 14 157.224 31896.991824
0.73 0.74 15 171.835 39453.105775
0.73 0.74 16 179.796 46389.664384
0.73 0.74 17 207.023 59837.604471
0.73 0.74 18 221.906 81933.533164
0.73 0.74 19 243.973 93596.430271
0.74 0.75 0 98.574 10157.530524
0.74 0.75 1 153.036 24070.668704
0.74 0.75 2 128.078 18245.131916
0.74 0.75 3 90.72 7964.8556
0.74 0.75 4 63.138 3576.550956
0.74 0.75 5 53.148 3151.140096
0.74 0.75 6 49.377 2325.026871
0.74 0.75 7 52.699 3028.704399
0.74 0.75 8 58.445 3694.834975
0.74 0.75 9 61.974 4703.393324
0.74 0.75 10 71.471 6773.413159
0.74 0.75 11 88.554 12029.043084
0.74 0.75 12 94.848 13290.120896
0.74 0.75 13 104.374 16704.698124
0.74 0.75 14 113.133 20233.071311
0.74 0.75 15 124.853 26331.697391
0.74 0.75 16 153.678 38968.110316
0.74 0.75 17 157.824 50401.911024
0.74 0.75 18 177.085 59854.007775
0.74 0.75 19 177.546 57304.313884
0.75 0.76 0 101.217 10940.391911
0.75 0.76 1 162.049 26494.792599
0.75 0.76 2 261.682 74236.812876
0.75 0.76 3 240.427 60582.620671
0.75 0.76 4 197.586 42629.928604
0.75 0.76 5 157.178 24885.396316
0.75 0.76 6 119.056 15662.350864
0.75 0.76 7 93.12 8898.6436
0.75 0.76 8 91.088 9016.230256
0.75 0.76 9 96.786 9553.466204
0.75 0.76 10 96.24 10485.6204
0.75 0.76 11 97.15 9686.2115
0.75 0.76 12 100.919 10644.086439
0.75 0.76 13 101.877 12038.531871
0.75 0.76 14 107.403 12914.262591
0.75 0.76 15 112.762 14604.915356
0.75 0.76 16 117.206 14006.245564
0.75 0.76 17 107.899 10341.596799
0.75 0.76 18 113.92 13689.9136
0.75 0.76 19 113.55 13141.6255
0.76 0.77 0 103.421 10121.685759
0.76 0.77 1 161.08 25461.1176
0.76 0.77 2 245.822 61705.544316
0.76 0.77 3 240.083 56700.270111
0.76 0.77 4 182.92 33483.8256
0.76 0.77 5 138.339 21345.712079
0.76 0.77 6 93.617 8947.604311
0.76 0.77 7 83.052 7198.789296
0.76 0.77 8 90.411 8562.062079
0.76 0.77 9 91.358 9209.235836
0.76 0.77 10 93.293 10105.909151
0.76 0.77 11 86.85 8157.3935
0.76 0.77 12 100.267 10024.743711
0.76 0.77 13 107.423 10754.672071
0.76 0.77 14 106.2 11870.42
0.76 0.77 15 112.361 13047.254679
0.76 0.77 16 115.436 13515.755904
0.76 0.77 17 116.608 13879.134336
0.76 0.77 18 121.874 13969.738124
0.76 0.77 19 130.801 19352.251399
0.77 0.78 0 98.117 10141.383311
0.77 0.78 1 159.174 23428.423724
0.77 0.78 2 242.33 56336.5091
0.77 0.78 3 222.559 47334.894519
0.77 0.78 4 174.077 36474.525071
0.77 0.78 5 103.188 12026.698656
0.77 0.78 6 99.682 12682.492876
0.77 0.78 7 92.015 10229.940775
0.77 0.78 8 99.32 11409.5416
0.77 0.78 9 99.178 11538.380316
0.77 0.78 10 100.815 11682.652775
0.77 0.78 11 109.066 12191.261644
0.77 0.78 12 114.542 14289.252236
0.77 0.78 13 128.396 18946.097184
0.77 0.78 14 129.512 18718.039856
0.77 0.78 15 140.025 20700.590375
0.77 0.78 16 147.722 24274.264716
0.77 0.78 17 150.972 24380.569216
0.77 0.78 18 151.875 25181.025375
0.77 0.78 19 170.126 33767.670124
0.78 0.79 0 103.779 10484.750159
0.78 0.79 1 159.511 25872.931879
0.78 0.79 2 232.033 55239.441911
0.78 0.79 3 222.034 48737.528844
0.78 0.79 4 152.455 26115.085975
0.78 0.79 5 139.556 22191.406864
0.78 0.79 6 120.642 16408.611836
0.78 0.79 7 104.635 11267.759775
0.78 0.79 8 101.656 11477.081664
0.78 0.79 9 96.231 9581.485639
0.78 0.79 10 100.172 12295.738416
0.78 0.79 11 100.771 11035.702559
0.78 0.79 12 101.005 10760.884975
0.78 0.79 13 111.945 13763.791975
0.78 0.79 14 117.211 16458.744479
0.78 0.79 15 124.313 16286.045031
0.78 0.79 16 119.567 14656.373511
0.78 0.79 17 124.226 17535.148924
0.78 0.79 18 137.229 21839.686559
0.78 0.79 19 137.459 21662.952319
0.79 0.8 0 99.8 12122.244
0.79 0.8 1 166.501 27891.717999
0.79 0.8 2 216.505 53917.767975
0.79 0.8 3 202.723 44276.796271
0.79 0.8 4 140.115 22034.971775
0.79 0.8 5 134.174 20892.483724
0.79 0.8 6 102.639 11556.306679
0.79 0.8 7 108.495 13736.737975
0.79 0.8 8 114.751 15667.242999
0.79 0.8 9 134.337 22637.869431
0.79 0.8 10 130.723 19474.624271
0.79 0.8 11 134.137 21682.478231
0.79 0.8 12 146.742 26386.863436
0.79 0.8 13 158.941 33473.175519
0.79 0.8 14 161.23 31799.8311
0.79 0.8 15 190.584 41233.842944
0.79 0.8 16 203.151 49100.854199
0.79 0.8 17 226.093 63835.726351
0.79 0.8 18 219.342 60470.305036
0.79 0.8 19 226.39 64031.3819
0.8 0.81 0 95.255 8786.047975
0.8 0.81 1 156.759 25110.518919
0.8 0.81 2 213.447 45865.561191
0.8 0.81 3 192.598 37190.148396
0.8 0.81 4 114.192 13203.461136
0.8 0.81 5 99.785 10143.124775
0.8 0.81 6 95.944 11060.602864
0.8 0.81 7 92.325 9410.439375
0.8 0.81 8 98.464 11453.758704
0.8 0.81 9 108.239 13333.797879
0.8 0.81 10 109.4 14357.338
0.8 0.81 11 123.769 18269.501639
0.8 0.81 12 116.603 14315.789391
0.8 0.81 13 138.892 21684.192336
0.8 0.81 14 155.402 27465.226396
0.8 0.81 15 171.715 33359.045775
0.8 0.81 16 175.224 38536.719824
0.8 0.81 17 176.768 39346.340176
0.8 0.81 18 197.349 46942.521199
0.8 0.81 19 199.808 54073.649136
0.81 0.82 0 98.843 9726.418351
0.81 0.82 1 151.99 24163.6119
0.81 0.82 2 201.334 41745.346444
0.81 0.82 3 188.39 47123.0999
0.81 0.82 4 146.555 23237.342975
0.81 0.82 5 126.475 16966.757375
0.81 0.82 6 102.548 12085.911696
0.81 0.82 7 85.982 8192.509676
0.81 0.82 8 84.185 8769.642775
0.81 0.82 9 89.211 9038.926479
0.81 0.82 10 87.518 9177.805676
0.81 0.82 11 90.855 8131.379975
0.81 0.82 12 97.408 10712.261536
0.81 0.82 13 98.215 10130.460775
0.81 0.82 14 103.636 11960.441504
0.81 0.82 15 104.253 11435.518991
0.81 0.82 16 112.048 12828.345696
0.81 0.82 17 112.985 14677.794775
0.81 0.82 18 122.734 14917.795244
0.81 0.82 19 121.83 13793.1831
0.82 0.83 0 99.121 10023.118359
0.82 0.83 1 160.627 25504.025871
0.82 0.83 2 194.793 37108.156151
0.82 0.83 3 182.893 35005.307551
0.82 0.83 4 183.413 34358.898431
0.82 0.83 5 193.287 42307.156631
0.82 0.83 6 142.716 22190.667344
0.82 0.83 7 142.746 25894.913484
0.82 0.83 8 148.072 29142.780816
0.82 0.83 9 171.94 36447.6844
0.82 0.83 10 154.048 32515.685696
0.82 0.83 11 186.052 46492.783296
0.82 0.83 12 183.382 45473.468076
0.82 0.83 13 212.133 60020.279311
0.82 0.83 14 218.003 70737.792991
0.82 0.83 15 231.956 68531.226064
0.82 0.83 16 251.066 98640.249644
0.82 0.83 17 249.965 108700.409775
0.82 0.83 18 278.988 115736.833856
0.82 0.83 19 300.341 141150.370719
0.83 0.84 0 102.168 10152.325776
0.83 0.84 1 157.77 26025.8611
0.83 0.84 2 197.197 41126.458191
0.83 0.84 3 176.343 33193.217351
0.83 0.84 4 178.573 38996.230671
0.83 0.84 5 135.689 20637.810279
0.83 0.84 6 141.932 21735.407376
0.83 0.84 7 147.243 27892.157951
0.83 0.84 8 145.806 27651.858364
0.83 0.84 9 159.021 31735.892559
0.83 0.84 10 162.869 35968.017839
0.83 0.84 11 180.313 42710.389031
0.83 0.84 12 200.256 50055.464464
0.83 0.84 13 218.903 63360.461591
0.83 0.84 14 237.369 74669.876839
0.83 0.84 15 252.477 89640.937471
0.83 0.84 16 241.2 82627.138
0.83 0.84 17 257.575 88377.852375
0.83 0.84 18 298.704 120200.202384
0.83 0.84 19 314.961 142090.069479
0.84 0.85 0 100.773 10680.389471
0.84 0.85 1 154.655 24449.947975
0.84 0.85 2 186.525 33536.873375
0.84 0.85 3 148.243 23148.119951
0.84 0.85 4 147.475 22233.751375
0.84 0.85 5 116.408 14042.537536
0.84 0.85 6 110.736 13741.762304
0.84 0.85 7 109.137 14641.588231
0.84 0.85 8 110.771 14075.422559
0.84 0.85 9 131.33 21811.3671
0.84 0.85 10 127.658 21185.181036
0.84 0.85 11 135.155 20925.550975
0.84 0.85 12 151.129 31739.556359
0.84 0.85 13 161.186 31252.447404
0.84 0.85 14 181.855 44249.647975
0.84 0.85 15 167.703 35948.004791
0.84 0.85 16 199.91 53148.4819
0.84 0.85 17 201.565 55159.025775
0.84 0.85 18 221.609 65672.080119
0.84 0.85 19 233.413 68432.950431
0.85 0.86 0 103.912 10697.664256
0.85 0.86 1 155.841 24200.581719
0.85 0.86 2 174.003 31608.174991
0.85 0.86 3 136.753 18779.805991
0.85 0.86 4 131.124 20112.234624
0.85 0.86 5 124.252 18062.116496
0.85 0.86 6 97.969 11473.104039
0.85 0.86 7 108.09 13344.2799
0.85 0.86 8 113.289 15523.299479
0.85 0.86 9 118.742 19207.825436
0.85 0.86 10 133.509 19344.337919
0.85 0.86 11 143.226 28539.546924
0.85 0.86 12 159.719 32893.100039
0.85 0.86 13 157.814 29767.053404
0.85 0.86 14 175.252 43457.902496
0.85 0.86 15 178.858 42238.877836
0.85 0.86 16 199.176 55209.725024
0.85 0.86 17 202.953 55453.088791
0.85 0.86 18 223.793 65073.746151
0.85 0.86 19 251.422 78731.345916
0.86 0.87 0 101.148 10738.492096
0.86 0.87 1 159.405 31845.350975
0.86 0.87 2 178.38 30158.8956
0.86 0.87 3 107.433 12177.241511
0.86 0.87 4 93.538 9638.818556
0.86 0.87 5 84.493 7800.245951
0.86 0.87 6 104.335 13141.318775
0.86 0.87 7 95.125 11408.313375
0.86 0.87 8 107.264 14794.152304
0.86 0.87 9 125.39 18375.1219
0.86 0.87 10 128.973 19347.716271
0.86 0.87 11 147.743 27636.316951
0.86 0.87 12 143.952 26757.709696
0.86 0.87 13 171.989 36875.884879
0.86 0.87 14 172.335 41144.624775
0.86 0.87 15 186.965 40709.641775
0.86 0.87 16 195.888 46562.141456
0.86 0.87 17 192.365 42482.247775
0.86 0.87 18 217.27 65174.0691
0.86 0.87 19 253.47 86310.4571
0.87 0.88 0 99.666 10091.722444
0.87 0.88 1 152.349 26407.043199
0.87 0.88 2 173.654 32682.114284
0.87 0.88 3 140.33 21046.0151
0.87 0.88 4 111.67 13215.6791
0.87 0.88 5 82.492 6546.377936
0.87 0.88 6 66.374 4306.876124
0.87 0.88 7 67.778 5635.930716
0.87 0.88 8 69.647 5562.364391
0.87 0.88 9 73.789 6673.840479
0.87 0.88 10 69.43 5138.1711
0.87 0.88 11 77.086 7686.616604
0.87 0.88 12 76.489 6425.251879
0.87 0.88 13 87.941 9438.089519
0.87 0.88 14 84.656 7546.511664
0.87 0.88 15 88.636 8786.809504
0.87 0.88 16 94.06 9371.5784
0.87 0.88 17 100.05 11404.9315
0.87 0.88 18 96.229 10727.758559
0.87 0.88 19 103.399 13129.385799
0.88 0.89 0 96.875 8829.749375
0.88 0.89 1 154.254 26588.215484
0.88 0.89 2 179.515 33221.891775
0.88 0.89 3 227.773 53653.127471
0.88 0.89 4 305.53 99387.7051
0.88 0.89 5 275.711 91001.517479
0.88 0.89 6 142.204 22963.982384
0.88 0.89 7 125.294 19539.583564
0.88 0.89 8 130.387 22005.121231
0.88 0.89 9 136.517 22868.559711
0.88 0.89 10 138.415 24806.660775
0.88 0.89 11 141.197 23006.924191
0.88 0.89 12 145.649 28462.441799
0.88 0.89 13 142.423 23475.816071
0.88 0.89 14 148.028 27388.341216
0.88 0.89 15 146.404 25002.760784
0.88 0.89 16 145.832 26574.121776
0.88 0.89 17 158.554 31334.725084
0.88 0.89 18 146.777 21574.603271
0.88 0.89 19 163.541 33879.590319
0.89 0.9 0 100.025 9102.450375
0.89 0.9 1 149.315 23996.567775
0.89 0.9 2 178.255 33098.189975
0.89 0.9 3 220.231 52806.147639
0.89 0.9 4 257.182 71740.296876
0.89 0.9 5 170.045 31390.960975
0.89 0.9 6 165.33 30516.5351
0.89 0.9 7 154.847 29312.811591
0.89 0.9 8 143.965 25852.627775
0.89 0.9 9 134.803 21008.792191
0.89 0.9 10 135.668 22574.855776
0.89 0.9 11 143.419 24630.585439
0.89 0.9 12 149.701 30419.319599
0.89 0.9 13 146.929 25207.461959
0.89 0.9 14 145.83 23843.4891
0.89 0.9 15 156.872 29585.593616
0.89 0.9 16 150.515 27642.267775
0.89 0.9 17 150.66 28478.1684
0.89 0.9 18 151.38 30494.0356
0.89 0.9 19 168.768 41324.566176
0.9 0.91 0 99.401 11142.472199
0.9 0.91 1 143.285 24391.209775
0.9 0.91 2 167.177 30929.873671
0.9 0.91 3 211.306 45624.386364
0.9 0.91 4 210.238 52375.667356
0.9 0.91 5 112.043 13150.709151
0.9 0.91 6 109.095 12910.691975
0.9 0.91 7 108.23 13185.6891
0.9 0.91 8 105.711 13480.893479
0.9 0.91 9 120.055 18449.295975
0.9 0.91 10 119.415 18602.950775
0.9 0.91 11 124.772 18290.050016
0.9 0.91 12 120.308 18159.239136
0.9 0.91 13 120.888 19436.247456
0.9 0.91 14 133.181 25075.146239
0.9 0.91 15 133.051 21777.856399
0.9 0.91 16 146.558 26942.730636
0.9 0.91 17 140.311 28339.060279
0.9 0.91 18 138.071 25461.039959
0.9 0.91 19 151.531 28729.745039
0.91 0.92 0 100.494 10080.815964
0.91 0.92 1 149.082 23825.741276
0.91 0.92 2 167.781 31076.847039
0.91 0.92 3 185.397 33700.673391
0.91 0.92 4 185.251 40100.341999
0.91 0.92 5 222.522 60834.613516
0.91 0.92 6 211.996 55419.959984
0.91 0.92 7 171.608 37325.484336
0.91 0.92 8 198.013 51452.324831
0.91 0.92 9 196.441 48720.340519
0.91 0.92 10 201.384 57155.322544
0.91 0.92 11 201.849 60823.310199
0.91 0.92 12 227.699 67919.124399
0.91 0.92 13 227.118 64345.578076
0.91 0.92 14 233.815 67344.154775
0.91 0.92 15 238.386 74021.087004
0.91 0.92 16 255.284 83042.117344
0.91 0.92 17 260.85 94023.8335
0.91 0.92 18 268.714 97239.242204
0.91 0.92 19 292.69 134740.9099
0.92 0.93 0 101.203 10391.791791
0.92 0.93 1 147.286 21625.394204
0.92 0.93 2 155.114 27526.843004
0.92 0.93 3 173.522 32866.203516
0.92 0.93 4 125.18 18649.7656
0.92 0.93 5 128.879 21431.530359
0.92 0.93 6 117.262 16447.857356
0.92 0.93 7 117.564 16696.915904
0.92 0.93 8 133.287 22921.088631
0.92 0.93 9 136.058 26348.572636
0.92 0.93 10 140.979 25505.630559
0.92 0.93 11 146.928 26625.772816
0.92 0.93 12 159.365 35441.485775
0.92 0.93 13 167.9 40863.528
0.92 0.93 14 171.895 37329.937975
0.92 0.93 15 180.91 40440.2179
0.92 0.93 16 188.036 44982.078704
0.92 0.93 17 203.223 54282.135271
0.92 0.93 18 214.272 53510.082016
0.92 0.93 19 211.01 57273.4059
0.93 0.94 0 96.488 9924.267856
0.93 0.94 1 145.375 23943.708375
0.93 0.94 2 163.571 30515.890959
0.93 0.94 3 149.344 24761.719664
0.93 0.94 4 83.787 8033.733631
0.93 0.94 5 74.377 5354.900871
0.93 0.94 6 68.408 4786.155536
0.93 0.94 7 77.063 7683.397031
0.93 0.94 8 76.406 7470.353164
0.93 0.94 9 89.229 9371.738559
0.93 0.94 10 91.171 9578.939759
0.93 0.94 11 101.279 13542.719159
0.93 0.94 12 101.425 12151.178375
0.93 0.94 13 110.815 13956.966775
0.93 0.94 14 107.16 16098.4024
0.93 0.94 15 113.949 16314.916399
0.93 0.94 16 119.512 22609.619856
0.93 0.94 17 124.995 20031.258975
0.93 0.94 18 129.704 23161.690384
0.93 0.94 19 123.896 22526.465184
0.94 0.95 0 103.505 9188.777975
0.94 0.95 1 145.07 21310.8871
0.94 0.95 2 152.641 29384.376119
0.94 0.95 3 141.167 20768.565111
0.94 0.95 4 177.324 32782.913024
0.94 0.95 5 317.158 114558.245036
0.94 0.95 6 251.418 81732.419276
0.94 0.95 7 170.179 36000.506959
0.94 0.95 8 164.257 34485.266951
0.94 0.95 9 172.637 38135.293231
0.94 0.95 10 176.655 42452.989975
0.94 0.95 11 167.094 36728.405164
0.94 0.95 12 183.112 46417.695456
0.94 0.95 13 180.23 43625.8151
0.94 0.95 14 176.81 43261.8979
0.94 0.95 15 189.121 49331.102359
0.94 0.95 16 186.204 51671.338384
0.94 0.95 17 185.983 44106.396711
0.94 0.95 18 194.901 47392.253199
0.94 0.95 19 182.089 45885.821079
0.95 0.96 0 99.828 9121.040416
0.95 0.96 1 143.998 22071.851996
0.95 0.96 2 142.019 22423.742639
0.95 0.96 3 135.429 19808.166959
0.95 0.96 4 155.654 28647.556284
0.95 0.96 5 186.931 44302.826239
0.95 0.96 6 128.891 16798.135119
0.95 0.96 7 132.639 23314.750679
0.95 0.96 8 140.961 26022.725479
0.95 0.96 9 150.165 25877.431775
0.95 0.96 10 151.568 33491.493376
0.95 0.96 11 140.766 29744.883244
0.95 0.96 12 151.239 32397.439879
0.95 0.96 13 166.488 37552.083856
0.95 0.96 14 169.376 40691.762624
0.95 0.96 15 172.676 39001.695024
0.95 0.96 16 168.889 38508.040679
0.95 0.96 17 192.527 48982.693271
0.95 0.96 18 182.622 43052.447116
0.95 0.96 19 187.53 50462.1191
0.96 0.97 0 103.41 10011.0799
0.96 0.97 1 145.912 22760.000256
0.96 0.97 2 142.676 25610.601024
0.96 0.97 3 127.665 19016.882775
0.96 0.97 4 142.378 22866.983116
0.96 0.97 5 73.109 5503.167119
0.96 0.97 6 74.705 5993.683975
0.96 0.97 7 81.147 8987.591391
0.96 0.97 8 88.364 10161.577504
0.96 0.97 9 96.042 10370.992236
0.96 0.97 10 106.58 14812.3356
0.96 0.97 11 104.861 15437.593679
0.96 0.97 12 105.733 16352.747711
0.96 0.97 13 131.498 23623.305996
0.96 0.97 14 128.12 20500.5556
0.96 0.97 15 127.5 22804.844
0.96 0.97 16 134.287 25632.702631
0.96 0.97 17 136.767 26028.336711
0.96 0.97 18 139.005 26169.164975
0.96 0.97 19 147.594 30776.839164
0.97 0.98 0 99.796 9156.404384
0.97 0.98 1 129.479 18677.943559
0.97 0.98 2 126.665 18878.244775
0.97 0.98 3 118.776 17859.611824
0.97 0.98 4 96.68 11327.3836
0.97 0.98 5 131.377 20757.010871
0.97 0.98 6 202.821 55551.452959
0.97 0.98 7 167.344 32527.531664
0.97 0.98 8 174.523 37835.825471
0.97 0.98 9 181.089 43399.415079
0.97 0.98 10 182.941 40420.761519
0.97 0.98 11 185.948 46533.983296
0.97 0.98 12 193.419 50895.803439
0.97 0.98 13 191.715 48661.795775
0.97 0.98 14 215.514 63543.563804
0.97 0.98 15 199.693 53707.082751
0.97 0.98 16 213.681 58919.733239
0.97 0.98 17 214.596 65574.600784
0.97 0.98 18 212.629 59147.847359
0.97 0.98 19 218.888 59445.505456
0.98 0.99 0 108.453 12463.909791
0.98 0.99 1 129.59 16995.7899
0.98 0.99 2 114.857 18710.018551
0.98 0.99 3 91.595 12115.618975
0.98 0.99 4 79.598 7666.766396
0.98 0.99 5 82.828 8197.928416
0.98 0.99 6 60.445 3547.488975
0.98 0.99 7 75.254 6743.953484
0.98 0.99 8 88.586 9842.680604
0.98 0.99 9 99.488 12142.101856
0.98 0.99 10 103.597 14313.900591
0.98 0.99 11 118.551 18900.489399
0.98 0.99 12 122.859 20280.223119
0.98 0.99 13 128.892 22894.868336
0.98 0.99 14 124.568 21067.765376
0.98 0.99 15 138.134 28401.794044
0.98 0.99 16 140.874 28943.582124
0.98 0.99 17 148.648 34712.880096
0.98 0.99 18 151.294 35021.215564
0.98 0.99 19 154.247 32644.869991
0.99 1.0 0 101.015 11356.092775
0.99 1.0 1 104.038 10899.244556
0.99 1.0 2 79.265 5747.030775
0.99 1.0 3 48.867 2345.631311
0.99 1.0 4 34.224 853.263824
0.99 1.0 5 24.262 281.165356
0.99 1.0 6 22.91 188.9819
0.99 1.0 7 24.024 216.573424
0.99 1.0 8 27.031 303.460039
0.99 1.0 9 29.637 363.217231
0.99 1.0 10 31.486 420.009804
0.99 1.0 11 32.256 446.840464
0.99 1.0 12 36.523 592.289471
0.99 1.0 13 38.076 623.252224
0.99 1.0 14 41.615 713.796775
0.99 1.0 15 43.63 842.9071
0.99 1.0 16 45.584 903.008944
0.99 1.0 17 48.996 1030.191984
0.99 1.0 18 50.326 1205.785724
0.99 1.0 19 51.258 1119.247436
