0.0 0.01 0 77.74 4957.7124
0.0 0.01 1 104.85 12329.2275
0.0 0.01 2 84.58 9810.5836
0.0 0.01 3 53.83 2236.0011
0.0 0.01 4 37.11 1225.2779
0.0 0.01 5 26.01 341.3499
0.0 0.01 6 25.42 208.1036
0.0 0.01 7 28.85 339.8875
0.0 0.01 8 32.18 365.6476
0.0 0.01 9 35.17 543.2411
0.0 0.01 10 43.09 860.8219
0.0 0.01 11 42.28 809.4816
0.0 0.01 12 41.97 816.2891
0.0 0.01 13 49.17 730.6211
0.0 0.01 14 54.68 1597.9976
0.0 0.01 15 51.33 928.0411
0.0 0.01 16 60.57 1647.2851
0.0 0.01 17 54.43 1013.3651
0.0 0.01 18 53.58 1156.8236
0.0 0.01 19 65.49 1775.0099
0.01 0.02 0 70.07 5098.3851
0.01 0.02 1 82.49 8682.2899
0.01 0.02 2 69.06 7099.2164
0.01 0.02 3 53.78 4366.6916
0.01 0.02 4 33.21 1056.9859
0.01 0.02 5 30.83 699.4411
0.01 0.02 6 35.61 552.9579
0.01 0.02 7 34.72 611.7016
0.01 0.02 8 38.06 496.0164
0.01 0.02 9 42.37 1139.1331
0.01 0.02 10 47.31 960.8339
0.01 0.02 11 49.18 1622.8876
0.01 0.02 12 59.5 1641.71
0.01 0.02 13 63.57 2047.8851
0.01 0.02 14 69.49 2318.5299
0.01 0.02 15 66.56 2048.1664
0.01 0.02 16 58.46 1849.9284
0.01 0.02 17 78.42 4173.5236
0.01 0.02 18 90.17 5074.4411
0.01 0.02 19 80.86 2766.9604
0.02 0.03 0 51.63 2804.7931
0.02 0.03 1 94.21 11610.5259
0.02 0.03 2 66.81 5436.6939
0.02 0.03 3 51.25 2025.9675
0.02 0.03 4 38.9 1200.33
0.02 0.03 5 39.14 854.3204
0.02 0.03 6 46.99 1069.5699
0.02 0.03 7 53.75 2180.4475
0.02 0.03 8 56.16 2112.2144
0.02 0.03 9 73.6 2612.98
0.02 0.03 10 77.92 2856.6936
0.02 0.03 11 74.79 3305.2659
0.02 0.03 12 89.06 3891.2964
0.02 0.03 13 94.7 6354.31
0.02 0.03 14 93.31 3919.0539
0.02 0.03 15 104.72 6849.6816
0.02 0.03 16 123.26 7882.3924
0.02 0.03 17 105.52 6406.8696
0.02 0.03 18 124.67 7775.0211
0.02 0.03 19 124.17 9909.2611
0.03 0.04 0 75.55 5026.6275
0.03 0.04 1 75.73 4936.9771
0.03 0.04 2 79.74 6424.5724
0.03 0.04 3 52.43 3881.1651
0.03 0.04 4 48.83 1397.1011
0.03 0.04 5 45.12 1289.9056
0.03 0.04 6 44.23 849.3171
0.03 0.04 7 49.45 1536.5875
0.03 0.04 8 50.0 980.56
0.03 0.04 9 57.72 1583.1016
0.03 0.04 10 68.93 2085.2651
0.03 0.04 11 69.33 2461.2611
0.03 0.04 12 72.83 2968.7011
0.03 0.04 13 81.63 3471.5731
0.03 0.04 14 78.84 2939.1744
0.03 0.04 15 84.96 3502.3584
0.03 0.04 16 82.99 3468.3499
0.03 0.04 17 91.93 4234.9251
0.03 0.04 18 96.65 4781.3275
0.03 0.04 19 101.28 5811.3616
0.04 0.05 0 72.95 5919.8075
0.04 0.05 1 98.44 14623.9664
0.04 0.05 2 55.19 2535.3739
0.04 0.05 3 52.2 1808.44
0.04 0.05 4 51.36 2174.7904
0.04 0.05 5 68.13 3534.6531
0.04 0.05 6 78.11 7392.8579
0.04 0.05 7 94.39 7999.2779
0.04 0.05 8 84.17 7140.9411
0.04 0.05 9 125.33 13177.5811
0.04 0.05 10 116.42 15870.5436
0.04 0.05 11 116.31 13949.5539
0.04 0.05 12 151.32 20092.2376
0.04 0.05 13 137.46 17144.4684
0.04 0.05 14 167.58 21222.7236
0.04 0.05 15 161.11 30806.1379
0.04 0.05 16 175.33 64466.6011
0.04 0.05 17 218.08 37550.6536
0.04 0.05 18 196.59 35682.3419
0.04 0.05 19 224.89 41753.4379
0.05 0.06 0 70.84 3930.2544
0.05 0.06 1 92.22 5120.2916
0.05 0.06 2 73.44 4009.0864
0.05 0.06 3 49.8 1490.4
0.05 0.06 4 70.12 4482.1656
0.05 0.06 5 76.33 5095.5211
0.05 0.06 6 80.86 5834.1604
0.05 0.06 7 97.91 10053.4219
0.05 0.06 8 98.77 12703.7371
0.05 0.06 9 101.01 5958.7099
0.05 0.06 10 159.02 20547.6596
0.05 0.06 11 149.51 21519.2899
0.05 0.06 12 174.2 25725.78
0.05 0.06 13 156.68 23434.5776
0.05 0.06 14 157.91 26672.5019
0.05 0.06 15 157.42 21102.1436
0.05 0.06 16 196.3 36788.05
0.05 0.06 17 190.9 29607.03
0.05 0.06 18 249.42 70648.6636
0.05 0.06 19 221.37 50314.5731
0.06 0.07 0 74.65 6347.1675
0.06 0.07 1 107.12 11577.0056
0.06 0.07 2 78.07 6622.3851
0.06 0.07 3 56.6 2983.0
0.06 0.07 4 49.3 1675.75
0.06 0.07 5 44.74 1135.0524
0.06 0.07 6 37.72 906.6216
0.06 0.07 7 49.85 1532.7875
0.06 0.07 8 61.15 2029.7875
0.06 0.07 9 59.92 2643.3336
0.06 0.07 10 68.37 3829.2531
0.06 0.07 11 75.76 3589.5224
0.06 0.07 12 85.29 5778.0259
0.06 0.07 13 89.64 3500.4104
0.06 0.07 14 87.92 5054.3536
0.06 0.07 15 94.12 4625.6056
0.06 0.07 16 103.79 5671.1059
0.06 0.07 17 113.79 6792.7659
0.06 0.07 18 129.47 12403.4491
0.06 0.07 19 118.52 8440.6896
0.07 0.08 0 53.61 2436.3779
0.07 0.08 1 86.43 5613.3051
0.07 0.08 2 60.67 3119.7411
0.07 0.08 3 56.94 1982.0764
0.07 0.08 4 73.9 4172.81
0.07 0.08 5 75.07 6037.5851
0.07 0.08 6 91.71 10157.6259
0.07 0.08 7 107.57 12531.6251
0.07 0.08 8 112.2 15682.7
0.07 0.08 9 136.96 17608.8384
0.07 0.08 10 136.94 16386.4564
0.07 0.08 11 147.54 31457.1684
0.07 0.08 12 145.63 14342.1131
0.07 0.08 13 195.27 47490.9971
0.07 0.08 14 167.44 45464.6064
0.07 0.08 15 225.12 52161.3656
0.07 0.08 16 243.43 51322.7851
0.07 0.08 17 221.48 57612.5296
0.07 0.08 18 220.7 41187.19
0.07 0.08 19 236.72 63816.3616
0.08 0.09 0 64.03 3655.2691
0.08 0.09 1 104.26 11035.4724
0.08 0.09 2 73.94 4513.1564
0.08 0.09 3 76.42 4251.0236
0.08 0.09 4 94.16 7500.6344
0.08 0.09 5 88.93 5791.9051
0.08 0.09 6 106.67 8232.7211
0.08 0.09 7 103.04 9570.7984
0.08 0.09 8 138.06 18586.1964
0.08 0.09 9 122.22 13620.9516
0.08 0.09 10 170.29 21553.7659
0.08 0.09 11 170.72 38760.6816
0.08 0.09 12 188.64 47762.9904
0.08 0.09 13 202.72 35710.0416
0.08 0.09 14 201.24 33564.5024
0.08 0.09 15 203.03 37288.9891
0.08 0.09 16 238.91 47729.9219
0.08 0.09 17 291.12 63186.6856
0.08 0.09 18 252.45 67124.6475
0.08 0.09 19 285.0 84222.38
0.09 0.1 0 62.46 3635.5484
0.09 0.1 1 98.42 8351.7036
0.09 0.1 2 73.65 5538.1275
0.09 0.1 3 79.63 8955.1931
0.09 0.1 4 76.46 5609.3284
0.09 0.1 5 79.74 6513.1724
0.09 0.1 6 101.34 10982.3244
0.09 0.1 7 105.75 12190.7275
0.09 0.1 8 95.83 5220.5211
0.09 0.1 9 112.09 8675.5219
0.09 0.1 10 137.5 20230.99
0.09 0.1 11 141.49 17230.1699
0.09 0.1 12 150.13 21759.0131
0.09 0.1 13 184.7 37070.57
0.09 0.1 14 175.37 27066.5531
0.09 0.1 15 207.36 44073.0304
0.09 0.1 16 193.89 25461.7579
0.09 0.1 17 218.96 39590.7984
0.09 0.1 18 242.63 44272.8731
0.09 0.1 19 247.14 61032.8204
0.1 0.11 0 72.9 5312.99
0.1 0.11 1 73.61 5078.3979
0.1 0.11 2 68.92 3620.7336
0.1 0.11 3 84.19 8289.7339
0.1 0.11 4 86.78 5358.7516
0.1 0.11 5 107.44 14505.4264
0.1 0.11 6 151.4 24239.44
0.1 0.11 7 140.61 17696.1779
0.1 0.11 8 156.94 38791.3964
0.1 0.11 9 201.15 38679.3075
0.1 0.11 10 192.13 23308.2731
0.1 0.11 11 186.94 32004.1564
0.1 0.11 12 231.16 43490.0544
0.1 0.11 13 249.16 62199.2144
0.1 0.11 14 214.09 40974.7219
0.1 0.11 15 279.59 125206.0019
0.1 0.11 16 326.95 96773.1475
0.1 0.11 17 347.86 144902.6404
0.1 0.11 18 381.02 120994.8196
0.1 0.11 19 382.1 132289.51
0.11 0.12 0 83.81 8213.1539
0.11 0.12 1 91.56 8802.3864
0.11 0.12 2 68.78 3141.5116
0.11 0.12 3 113.54 11103.3684
0.11 0.12 4 99.06 9719.7964
0.11 0.12 5 103.61 13719.4979
0.11 0.12 6 121.85 14118.8275
0.11 0.12 7 111.23 11682.5171
0.11 0.12 8 150.74 24638.3924
0.11 0.12 9 159.39 26326.8179
0.11 0.12 10 160.14 21867.3204
0.11 0.12 11 175.66 31374.0844
0.11 0.12 12 183.43 37138.1651
0.11 0.12 13 247.07 55450.0451
0.11 0.12 14 188.07 39072.5851
0.11 0.12 15 312.28 139296.6616
0.11 0.12 16 250.57 77259.6451
0.11 0.12 17 274.82 65605.8676
0.11 0.12 18 235.71 32783.4659
0.11 0.12 19 354.74 121080.6924
0.12 0.13 0 73.1 4063.27
0.12 0.13 1 84.96 8234.8384
0.12 0.13 2 71.39 4980.3579
0.12 0.13 3 87.77 7258.1971
0.12 0.13 4 69.3 4544.21
0.12 0.13 5 53.28 2763.2616
0.12 0.13 6 57.3 1873.53
0.12 0.13 7 51.81 1417.2339
0.12 0.13 8 55.77 2195.8771
0.12 0.13 9 74.36 3699.0304
0.12 0.13 10 76.29 4364.1059
0.12 0.13 11 73.72 3428.1216
0.12 0.13 12 97.13 6710.4731
0.12 0.13 13 88.03 5181.4091
0.12 0.13 14 95.63 5279.6731
0.12 0.13 15 108.7 6455.87
0.12 0.13 16 121.74 9122.3324
0.12 0.13 17 122.01 10553.1699
0.12 0.13 18 139.33 13751.8411
0.12 0.13 19 145.09 14580.0619
0.13 0.14 0 75.65 6359.6475
0.13 0.14 1 99.07 6411.6851
0.13 0.14 2 80.19 6245.6739
0.13 0.14 3 90.94 7787.1364
0.13 0.14 4 99.28 12952.0416
0.13 0.14 5 100.22 13555.7716
0.13 0.14 6 113.47 14789.2691
0.13 0.14 7 106.76 9632.6824
0.13 0.14 8 138.49 19637.7299
0.13 0.14 9 119.47 12777.4091
0.13 0.14 10 181.65 39494.4875
0.13 0.14 11 140.66 16524.3244
0.13 0.14 12 246.62 93975.6556
0.13 0.14 13 172.39 37213.4579
0.13 0.14 14 184.24 44532.8624
0.13 0.14 15 225.79 59967.4259
0.13 0.14 16 277.06 67607.4164
0.13 0.14 17 246.74 67738.8924
0.13 0.14 18 264.11 76723.0979
0.13 0.14 19 261.72 79146.1216
0.14 0.15 0 58.92 2850.0536
0.14 0.15 1 91.69 9667.9539
0.14 0.15 2 77.87 3872.3731
0.14 0.15 3 91.15 6310.8275
0.14 0.15 4 123.94 17603.0764
0.14 0.15 5 118.58 17830.6636
0.14 0.15 6 112.93 12539.7451
0.14 0.15 7 121.92 17549.9136
0.14 0.15 8 162.1 28102.11
0.14 0.15 9 163.81 22390.8739
0.14 0.15 10 173.66 30391.4044
0.14 0.15 11 180.09 31458.1619
0.14 0.15 12 181.06 27681.9364
0.14 0.15 13 194.8 36649.52
0.14 0.15 14 237.0 46776.04
0.14 0.15 15 239.4 41923.34
0.14 0.15 16 248.65 56866.7275
0.14 0.15 17 231.97 68061.9691
0.14 0.15 18 298.56 127008.6264
0.14 0.15 19 246.54 77177.9884
0.15 0.16 0 67.06 6146.0764
0.15 0.16 1 99.69 8119.7739
0.15 0.16 2 98.83 9339.9611
0.15 0.16 3 101.59 11153.6019
0.15 0.16 4 76.97 7107.5091
0.15 0.16 5 85.58 8315.4236
0.15 0.16 6 108.21 10434.6059
0.15 0.16 7 110.69 17257.2739
0.15 0.16 8 123.41 14828.1419
0.15 0.16 9 130.31 14713.1139
0.15 0.16 10 161.98 24381.9396
0.15 0.16 11 157.54 31530.2484
0.15 0.16 12 183.41 35899.7619
0.15 0.16 13 177.41 32054.2619
0.15 0.16 14 180.64 26563.1504
0.15 0.16 15 222.27 57729.7371
0.15 0.16 16 290.02 78840.1796
0.15 0.16 17 220.17 47582.4811
0.15 0.16 18 257.24 81698.2424
0.15 0.16 19 295.3 110687.55
0.16 0.17 0 70.07 5050.9251
0.16 0.17 1 101.62 12484.8556
0.16 0.17 2 105.71 7618.1659
0.16 0.17 3 94.69 7791.0939
0.16 0.17 4 108.78 7941.9316
0.16 0.17 5 117.58 10234.8036
0.16 0.17 6 133.95 18309.8075
0.16 0.17 7 162.19 19158.4739
0.16 0.17 8 153.24 18824.0624
0.16 0.17 9 183.0 25661.74
0.16 0.17 10 184.88 32439.3256
0.16 0.17 11 229.38 55685.1156
0.16 0.17 12 201.41 41180.4019
0.16 0.17 13 246.81 61903.2539
0.16 0.17 14 223.85 49211.4075
0.16 0.17 15 214.46 35610.8884
0.16 0.17 16 301.24 92404.0824
0.16 0.17 17 284.96 71013.0584
0.16 0.17 18 310.03 126008.8291
0.16 0.17 19 301.54 70847.6284
0.17 0.18 0 75.37 8497.4131
0.17 0.18 1 96.7 8718.67
0.17 0.18 2 97.85 7745.2875
0.17 0.18 3 100.44 10508.3264
0.17 0.18 4 120.47 14264.4291
0.17 0.18 5 124.04 14769.1384
0.17 0.18 6 148.63 16565.0531
0.17 0.18 7 172.98 27172.8396
0.17 0.18 8 191.18 27607.9676
0.17 0.18 9 219.52 33550.8896
0.17 0.18 10 192.97 32157.9691
0.17 0.18 11 236.63 54197.0131
0.17 0.18 12 269.09 68115.3819
0.17 0.18 13 292.13 93153.9531
0.17 0.18 14 308.94 79157.8964
0.17 0.18 15 337.66 92007.1244
0.17 0.18 16 297.91 87529.5819
0.17 0.18 17 301.79 102768.2459
0.17 0.18 18 349.08 91386.4136
0.17 0.18 19 401.47 149926.6891
0.18 0.19 0 78.59 6982.0419
0.18 0.19 1 103.76 8205.8824
0.18 0.19 2 103.0 10956.92
0.18 0.19 3 97.96 6763.4584
0.18 0.19 4 104.5 7330.95
0.18 0.19 5 116.22 7501.6116
0.18 0.19 6 97.56 6774.4264
0.18 0.19 7 113.95 12087.6075
0.18 0.19 8 132.11 10967.4379
0.18 0.19 9 133.67 15569.8811
0.18 0.19 10 141.07 19298.2851
0.18 0.19 11 150.04 19005.3784
0.18 0.19 12 200.28 35834.3616
0.18 0.19 13 168.3 33338.35
0.18 0.19 14 184.89 30473.3579
0.18 0.19 15 211.46 44703.3684
0.18 0.19 16 205.08 37497.8736
0.18 0.19 17 188.62 45134.8156
0.18 0.19 18 218.19 50848.7539
0.18 0.19 19 268.93 83893.7851
0.19 0.2 0 72.09 4567.7419
0.19 0.2 1 97.82 6747.9676
0.19 0.2 2 101.85 8113.2075
0.19 0.2 3 105.09 14179.4819
0.19 0.2 4 101.2 11658.8
0.19 0.2 5 111.26 13185.4524
0.19 0.2 6 119.88 17205.8856
0.19 0.2 7 119.21 10366.2659
0.19 0.2 8 137.49 19476.7899
0.19 0.2 9 123.34 11127.7844
0.19 0.2 10 159.7 23221.67
0.19 0.2 11 164.32 27537.2176
0.19 0.2 12 200.73 32002.8571
0.19 0.2 13 230.94 45369.9964
0.19 0.2 14 204.62 45047.6556
0.19 0.2 15 244.36 49137.5904
0.19 0.2 16 243.38 46089.2956
0.19 0.2 17 318.62 93571.8556
0.19 0.2 18 271.94 76320.2964
0.19 0.2 19 299.36 71669.0704
0.2 0.21 0 79.68 6540.9776
0.2 0.21 1 82.09 8506.3819
0.2 0.21 2 116.76 10078.4824
0.2 0.21 3 107.88 8955.5656
0.2 0.21 4 138.76 14347.6424
0.2 0.21 5 135.13 12711.4131
0.2 0.21 6 137.0 19961.78
0.2 0.21 7 135.06 19198.1164
0.2 0.21 8 154.82 18251.7076
0.2 0.21 9 185.74 35330.5724
0.2 0.21 10 231.73 53968.1571
0.2 0.21 11 212.88 39635.5056
0.2 0.21 12 228.27 54034.5571
0.2 0.21 13 276.8 79291.36
0.2 0.21 14 311.84 116123.4544
0.2 0.21 15 293.22 59992.7516
0.2 0.21 16 303.79 68261.3459
0.2 0.21 17 356.77 150646.6971
0.2 0.21 18 426.18 160933.8476
0.2 0.21 19 361.08 131431.3536
0.21 0.22 0 72.61 6696.6579
0.21 0.22 1 118.94 18418.3164
0.21 0.22 2 109.55 14151.4675
0.21 0.22 3 99.66 7594.4444
0.21 0.22 4 126.45 10644.3875
0.21 0.22 5 126.64 14858.0904
0.21 0.22 6 134.94 18196.1964
0.21 0.22 7 177.38 32649.6556
0.21 0.22 8 167.77 33128.1371
0.21 0.22 9 188.22 34736.3516
0.21 0.22 10 219.36 44727.4104
0.21 0.22 11 236.53 54570.5091
0.21 0.22 12 280.2 57802.02
0.21 0.22 13 258.16 50584.1344
0.21 0.22 14 237.75 74527.8275
0.21 0.22 15 246.8 63701.66
0.21 0.22 16 271.84 75658.9144
0.21 0.22 17 380.72 165051.3216
0.21 0.22 18 307.55 77511.9875
0.21 0.22 19 311.14 97414.4804
0.22 0.23 0 80.7 9044.69
0.22 0.23 1 92.04 9491.3384
0.22 0.23 2 108.36 12720.9104
0.22 0.23 3 99.9 8830.25
0.22 0.23 4 115.54 9274.0484
0.22 0.23 5 143.98 18004.4996
0.22 0.23 6 134.14 15441.1604
0.22 0.23 7 147.74 24117.5324
0.22 0.23 8 165.72 32022.3816
0.22 0.23 9 173.21 43854.0859
0.22 0.23 10 197.5 37163.47
0.22 0.23 11 186.44 41192.9464
0.22 0.23 12 228.79 63677.6659
0.22 0.23 13 292.08 87388.8536
0.22 0.23 14 247.95 58247.2275
0.22 0.23 15 374.67 126509.3811
0.22 0.23 16 285.66 81179.3044
0.22 0.23 17 287.77 64219.4571
0.22 0.23 18 316.88 101062.7256
0.22 0.23 19 294.55 91688.8275
0.23 0.24 0 73.75 4268.8675
0.23 0.24 1 97.88 9457.9456
0.23 0.24 2 147.18 23080.0676
0.23 0.24 3 93.14 10289.7204
0.23 0.24 4 146.18 23571.6276
0.23 0.24 5 134.24 14055.6424
0.23 0.24 6 144.33 21434.2011
0.23 0.24 7 178.76 25029.2424
0.23 0.24 8 199.63 30001.0131
0.23 0.24 9 199.08 42153.3536
0.23 0.24 10 243.69 64587.7539
0.23 0.24 11 240.63 61574.4931
0.23 0.24 12 308.21 85778.1059
0.23 0.24 13 295.69 74379.4139
0.23 0.24 14 251.97 61288.0891
0.23 0.24 15 294.08 118383.6136
0.23 0.24 16 390.7 127496.71
0.23 0.24 17 358.64 131084.6904
0.23 0.24 18 389.26 169930.9524
0.23 0.24 19 403.94 203768.9564
0.24 0.25 0 81.98 6696.5196
0.24 0.25 1 98.68 8893.0576
0.24 0.25 2 157.39 25642.8379
0.24 0.25 3 108.51 9519.9299
0.24 0.25 4 126.0 15047.26
0.24 0.25 5 142.17 22339.5811
0.24 0.25 6 163.63 26721.1731
0.24 0.25 7 187.68 30513.3576
0.24 0.25 8 226.53 48124.6091
0.24 0.25 9 207.54 31448.2284
0.24 0.25 10 225.19 45938.4539
0.24 0.25 11 267.18 88422.5476
0.24 0.25 12 247.7 55817.49
0.24 0.25 13 309.86 91448.3404
0.24 0.25 14 317.38 96785.6756
0.24 0.25 15 349.84 125710.8144
0.24 0.25 16 402.94 116829.0564
0.24 0.25 17 335.21 109002.1859
0.24 0.25 18 375.43 117207.6651
0.24 0.25 19 394.37 134920.7731
0.25 0.26 0 70.32 4628.1176
0.25 0.26 1 79.24 5897.6024
0.25 0.26 2 105.67 15085.3611
0.25 0.26 3 82.14 6665.4204
0.25 0.26 4 72.72 4068.4616
0.25 0.26 5 65.0 3648.32
0.25 0.26 6 64.68 4722.6776
0.25 0.26 7 59.16 2704.9944
0.25 0.26 8 69.2 3503.7
0.25 0.26 9 90.63 9973.5731
0.25 0.26 10 84.41 6788.0619
0.25 0.26 11 71.27 5204.1171
0.25 0.26 12 96.0 6562.28
0.25 0.26 13 108.07 10200.3451
0.25 0.26 14 115.0 11124.14
0.25 0.26 15 115.19 10184.6339
0.25 0.26 16 98.92 6631.8536
0.25 0.26 17 139.35 13789.2075
0.25 0.26 18 158.84 26500.3744
0.25 0.26 19 144.02 13096.2996
0.26 0.27 0 76.96 5738.9784
0.26 0.27 1 89.2 5743.6
0.26 0.27 2 112.16 12493.4944
0.26 0.27 3 97.96 8480.5184
0.26 0.27 4 84.51 7519.5699
0.26 0.27 5 96.48 9977.2096
0.26 0.27 6 103.63 14281.2131
0.26 0.27 7 103.85 9971.9475
0.26 0.27 8 148.67 22596.5811
0.26 0.27 9 148.86 16041.6404
0.26 0.27 10 181.04 57313.0384
0.26 0.27 11 161.14 36455.7004
0.26 0.27 12 213.35 59969.4675
0.26 0.27 13 171.06 38195.0964
0.26 0.27 14 190.64 38464.5104
0.26 0.27 15 246.03 93297.9491
0.26 0.27 16 289.69 119341.1939
0.26 0.27 17 241.16 82327.6944
0.26 0.27 18 204.76 68756.3824
0.26 0.27 19 276.0 81974.22
0.27 0.28 0 89.09 5641.3019
0.27 0.28 1 86.34 10147.4444
0.27 0.28 2 110.82 11927.6076
0.27 0.28 3 102.04 7641.7584
0.27 0.28 4 94.8 11322.62
0.27 0.28 5 106.35 13014.5475
0.27 0.28 6 117.81 16853.5139
0.27 0.28 7 155.18 31281.3676
0.27 0.28 8 151.44 27809.6664
0.27 0.28 9 190.44 40173.8464
0.27 0.28 10 153.51 24589.2299
0.27 0.28 11 179.29 32703.9459
0.27 0.28 12 198.06 36476.7764
0.27 0.28 13 270.69 78754.7539
0.27 0.28 14 244.56 55121.6864
0.27 0.28 15 278.98 62323.3196
0.27 0.28 16 289.79 74512.5259
0.27 0.28 17 282.33 101036.5611
0.27 0.28 18 322.28 97415.3416
0.27 0.28 19 248.72 66396.4216
0.28 0.29 0 69.4 4202.38
0.28 0.29 1 80.57 4717.9651
0.28 0.29 2 131.07 18926.3251
0.28 0.29 3 86.98 6910.8596
0.28 0.29 4 99.81 7967.1539
0.28 0.29 5 96.95 8021.8475
0.28 0.29 6 115.09 14521.8619
0.28 0.29 7 107.58 13922.0036
0.28 0.29 8 116.1 11493.27
0.28 0.29 9 129.88 15014.9056
0.28 0.29 10 147.11 24923.2379
0.28 0.29 11 149.45 18228.5475
0.28 0.29 12 172.83 28702.0011
0.28 0.29 13 181.09 36738.6619
0.28 0.29 14 221.24 55629.2824
0.28 0.29 15 266.49 90352.5299
0.28 0.29 16 278.66 84925.8644
0.28 0.29 17 245.67 86253.1211
0.28 0.29 18 277.45 110430.1875
0.28 0.29 19 284.47 83509.1891
0.29 0.3 0 61.23 5698.1371
0.29 0.3 1 84.07 5662.8851
0.29 0.3 2 103.56 7260.9664
0.29 0.3 3 94.66 7470.0844
0.29 0.3 4 100.27 9501.5971
0.29 0.3 5 118.47 13039.4491
0.29 0.3 6 129.65 17157.4275
0.29 0.3 7 140.87 13831.6331
0.29 0.3 8 196.48 33453.0296
0.29 0.3 9 187.59 37445.7019
0.29 0.3 10 179.26 35175.8124
0.29 0.3 11 207.45 58570.0075
0.29 0.3 12 231.33 60816.6611
0.29 0.3 13 256.78 59752.4516
0.29 0.3 14 270.3 55124.79
0.29 0.3 15 276.04 76314.4984
0.29 0.3 16 295.48 102045.7096
0.29 0.3 17 317.26 97689.4524
0.29 0.3 18 375.24 153063.9624
0.29 0.3 19 341.65 150200.3275
0.3 0.31 0 70.18 3016.2676
0.3 0.31 1 92.33 11508.5611
0.3 0.31 2 97.26 8194.9124
0.3 0.31 3 112.09 9942.9019
0.3 0.31 4 135.14 14434.5004
0.3 0.31 5 113.1 11877.73
0.3 0.31 6 156.95 24655.2075
0.3 0.31 7 141.58 15339.7036
0.3 0.31 8 145.21 20358.4659
0.3 0.31 9 169.32 22155.9576
0.3 0.31 10 204.48 31574.9696
0.3 0.31 11 238.91 57021.7419
0.3 0.31 12 213.18 37846.1476
0.3 0.31 13 243.55 63631.5675
0.3 0.31 14 229.67 43259.2811
0.3 0.31 15 276.95 72504.9875
0.3 0.31 16 292.53 78311.1091
0.3 0.31 17 299.35 104562.9275
0.3 0.31 18 316.62 83264.0156
0.3 0.31 19 358.74 230311.4524
0.31 0.32 0 80.97 6476.6691
0.31 0.32 1 81.55 6260.1475
0.31 0.32 2 116.99 13214.5299
0.31 0.32 3 88.17 9790.6611
0.31 0.32 4 97.23 7907.5171
0.31 0.32 5 79.39 5025.6579
0.31 0.32 6 94.14 5423.3804
0.31 0.32 7 92.59 14495.7819
0.31 0.32 8 129.01 16235.2299
0.31 0.32 9 133.22 16322.8916
0.31 0.32 10 122.72 10564.6016
0.31 0.32 11 168.91 40694.1419
0.31 0.32 12 143.1 19279.63
0.31 0.32 13 149.51 21895.9699
0.31 0.32 14 210.71 35893.8259
0.31 0.32 15 186.53 36371.5291
0.31 0.32 16 207.94 39572.6564
0.31 0.32 17 226.17 42272.9411
0.31 0.32 18 246.38 53936.3956
0.31 0.32 19 221.78 51581.1916
0.32 0.33 0 72.82 5445.7276
0.32 0.33 1 83.3 5975.51
0.32 0.33 2 100.22 7583.1316
0.32 0.33 3 104.67 11294.1611
0.32 0.33 4 161.42 27598.2236
0.32 0.33 5 123.42 14135.0836
0.32 0.33 6 119.78 15047.1716
0.32 0.33 7 120.21 15368.5659
0.32 0.33 8 195.78 37881.5316
0.32 0.33 9 210.79 48969.2059
0.32 0.33 10 226.51 41993.9699
0.32 0.33 11 236.66 44042.7644
0.32 0.33 12 260.26 95877.4324
0.32 0.33 13 265.32 83599.0776
0.32 0.33 14 333.0 118380.24
0.32 0.33 15 313.3 84508.53
0.32 0.33 16 381.97 137270.5691
0.32 0.33 17 362.18 131996.0076
0.32 0.33 18 284.42 50385.3036
0.32 0.33 19 397.82 163896.1676
0.33 0.34 0 75.3 4957.69
0.33 0.34 1 88.28 5794.5416
0.33 0.34 2 110.41 10079.8819
0.33 0.34 3 100.88 8190.5056
0.33 0.34 4 149.88 21837.6256
0.33 0.34 5 138.59 24018.2619
0.33 0.34 6 166.81 26804.5539
0.33 0.34 7 156.8 28854.34
0.33 0.34 8 160.33 23712.0411
0.33 0.34 9 204.83 39413.6611
0.33 0.34 10 253.49 58069.4299
0.33 0.34 11 240.63 46191.6331
0.33 0.34 12 249.57 43358.6651
0.33 0.34 13 286.36 82086.8704
0.33 0.34 14 345.77 133468.4771
0.33 0.34 15 264.89 66145.8979
0.33 0.34 16 343.15 95031.4675
0.33 0.34 17 392.72 147574.5216
0.33 0.34 18 365.52 154812.0096
0.33 0.34 19 381.58 123407.9636
0.34 0.35 0 75.65 4321.1075
0.34 0.35 1 98.37 6271.1331
0.34 0.35 2 123.45 13783.3275
0.34 0.35 3 121.55 12829.3875
0.34 0.35 4 117.82 14070.8876
0.34 0.35 5 133.45 16266.3475
0.34 0.35 6 121.27 13687.5371
0.34 0.35 7 113.0 8237.1
0.34 0.35 8 131.41 17597.9419
0.34 0.35 9 177.78 21593.8116
0.34 0.35 10 180.15 32882.3075
0.34 0.35 11 224.03 45786.7291
0.34 0.35 12 178.52 22349.4896
0.34 0.35 13 192.49 46694.6099
0.34 0.35 14 256.82 61862.6876
0.34 0.35 15 250.76 97707.3224
0.34 0.35 16 279.55 93743.3675
0.34 0.35 17 286.81 76533.4739
0.34 0.35 18 334.31 162163.1539
0.34 0.35 19 328.88 138528.1656
0.35 0.36 0 86.27 5671.3571
0.35 0.36 1 89.66 10018.8044
0.35 0.36 2 118.23 8736.5371
0.35 0.36 3 131.06 18563.8364
0.35 0.36 4 109.53 10618.3891
0.35 0.36 5 139.53 19429.5491
0.35 0.36 6 145.85 18955.7475
0.35 0.36 7 198.62 34396.3956
0.35 0.36 8 207.86 40146.1404
0.35 0.36 9 254.82 67250.1076
0.35 0.36 10 263.57 55874.4251
0.35 0.36 11 297.76 68358.8224
0.35 0.36 12 261.19 71774.3339
0.35 0.36 13 266.95 76373.7675
0.35 0.36 14 289.32 116493.2776
0.35 0.36 15 366.61 135964.3979
0.35 0.36 16 336.93 116879.3851
0.35 0.36 17 365.94 125981.0164
0.35 0.36 18 440.39 201985.6979
0.35 0.36 19 360.63 169497.0531
0.36 0.37 0 70.53 5171.2691
0.36 0.37 1 96.62 7353.1556
0.36 0.37 2 114.52 15331.9096
0.36 0.37 3 108.43 13481.9251
0.36 0.37 4 108.97 14788.3491
0.36 0.37 5 121.92 13313.0936
0.36 0.37 6 116.23 14941.4771
0.36 0.37 7 151.35 25730.6275
0.36 0.37 8 177.09 29794.5819
0.36 0.37 9 213.8 35605.14
0.36 0.37 10 201.61 44587.1579
0.36 0.37 11 219.87 70417.7931
0.36 0.37 12 239.7 65338.67
0.36 0.37 13 243.49 89150.9499
0.36 0.37 14 253.01 76126.3699
0.36 0.37 15 274.68 79020.6776
0.36 0.37 16 296.54 104378.1084
0.36 0.37 17 386.34 161299.7444
0.36 0.37 18 383.74 116578.5524
0.36 0.37 19 311.22 87444.2516
0.37 0.38 0 71.93 6450.8851
0.37 0.38 1 102.85 11602.4875
0.37 0.38 2 121.25 18308.5475
0.37 0.38 3 102.07 12305.7651
0.37 0.38 4 102.27 10948.1371
0.37 0.38 5 86.54 5415.9684
0.37 0.38 6 80.22 4858.0516
0.37 0.38 7 81.76 5467.7424
0.37 0.38 8 94.13 6643.9931
0.37 0.38 9 114.04 11881.4184
0.37 0.38 10 109.94 8073.9164
0.37 0.38 11 119.63 8637.5131
0.37 0.38 12 128.57 14968.8651
0.37 0.38 13 124.89 14970.7779
0.37 0.38 14 153.56 25023.5464
0.37 0.38 15 151.43 20212.5651
0.37 0.38 16 187.45 42600.6275
0.37 0.38 17 152.42 15649.7036
0.37 0.38 18 184.51 51886.5099
0.37 0.38 19 168.0 23046.68
0.38 0.39 0 63.09 3933.8219
0.38 0.39 1 78.86 4212.2604
0.38 0.39 2 115.46 11548.6284
0.38 0.39 3 129.04 13007.4184
0.38 0.39 4 110.77 13248.3571
0.38 0.39 5 125.38 19194.5156
0.38 0.39 6 121.46 18016.1684
0.38 0.39 7 180.56 25538.6064
0.38 0.39 8 233.08 44472.5536
0.38 0.39 9 207.45 43698.5275
0.38 0.39 10 211.64 45732.4304
0.38 0.39 11 280.4 110562.8
0.38 0.39 12 249.67 60161.9211
0.38 0.39 13 248.46 68224.9684
0.38 0.39 14 305.93 96145.5251
0.38 0.39 15 298.05 85568.0875
0.38 0.39 16 372.84 174073.7544
0.38 0.39 17 380.71 162538.3259
0.38 0.39 18 338.7 147000.07
0.38 0.39 19 432.2 245515.72
0.39 0.4 0 71.67 5272.4011
0.39 0.4 1 79.06 6598.6364
0.39 0.4 2 124.1 13495.77
0.39 0.4 3 128.19 19762.8539
0.39 0.4 4 145.23 19933.0171
0.39 0.4 5 130.98 15078.1396
0.39 0.4 6 140.36 30508.0304
0.39 0.4 7 166.21 30654.2659
0.39 0.4 8 172.4 48732.1
0.39 0.4 9 227.67 48882.2611
0.39 0.4 10 211.96 34930.5984
0.39 0.4 11 257.09 66625.8219
0.39 0.4 12 268.27 52669.1171
0.39 0.4 13 255.4 78601.96
0.39 0.4 14 342.68 140476.1176
0.39 0.4 15 293.7 117766.37
0.39 0.4 16 318.1 112518.13
0.39 0.4 17 360.5 168360.27
0.39 0.4 18 418.98 220399.3396
0.39 0.4 19 420.74 175968.3124
0.4 0.41 0 69.68 5814.5576
0.4 0.41 1 86.22 5995.7516
0.4 0.41 2 134.2 14737.44
0.4 0.41 3 130.25 19237.5075
0.4 0.41 4 141.37 20560.5531
0.4 0.41 5 120.32 14492.5776
0.4 0.41 6 148.14 20172.8804
0.4 0.41 7 132.74 16089.3324
0.4 0.41 8 164.7 21623.07
0.4 0.41 9 209.15 47778.5475
0.4 0.41 10 208.58 56057.5036
0.4 0.41 11 205.86 62939.3404
0.4 0.41 12 183.31 45181.0739
0.4 0.41 13 260.02 110693.8996
0.4 0.41 14 312.88 119592.3256
0.4 0.41 15 326.56 122844.1264
0.4 0.41 16 251.17 62686.7611
0.4 0.41 17 278.24 83539.7224
0.4 0.41 18 289.76 120407.5624
0.4 0.41 19 337.87 92992.4931
0.41 0.42 0 67.41 4541.0219
0.41 0.42 1 89.87 8407.5531
0.41 0.42 2 116.53 12497.2691
0.41 0.42 3 120.58 20605.1636
0.41 0.42 4 132.95 17532.9075
0.41 0.42 5 131.3 17432.63
0.41 0.42 6 159.68 24369.1776
0.41 0.42 7 181.86 32113.8604
0.41 0.42 8 166.19 46234.6739
0.41 0.42 9 207.62 47868.5756
0.41 0.42 10 247.49 67270.4099
0.41 0.42 11 213.71 45191.4859
0.41 0.42 12 234.39 58251.7779
0.41 0.42 13 298.34 105758.0244
0.41 0.42 14 308.36 101522.6304
0.41 0.42 15 329.16 95107.3744
0.41 0.42 16 327.33 138308.5811
0.41 0.42 17 286.02 79161.9996
0.41 0.42 18 412.82 155576.9276
0.41 0.42 19 360.8 120133.08
0.42 0.43 0 90.28 7541.2416
0.42 0.43 1 105.95 7197.2075
0.42 0.43 2 123.08 16845.3936
0.42 0.43 3 117.86 10978.2604
0.42 0.43 4 121.72 15603.6616
0.42 0.43 5 126.78 15357.5916
0.42 0.43 6 170.44 35412.9664
0.42 0.43 7 154.22 32120.0316
0.42 0.43 8 189.56 38847.8864
0.42 0.43 9 200.47 34210.6491
0.42 0.43 10 192.97 45817.3691
0.42 0.43 11 272.06 89571.7564
0.42 0.43 12 287.03 80327.1891
0.42 0.43 13 260.23 69298.4371
0.42 0.43 14 300.23 85752.2971
0.42 0.43 15 333.21 112609.3259
0.42 0.43 16 352.45 71324.5075
0.42 0.43 17 350.7 100646.05
0.42 0.43 18 396.36 198159.9504
0.42 0.43 19 344.77 169431.5371
0.43 0.44 0 63.39 4333.8179
0.43 0.44 1 103.34 10058.9644
0.43 0.44 2 119.44 10583.3664
0.43 0.44 3 106.34 12568.7644
0.43 0.44 4 100.51 9410.4499
0.43 0.44 5 122.48 15383.9096
0.43 0.44 6 133.69 17404.0739
0.43 0.44 7 127.7 16284.21
0.43 0.44 8 107.29 11416.8459
0.43 0.44 9 157.47 23853.3091
0.43 0.44 10 169.59 27863.4219
0.43 0.44 11 156.81 35050.4339
0.43 0.44 12 202.33 41889.6611
0.43 0.44 13 186.93 38448.1051
0.43 0.44 14 182.02 49155.0596
0.43 0.44 15 229.62 43387.0956
0.43 0.44 16 227.62 81790.8556
0.43 0.44 17 258.69 44119.5339
0.43 0.44 18 275.48 56227.1296
0.43 0.44 19 281.84 81986.3344
0.44 0.45 0 82.12 7049.2656
0.44 0.45 1 108.53 13885.2691
0.44 0.45 2 113.13 13455.3531
0.44 0.45 3 100.31 8393.0339
0.44 0.45 4 139.18 17515.2076
0.44 0.45 5 117.65 12509.2475
0.44 0.45 6 115.86 8860.9604
0.44 0.45 7 122.42 12432.0836
0.44 0.45 8 149.83 18918.1811
0.44 0.45 9 134.97 18661.2891
0.44 0.45 10 146.38 17089.0756
0.44 0.45 11 182.16 32821.0344
0.44 0.45 12 196.11 30551.6179
0.44 0.45 13 226.44 43860.1864
0.44 0.45 14 249.25 47149.2675
0.44 0.45 15 213.62 56793.7156
0.44 0.45 16 257.9 61301.77
0.44 0.45 17 245.03 46595.5891
0.44 0.45 18 261.28 69723.8616
0.44 0.45 19 270.22 66591.7516
0.45 0.46 0 80.31 6123.4339
0.45 0.46 1 109.56 9407.5264
0.45 0.46 2 124.2 12883.2
0.45 0.46 3 95.1 11054.47
0.45 0.46 4 125.99 11195.2899
0.45 0.46 5 130.18 19302.1476
0.45 0.46 6 94.36 8519.5504
0.45 0.46 7 157.58 17551.4436
0.45 0.46 8 183.14 33151.4604
0.45 0.46 9 230.22 50995.0516
0.45 0.46 10 185.03 26399.4091
0.45 0.46 11 258.98 64429.8596
0.45 0.46 12 265.8 61481.78
0.45 0.46 13 261.15 75027.5275
0.45 0.46 14 249.66 73635.4044
0.45 0.46 15 370.87 188173.2531
0.45 0.46 16 227.0 65583.64
0.45 0.46 17 270.66 97226.6444
0.45 0.46 18 372.88 153971.3856
0.45 0.46 19 388.26 143322.6324
0.46 0.47 0 69.3 4076.43
0.46 0.47 1 105.97 7767.7691
0.46 0.47 2 102.84 10221.0144
0.46 0.47 3 99.06 11262.3964
0.46 0.47 4 110.45 9789.0075
0.46 0.47 5 89.35 7917.6075
0.46 0.47 6 143.69 18772.4339
0.46 0.47 7 161.47 17828.7291
0.46 0.47 8 116.76 16994.6024
0.46 0.47 9 161.17 36221.7211
0.46 0.47 10 184.67 34403.3811
0.46 0.47 11 205.82 38367.0276
0.46 0.47 12 215.06 32048.8164
0.46 0.47 13 219.8 40416.42
0.46 0.47 14 247.69 48386.9739
0.46 0.47 15 277.75 58310.1675
0.46 0.47 16 277.62 93762.6756
0.46 0.47 17 271.1 44123.21
0.46 0.47 18 327.65 112602.9075
0.46 0.47 19 297.37 69029.1931
0.47 0.48 0 68.05 5177.4075
0.47 0.48 1 93.49 7434.5899
0.47 0.48 2 101.75 10763.0075
0.47 0.48 3 113.46 13981.8684
0.47 0.48 4 116.6 10207.7
0.47 0.48 5 100.38 8040.6556
0.47 0.48 6 120.78 11037.1516
0.47 0.48 7 115.5 12391.19
0.47 0.48 8 148.6 21658.6
0.47 0.48 9 174.8 29307.22
0.47 0.48 10 170.3 30789.83
0.47 0.48 11 183.48 23410.1496
0.47 0.48 12 180.12 24300.0656
0.47 0.48 13 189.13 31104.0331
0.47 0.48 14 189.34 28643.8044
0.47 0.48 15 224.8 42662.48
0.47 0.48 16 255.04 65508.0184
0.47 0.48 17 283.73 83595.2171
0.47 0.48 18 279.77 81377.5771
0.47 0.48 19 339.27 107573.2571
0.48 0.49 0 82.14 4589.6604
0.48 0.49 1 96.03 8186.6491
0.48 0.49 2 96.55 7539.2075
0.48 0.49 3 105.59 15240.2819
0.48 0.49 4 82.39 6526.0379
0.48 0.49 5 114.39 12470.3579
0.48 0.49 6 118.84 16262.7144
0.48 0.49 7 107.61 12966.5979
0.48 0.49 8 157.07 30237.2251
0.48 0.49 9 141.59 18714.7819
0.48 0.49 10 164.05 22285.7675
0.48 0.49 11 196.7 29810.43
0.48 0.49 12 226.41 53953.7419
0.48 0.49 13 199.4 35162.22
0.48 0.49 14 227.62 55797.4156
0.48 0.49 15 264.57 70214.3451
0.48 0.49 16 262.35 58511.6675
0.48 0.49 17 286.42 88759.1836
0.48 0.49 18 292.93 92068.7851
0.48 0.49 19 339.53 171076.5091
0.49 0.5 0 82.13 4803.9131
0.49 0.5 1 116.65 13865.5275
0.49 0.5 2 122.93 17624.5251
0.49 0.5 3 102.04 8256.4184
0.49 0.5 4 97.21 6195.8059
0.49 0.5 5 86.26 7644.0724
0.49 0.5 6 89.18 7473.8276
0.49 0.5 7 107.23 8475.0971
0.49 0.5 8 117.07 14351.4651
0.49 0.5 9 117.38 12952.6356
0.49 0.5 10 182.99 25611.3099
0.49 0.5 11 166.33 26353.8211
0.49 0.5 12 229.39 53295.8379
0.49 0.5 13 198.32 30473.4576
0.49 0.5 14 262.44 78106.3864
0.49 0.5 15 203.79 54533.1059
0.49 0.5 16 242.2 52188.46
0.49 0.5 17 251.29 76843.2059
0.49 0.5 18 224.12 33824.8256
0.49 0.5 19 316.31 103454.0539
0.5 0.51 0 59.24 3464.7824
0.5 0.51 1 131.04 15236.2384
0.5 0.51 2 113.43 14835.3851
0.5 0.51 3 102.13 9341.5731
0.5 0.51 4 63.56 3993.4264
0.5 0.51 5 61.38 3735.5956
0.5 0.51 6 72.93 6392.1251
0.5 0.51 7 64.45 4196.6075
0.5 0.51 8 80.3 5920.21
0.5 0.51 9 71.08 3664.7536
0.5 0.51 10 100.15 8992.2675
0.5 0.51 11 79.22 5939.2716
0.5 0.51 12 94.55 11149.1475
0.5 0.51 13 113.42 9986.8436
0.5 0.51 14 104.92 8643.0336
0.5 0.51 15 129.23 14365.7171
0.5 0.51 16 154.63 23518.4731
0.5 0.51 17 130.72 15117.8816
0.5 0.51 18 174.01 23967.5099
0.5 0.51 19 175.4 27025.18
0.51 0.52 0 56.38 2901.9756
0.51 0.52 1 111.12 9502.1256
0.51 0.52 2 133.89 16554.6379
0.51 0.52 3 128.54 12824.9084
0.51 0.52 4 104.76 18986.7224
0.51 0.52 5 103.88 9170.7456
0.51 0.52 6 133.38 24534.9356
0.51 0.52 7 155.78 37544.8716
0.51 0.52 8 164.76 39990.2624
0.51 0.52 9 156.02 21949.0196
0.51 0.52 10 217.64 84006.2104
0.51 0.52 11 219.91 46665.4419
0.51 0.52 12 265.99 94052.6499
0.51 0.52 13 257.61 89039.0579
0.51 0.52 14 291.28 181528.3616
0.51 0.52 15 302.73 136117.5571
0.51 0.52 16 314.77 126912.9571
0.51 0.52 17 388.84 257060.8744
0.51 0.52 18 364.37 220455.3531
0.51 0.52 19 400.89 272496.2179
0.52 0.53 0 76.13 5876.5931
0.52 0.53 1 134.84 21095.5544
0.52 0.53 2 118.6 11754.1
0.52 0.53 3 117.44 12070.6464
0.52 0.53 4 118.5 11818.67
0.52 0.53 5 125.29 19323.6659
0.52 0.53 6 120.96 18156.8784
0.52 0.53 7 144.41 28661.2619
0.52 0.53 8 210.73 58279.5571
0.52 0.53 9 172.99 29969.8499
0.52 0.53 10 222.44 63001.7264
0.52 0.53 11 207.62 52117.8556
0.52 0.53 12 255.91 79922.5419
0.52 0.53 13 257.8 58723.54
0.52 0.53 14 253.67 94587.9811
0.52 0.53 15 291.18 111968.4276
0.52 0.53 16 308.97 160257.0291
0.52 0.53 17 337.13 147861.3931
0.52 0.53 18 332.99 113077.0899
0.52 0.53 19 404.09 181392.5619
0.53 0.54 0 68.03 5092.2891
0.53 0.54 1 139.05 15350.6475
0.53 0.54 2 110.59 10621.4819
0.53 0.54 3 119.85 11982.3875
0.53 0.54 4 121.38 15026.6756
0.53 0.54 5 116.12 16481.8456
0.53 0.54 6 125.32 21158.8776
0.53 0.54 7 118.53 24229.3691
0.53 0.54 8 133.04 18398.9784
0.53 0.54 9 149.92 45825.0736
0.53 0.54 10 179.93 46527.6651
0.53 0.54 11 153.69 30118.1539
0.53 0.54 12 196.76 52387.8824
0.53 0.54 13 240.09 81755.6819
0.53 0.54 14 216.6 60012.62
0.53 0.54 15 219.47 69300.4091
0.53 0.54 16 264.37 72589.4931
0.53 0.54 17 223.03 48307.5691
0.53 0.54 18 303.55 118339.9075
0.53 0.54 19 310.2 122765.48
0.54 0.55 0 68.4 5039.32
0.54 0.55 1 133.5 15418.39
0.54 0.55 2 121.41 15563.6219
0.54 0.55 3 73.29 5224.1459
0.54 0.55 4 122.16 15120.2944
0.54 0.55 5 143.34 20158.7644
0.54 0.55 6 147.13 24114.4731
0.54 0.55 7 149.95 27162.5275
0.54 0.55 8 162.04 22582.2984
0.54 0.55 9 191.47 39494.1091
0.54 0.55 10 223.79 56136.9459
0.54 0.55 11 215.9 56599.17
0.54 0.55 12 253.73 81590.7971
0.54 0.55 13 251.85 55754.8275
0.54 0.55 14 244.37 55754.8131
0.54 0.55 15 348.53 130245.5491
0.54 0.55 16 315.22 87242.2916
0.54 0.55 17 355.6 153774.44
0.54 0.55 18 391.57 174647.7651
0.54 0.55 19 437.28 207524.6416
0.55 0.56 0 61.28 3853.7816
0.55 0.56 1 118.7 17143.57
0.55 0.56 2 94.68 9300.9976
0.55 0.56 3 93.53 7978.1691
0.55 0.56 4 104.23 10622.8971
0.55 0.56 5 107.75 11138.1875
0.55 0.56 6 134.17 17061.1611
0.55 0.56 7 166.98 25696.3196
0.55 0.56 8 150.26 32953.5724
0.55 0.56 9 165.36 25647.8704
0.55 0.56 10 213.26 47558.0524
0.55 0.56 11 202.99 46576.0499
0.55 0.56 12 271.77 69810.6771
0.55 0.56 13 289.57 122425.2851
0.55 0.56 14 298.21 89867.1059
0.55 0.56 15 289.74 106466.6124
0.55 0.56 16 260.52 67104.6696
0.55 0.56 17 288.4 101435.86
0.55 0.56 18 316.71 128685.6859
0.55 0.56 19 346.37 121247.5931
0.56 0.57 0 71.65 4869.1475
0.56 0.57 1 145.38 22749.6156
0.56 0.57 2 125.75 11748.7275
0.56 0.57 3 99.38 7166.3756
0.56 0.57 4 104.18 9905.6476
0.56 0.57 5 97.01 11810.8699
0.56 0.57 6 98.49 8361.8899
0.56 0.57 7 84.45 4275.8875
0.56 0.57 8 100.24 10938.2224
0.56 0.57 9 117.48 13418.3296
0.56 0.57 10 134.02 17183.2396
0.56 0.57 11 150.1 30013.51
0.56 0.57 12 166.19 38836.0139
0.56 0.57 13 155.72 29428.7816
0.56 0.57 14 221.35 52685.9075
0.56 0.57 15 182.28 36196.8616
0.56 0.57 16 253.98 84549.2196
0.56 0.57 17 221.96 94043.1584
0.56 0.57 18 236.98 80619.8596
0.56 0.57 19 228.18 62341.7476
0.57 0.58 0 75.53 5518.4291
0.57 0.58 1 130.66 17799.3244
0.57 0.58 2 100.79 13097.9859
0.57 0.58 3 98.37 9957.7931
0.57 0.58 4 101.25 7166.8275
0.57 0.58 5 151.77 25116.0771
0.57 0.58 6 127.6 16109.48
0.57 0.58 7 170.04 31400.5784
0.57 0.58 8 169.66 27486.2644
0.57 0.58 9 205.75 42056.3675
0.57 0.58 10 249.28 61372.6216
0.57 0.58 11 243.09 44973.7419
0.57 0.58 12 269.47 73024.1691
0.57 0.58 13 273.32 88284.8176
0.57 0.58 14 307.94 97427.7364
0.57 0.58 15 331.63 132573.4531
0.57 0.58 16 376.73 184071.6771
0.57 0.58 17 369.99 185927.4499
0.57 0.58 18 378.48 187027.5896
0.57 0.58 19 400.89 276258.8579
0.58 0.59 0 78.21 5764.9459
0.58 0.59 1 143.04 17054.1784
0.58 0.59 2 96.95 8161.2275
0.58 0.59 3 94.91 10573.0019
0.58 0.59 4 110.17 14533.5011
0.58 0.59 5 132.54 19123.5284
0.58 0.59 6 174.97 23632.5491
0.58 0.59 7 168.95 21521.9075
0.58 0.59 8 202.09 59689.6619
0.58 0.59 9 169.52 38040.4496
0.58 0.59 10 210.58 31514.2036
0.58 0.59 11 206.14 36183.3404
0.58 0.59 12 259.82 52431.7676
0.58 0.59 13 215.65 51466.3275
0.58 0.59 14 318.95 155350.8075
0.58 0.59 15 332.82 114178.1676
0.58 0.59 16 312.96 102604.1784
0.58 0.59 17 394.37 265533.2731
0.58 0.59 18 385.45 168976.5275
0.58 0.59 19 353.15 127202.2875
0.59 0.6 0 66.45 3924.1875
0.59 0.6 1 111.51 11056.7899
0.59 0.6 2 107.07 10837.4051
0.59 0.6 3 113.02 22202.7196
0.59 0.6 4 112.17 14372.8811
0.59 0.6 5 113.09 14266.8019
0.59 0.6 6 122.03 17073.6691
0.59 0.6 7 114.36 12015.9904
0.59 0.6 8 132.54 21029.3884
0.59 0.6 9 143.51 26635.4099
0.59 0.6 10 175.99 39123.3299
0.59 0.6 11 161.84 29716.5944
0.59 0.6 12 205.6 49584.7
0.59 0.6 13 205.62 42764.5556
0.59 0.6 14 198.88 59323.5056
0.59 0.6 15 246.39 58256.0579
0.59 0.6 16 240.58 57017.5836
0.59 0.6 17 217.01 49129.4499
0.59 0.6 18 286.69 67762.6539
0.59 0.6 19 299.9 74589.31
0.6 0.61 0 74.96 5889.9784
0.6 0.61 1 127.32 18459.7976
0.6 0.61 2 100.26 8147.1524
0.6 0.61 3 117.0 13509.38
0.6 0.61 4 103.41 9003.3419
0.6 0.61 5 110.42 11292.4436
0.6 0.61 6 133.45 27557.9275
0.6 0.61 7 161.54 39749.4484
0.6 0.61 8 166.82 22299.2676
0.6 0.61 9 204.24 46174.7024
0.6 0.61 10 210.02 67133.9396
0.6 0.61 11 194.95 40916.0075
0.6 0.61 12 281.0 82912.36
0.6 0.61 13 249.64 92539.6104
0.6 0.61 14 276.73 106205.0171
0.6 0.61 15 293.92 72758.7536
0.6 0.61 16 328.65 150995.0675
0.6 0.61 17 330.98 121154.8396
0.6 0.61 18 379.05 136185.3275
0.6 0.61 19 380.45 124967.8075
0.61 0.62 0 69.74 3941.5124
0.61 0.62 1 125.34 12524.4044
0.61 0.62 2 99.21 9666.8259
0.61 0.62 3 103.46 12662.5484
0.61 0.62 4 90.34 9584.9244
0.61 0.62 5 94.11 7375.7379
0.61 0.62 6 135.7 17935.21
0.61 0.62 7 143.18 15789.6876
0.61 0.62 8 130.48 14156.3096
0.61 0.62 9 162.38 20227.0556
0.61 0.62 10 175.03 32195.6091
0.61 0.62 11 199.25 39093.4075
0.61 0.62 12 202.18 34373.2876
0.61 0.62 13 294.85 71699.5475
0.61 0.62 14 263.15 60896.1475
0.61 0.62 15 280.17 72055.8411
0.61 0.62 16 261.97 77586.3091
0.61 0.62 17 297.34 104103.2044
0.61 0.62 18 289.23 80232.1571
0.61 0.62 19 312.11 98275.3779
0.62 0.63 0 78.3 3798.93
0.62 0.63 1 128.38 13755.0956
0.62 0.63 2 105.55 8475.8875
0.62 0.63 3 96.98 10618.8196
0.62 0.63 4 97.87 11742.7931
0.62 0.63 5 65.7 4516.27
0.62 0.63 6 79.65 7218.7075
0.62 0.63 7 90.48 7223.9696
0.62 0.63 8 84.79 6802.4259
0.62 0.63 9 97.69 11858.1139
0.62 0.63 10 110.03 10916.1491
0.62 0.63 11 111.66 15912.9844
0.62 0.63 12 126.95 20687.6675
0.62 0.63 13 159.6 27646.58
0.62 0.63 14 143.88 23773.4456
0.62 0.63 15 140.66 19000.0644
0.62 0.63 16 178.99 31184.4299
0.62 0.63 17 150.39 21001.6179
0.62 0.63 18 200.56 65066.2464
0.62 0.63 19 180.29 29378.3259
0.63 0.64 0 80.06 6457.8564
0.63 0.64 1 152.78 22504.6516
0.63 0.64 2 105.99 9623.2699
0.63 0.64 3 147.29 21861.4859
0.63 0.64 4 131.08 13557.6736
0.63 0.64 5 140.9 22275.31
0.63 0.64 6 159.76 21532.8224
0.63 0.64 7 179.98 24864.0596
0.63 0.64 8 246.75 54844.6075
0.63 0.64 9 272.18 85706.0876
0.63 0.64 10 331.32 111513.3576
0.63 0.64 11 281.94 98521.1164
0.63 0.64 12 319.82 124898.5276
0.63 0.64 13 318.43 130478.0451
0.63 0.64 14 367.17 158706.2411
0.63 0.64 15 379.91 234423.0019
0.63 0.64 16 336.61 160963.3379
0.63 0.64 17 433.76 177016.0024
0.63 0.64 18 418.51 254807.1699
0.63 0.64 19 340.95 150436.9675
0.64 0.65 0 74.65 5025.2875
0.64 0.65 1 133.64 15003.0504
0.64 0.65 2 102.39 10671.7779
0.64 0.65 3 113.24 15607.9824
0.64 0.65 4 110.18 10828.4876
0.64 0.65 5 133.05 18033.7675
0.64 0.65 6 150.21 23894.7459
0.64 0.65 7 157.2 35988.16
0.64 0.65 8 182.58 37046.3236
0.64 0.65 9 171.41 32360.1019
0.64 0.65 10 208.41 53823.8419
0.64 0.65 11 231.34 66261.3644
0.64 0.65 12 241.62 72483.3756
0.64 0.65 13 279.6 102205.0
0.64 0.65 14 293.83 110930.1811
0.64 0.65 15 323.81 124278.2139
0.64 0.65 16 305.35 89094.1875
0.64 0.65 17 392.61 255097.6379
0.64 0.65 18 336.26 121096.4524
0.64 0.65 19 421.44 184539.4264
0.65 0.66 0 75.04 6015.9784
0.65 0.66 1 132.71 19434.2659
0.65 0.66 2 116.09 16497.7819
0.65 0.66 3 102.08 11494.8936
0.65 0.66 4 115.17 15340.0211
0.65 0.66 5 124.04 14382.1184
0.65 0.66 6 108.16 16393.7544
0.65 0.66 7 159.25 21208.0275
0.65 0.66 8 148.14 26341.1204
0.65 0.66 9 182.33 29223.5811
0.65 0.66 10 195.53 47267.8891
0.65 0.66 11 215.32 37863.7576
0.65 0.66 12 231.72 51178.7016
0.65 0.66 13 202.07 43556.1051
0.65 0.66 14 267.3 73537.11
0.65 0.66 15 267.13 100875.2331
0.65 0.66 16 263.96 86320.7184
0.65 0.66 17 295.12 132099.8256
0.65 0.66 18 331.6 175427.72
0.65 0.66 19 318.83 134913.9411
0.66 0.67 0 78.83 5409.2211
0.66 0.67 1 121.83 12076.6811
0.66 0.67 2 101.88 11206.2056
0.66 0.67 3 103.93 10415.1851
0.66 0.67 4 109.15 10171.7075
0.66 0.67 5 141.77 23569.8171
0.66 0.67 6 112.87 11899.7131
0.66 0.67 7 173.09 39429.6819
0.66 0.67 8 175.02 44078.1396
0.66 0.67 9 170.02 22293.1196
0.66 0.67 10 218.09 42739.4419
0.66 0.67 11 216.99 52597.8899
0.66 0.67 12 249.65 87324.8475
0.66 0.67 13 282.57 60924.7451
0.66 0.67 14 288.48 104990.6896
0.66 0.67 15 261.25 66286.5475
0.66 0.67 16 262.49 65309.3499
0.66 0.67 17 297.76 103754.5424
0.66 0.67 18 328.69 95303.2539
0.66 0.67 19 415.09 189690.9419
0.67 0.68 0 74.97 6519.9691
0.67 0.68 1 120.98 19032.8396
0.67 0.68 2 106.36 13753.8104
0.67 0.68 3 117.43 11070.3251
0.67 0.68 4 110.63 13965.5731
0.67 0.68 5 109.94 13625.5964
0.67 0.68 6 120.67 13081.2811
0.67 0.68 7 147.96 26198.2984
0.67 0.68 8 187.75 37807.5475
0.67 0.68 9 168.05 31996.9675
0.67 0.68 10 161.36 27454.2704
0.67 0.68 11 206.89 28828.7979
0.67 0.68 12 238.71 55952.1459
0.67 0.68 13 204.92 38968.3536
0.67 0.68 14 297.44 95644.3864
0.67 0.68 15 313.05 92476.7075
0.67 0.68 16 249.49 72957.2899
0.67 0.68 17 296.49 94258.9899
0.67 0.68 18 278.35 89037.0275
0.67 0.68 19 355.77 92381.7171
0.68 0.69 0 75.16 4025.9744
0.68 0.69 1 105.9 9487.43
0.68 0.69 2 117.02 21837.7796
0.68 0.69 3 77.62 6126.7956
0.68 0.69 4 89.4 7589.56
0.68 0.69 5 78.61 7166.5379
0.68 0.69 6 95.46 7299.7284
0.68 0.69 7 104.75 10689.8475
0.68 0.69 8 110.26 11534.1124
0.68 0.69 9 112.79 15120.6059
0.68 0.69 10 121.18 17169.9876
0.68 0.69 11 96.45 9606.6875
0.68 0.69 12 132.98 13574.5596
0.68 0.69 13 145.36 22768.8704
0.68 0.69 14 144.91 28863.2019
0.68 0.69 15 162.16 24030.2744
0.68 0.69 16 188.12 46257.7456
0.68 0.69 17 203.75 44441.9075
0.68 0.69 18 211.27 33977.2371
0.68 0.69 19 236.64 61829.9704
0.69 0.7 0 72.94 5157.5364
0.69 0.7 1 137.15 17711.0275
0.69 0.7 2 137.07 19942.5051
0.69 0.7 3 100.37 11394.0531
0.69 0.7 4 103.75 9586.0475
0.69 0.7 5 107.8 12924.98
0.69 0.7 6 104.88 9734.1256
0.69 0.7 7 102.33 11936.6611
0.69 0.7 8 127.14 14026.2404
0.69 0.7 9 119.97 19385.5091
0.69 0.7 10 127.09 18232.8619
0.69 0.7 11 167.66 32881.0044
0.69 0.7 12 181.97 28813.2291
0.69 0.7 13 187.59 39644.1019
0.69 0.7 14 227.04 62943.2584
0.69 0.7 15 230.11 56351.9979
0.69 0.7 16 233.67 45780.2811
0.69 0.7 17 256.76 67445.9424
0.69 0.7 18 268.11 62998.9379
0.69 0.7 19 258.97 83706.1891
0.7 0.71 0 94.77 8083.2171
0.7 0.71 1 116.12 15581.1056
0.7 0.71 2 117.99 23824.8699
0.7 0.71 3 96.33 8852.5811
0.7 0.71 4 99.47 11086.5491
0.7 0.71 5 90.81 6568.8939
0.7 0.71 6 125.11 18825.2979
0.7 0.71 7 121.55 12430.8275
0.7 0.71 8 133.18 21558.4276
0.7 0.71 9 166.0 32886.9
0.7 0.71 10 137.35 14700.3475
0.7 0.71 11 179.46 27047.4884
0.7 0.71 12 180.69 56222.7539
0.7 0.71 13 211.24 45523.3424
0.7 0.71 14 206.57 35506.2051
0.7 0.71 15 236.41 63125.5219
0.7 0.71 16 249.96 57847.6984
0.7 0.71 17 290.34 94854.9844
0.7 0.71 18 282.68 69385.3176
0.7 0.71 19 298.6 94176.6
0.71 0.72 0 83.23 6041.0371
0.71 0.72 1 118.78 17248.9516
0.71 0.72 2 126.41 24236.6019
0.71 0.72 3 96.32 10403.3376
0.71 0.72 4 92.83 12325.0811
0.71 0.72 5 77.99 4458.8299
0.71 0.72 6 76.58 5874.5836
0.71 0.72 7 91.13 7498.5531
0.71 0.72 8 116.7 11262.63
0.71 0.72 9 131.57 15287.2451
0.71 0.72 10 128.52 13392.8696
0.71 0.72 11 156.91 26545.6019
0.71 0.72 12 147.06 19763.0164
0.71 0.72 13 159.42 20573.2236
0.71 0.72 14 179.06 31312.0764
0.71 0.72 15 187.37 33094.2931
0.71 0.72 16 198.74 38839.6124
0.71 0.72 17 217.21 42584.2459
0.71 0.72 18 280.52 68849.5496
0.71 0.72 19 251.92 69760.7936
0.72 0.73 0 73.55 3624.6475
0.72 0.73 1 115.81 17440.5939
0.72 0.73 2 100.74 8635.1324
0.72 0.73 3 85.29 6150.0059
0.72 0.73 4 80.24 6256.5224
0.72 0.73 5 86.73 7058.1571
0.72 0.73 6 93.24 9055.7624
0.72 0.73 7 95.64 7572.0304
0.72 0.73 8 96.01 8140.1299
0.72 0.73 9 111.35 12451.0275
0.72 0.73 10 135.61 14160.9379
0.72 0.73 11 163.22 28473.0316
0.72 0.73 12 165.51 29135.2699
0.72 0.73 13 172.03 30950.6691
0.72 0.73 14 171.92 24846.0536
0.72 0.73 15 198.51 35988.3499
0.72 0.73 16 229.91 37370.3619
0.72 0.73 17 207.05 55440.5275
0.72 0.73 18 201.52 29655.3896
0.72 0.73 19 252.94 63289.3364
0.73 0.74 0 63.56 3973.4264
0.73 0.74 1 94.45 8378.2475
0.73 0.74 2 110.92 14747.1536
0.73 0.74 3 86.43 6223.1651
0.73 0.74 4 76.93 6276.1051
0.73 0.74 5 86.29 5369.5259
0.73 0.74 6 69.58 4073.9836
0.73 0.74 7 85.9 7060.95
0.73 0.74 8 97.95 8620.6275
0.73 0.74 9 107.51 13053.9899
0.73 0.74 10 127.14 16918.7804
0.73 0.74 11 131.16 13172.3744
0.73 0.74 12 141.01 23917.5299
0.73 0.74 13 146.11 21370.3579
0.73 0.74 14 161.98 28398.5396
0.73 0.74 15 131.72 16444.8616
0.73 0.74 16 150.05 20674.8075
0.73 0.74 17 175.03 34465.7291
0.73 0.74 18 198.62 45430.3156
0.73 0.74 19 180.94 36851.8564
0.74 0.75 0 80.36 5629.0504
0.74 0.75 1 83.7 7311.89
0.74 0.75 2 95.8 7901.62
0.74 0.75 3 73.37 6784.1731
0.74 0.75 4 66.39 4209.1179
0.74 0.75 5 58.44 3651.8864
0.74 0.75 6 60.44 2987.6464
0.74 0.75 7 85.25 6578.4075
0.74 0.75 8 94.75 7086.7675
0.74 0.75 9 92.91 10666.1419
0.74 0.75 10 102.32 8365.9776
0.74 0.75 11 106.09 16206.5819
0.74 0.75 12 102.76 9529.7824
0.74 0.75 13 146.33 21110.4411
0.74 0.75 14 173.13 31849.7331
0.74 0.75 15 170.06 47833.5764
0.74 0.75 16 133.87 26621.7731
0.74 0.75 17 137.99 20007.3699
0.74 0.75 18 177.97 41132.3691
0.74 0.75 19 172.02 37501.5196
0.75 0.76 0 79.06 6823.1964
0.75 0.76 1 102.58 9100.4436
0.75 0.76 2 123.02 11934.9596
0.75 0.76 3 140.74 24005.2524
0.75 0.76 4 136.75 15611.1075
0.75 0.76 5 124.77 11900.2571
0.75 0.76 6 96.24 9043.5024
0.75 0.76 7 130.88 10486.3256
0.75 0.76 8 114.25 11838.1675
0.75 0.76 9 145.2 19825.06
0.75 0.76 10 147.87 16336.1931
0.75 0.76 11 185.42 27352.4036
0.75 0.76 12 203.6 42709.86
0.75 0.76 13 207.97 46477.8891
0.75 0.76 14 224.44 58035.6064
0.75 0.76 15 225.49 39152.2099
0.75 0.76 16 244.06 54330.1564
0.75 0.76 17 231.46 40817.4084
0.75 0.76 18 262.62 61360.5956
0.75 0.76 19 285.58 71428.2236
0.76 0.77 0 89.84 10339.2544
0.76 0.77 1 100.08 9232.7336
0.76 0.77 2 159.21 20537.1459
0.76 0.77 3 199.64 32876.1504
0.76 0.77 4 200.43 35583.1651
0.76 0.77 5 280.61 96414.2179
0.76 0.77 6 204.37 38570.7131
0.76 0.77 7 257.38 56417.5356
0.76 0.77 8 255.25 64448.7075
0.76 0.77 9 373.03 169804.2691
0.76 0.77 10 390.23 125565.4971
0.76 0.77 11 434.91 194450.5819
0.76 0.77 12 498.28 259523.0416
0.76 0.77 13 523.4 276463.94
0.76 0.77 14 464.19 269002.9539
0.76 0.77 15 562.27 327440.0571
0.76 0.77 16 539.81 382967.5139
0.76 0.77 17 637.79 403618.3259
0.76 0.77 18 796.29 910297.9259
0.76 0.77 19 704.94 605456.0564
0.77 0.78 0 67.22 4333.2916
0.77 0.78 1 113.54 16082.0684
0.77 0.78 2 159.67 24752.4811
0.77 0.78 3 176.62 41013.2956
0.77 0.78 4 171.95 32747.1875
0.77 0.78 5 249.23 74171.8571
0.77 0.78 6 242.51 70376.5299
0.77 0.78 7 254.29 79692.0259
0.77 0.78 8 348.17 138785.9211
0.77 0.78 9 369.25 164468.3875
0.77 0.78 10 337.01 123236.7299
0.77 0.78 11 358.74 167923.1324
0.77 0.78 12 437.59 137241.6219
0.77 0.78 13 497.16 246308.6144
0.77 0.78 14 477.69 329742.2939
0.77 0.78 15 501.04 198695.3184
0.77 0.78 16 586.87 279974.8531
0.77 0.78 17 657.33 370635.2811
0.77 0.78 18 688.56 360049.6864
0.77 0.78 19 723.39 529231.3179
0.78 0.79 0 81.22 5056.4316
0.78 0.79 1 104.37 15482.4931
0.78 0.79 2 144.2 18383.36
0.78 0.79 3 185.55 36555.8475
0.78 0.79 4 182.69 35933.7939
0.78 0.79 5 225.1 61217.59
0.78 0.79 6 172.85 25397.7875
0.78 0.79 7 215.18 52529.4876
0.78 0.79 8 236.71 62084.2259
0.78 0.79 9 267.03 57276.1291
0.78 0.79 10 253.5 59714.97
0.78 0.79 11 261.45 75337.3875
0.78 0.79 12 330.16 156488.3944
0.78 0.79 13 377.54 189503.1484
0.78 0.79 14 407.04 188971.2984
0.78 0.79 15 369.73 121125.9971
0.78 0.79 16 512.26 340220.5324
0.78 0.79 17 480.9 289144.51
0.78 0.79 18 431.1 178391.53
0.78 0.79 19 592.15 398598.8875
0.79 0.8 0 87.81 8177.9939
0.79 0.8 1 83.69 8934.8139
0.79 0.8 2 154.16 24997.6544
0.79 0.8 3 206.76 52360.3424
0.79 0.8 4 155.49 21726.7499
0.79 0.8 5 194.27 28239.2971
0.79 0.8 6 200.0 31147.28
0.79 0.8 7 256.98 76495.5596
0.79 0.8 8 342.16 93990.6544
0.79 0.8 9 269.69 90012.3739
0.79 0.8 10 363.73 128155.4971
0.79 0.8 11 347.27 170230.5571
0.79 0.8 12 335.94 100230.1364
0.79 0.8 13 365.04 125615.2184
0.79 0.8 14 465.55 236034.1075
0.79 0.8 15 563.73 334109.2371
0.79 0.8 16 622.16 443163.0744
0.79 0.8 17 520.12 259836.1056
0.79 0.8 18 465.39 177433.3979
0.79 0.8 19 743.37 540671.5731
0.8 0.81 0 73.39 4274.5579
0.8 0.81 1 103.05 10030.8475
0.8 0.81 2 156.6 29730.8
0.8 0.81 3 132.97 13330.9491
0.8 0.81 4 143.75 24135.3475
0.8 0.81 5 157.06 15384.8164
0.8 0.81 6 197.43 49198.7251
0.8 0.81 7 203.27 57937.6771
0.8 0.81 8 194.62 33451.2356
0.8 0.81 9 247.14 72446.9804
0.8 0.81 10 245.47 77549.5291
0.8 0.81 11 258.54 52126.8284
0.8 0.81 12 323.66 118641.7444
0.8 0.81 13 370.12 139744.3056
0.8 0.81 14 344.39 106351.6179
0.8 0.81 15 397.11 156452.4579
0.8 0.81 16 351.49 97302.3899
0.8 0.81 17 499.13 248226.5931
0.8 0.81 18 427.74 192413.9924
0.8 0.81 19 432.5 245222.49
0.81 0.82 0 73.51 5786.9099
0.81 0.82 1 106.89 10950.7779
0.81 0.82 2 133.15 16100.0675
0.81 0.82 3 147.61 24491.3579
0.81 0.82 4 134.93 17420.0651
0.81 0.82 5 135.38 21106.7356
0.81 0.82 6 140.01 16851.3099
0.81 0.82 7 151.55 27557.1275
0.81 0.82 8 174.3 27953.29
0.81 0.82 9 204.08 44666.6736
0.81 0.82 10 195.11 38251.5379
0.81 0.82 11 273.9 110442.81
0.81 0.82 12 274.2 64522.06
0.81 0.82 13 271.91 120885.0619
0.81 0.82 14 289.78 97612.7516
0.81 0.82 15 260.78 77221.9116
0.81 0.82 16 334.63 173830.3331
0.81 0.82 17 353.95 136520.4275
0.81 0.82 18 351.34 121479.9644
0.81 0.82 19 411.7 188460.53
0.82 0.83 0 85.5 6557.49
0.82 0.83 1 92.9 10059.25
0.82 0.83 2 108.69 14728.6939
0.82 0.83 3 171.82 34173.7676
0.82 0.83 4 205.15 51539.7275
0.82 0.83 5 244.32 61239.3176
0.82 0.83 6 258.96 91853.8184
0.82 0.83 7 258.32 93814.5976
0.82 0.83 8 268.11 109485.3579
0.82 0.83 9 320.99 91332.2699
0.82 0.83 10 328.95 126539.6675
0.82 0.83 11 412.9 118457.09
0.82 0.83 12 410.8 219932.24
0.82 0.83 13 530.17 279099.5211
0.82 0.83 14 436.69 157566.7139
0.82 0.83 15 559.41 272582.7619
0.82 0.83 16 477.22 228737.9116
0.82 0.83 17 521.98 304652.1796
0.82 0.83 18 728.52 521130.3696
0.82 0.83 19 641.21 393809.9859
0.83 0.84 0 69.45 3471.8275
0.83 0.84 1 97.47 10773.2691
0.83 0.84 2 131.86 16274.5004
0.83 0.84 3 151.62 23652.2756
0.83 0.84 4 179.53 27246.8091
0.83 0.84 5 224.14 57524.8604
0.83 0.84 6 182.68 32903.8176
0.83 0.84 7 225.45 55084.5075
0.83 0.84 8 267.55 71373.8275
0.83 0.84 9 283.11 92732.4179
0.83 0.84 10 341.02 130653.3796
0.83 0.84 11 382.73 144581.9171
0.83 0.84 12 323.0 127426.66
0.83 0.84 13 397.08 146422.3336
0.83 0.84 14 387.03 142757.0491
0.83 0.84 15 395.93 194352.7451
0.83 0.84 16 446.25 154184.4675
0.83 0.84 17 480.05 202462.8875
0.83 0.84 18 480.18 237273.8876
0.83 0.84 19 556.03 341187.6491
0.84 0.85 0 84.91 5624.8419
0.84 0.85 1 93.99 9789.4499
0.84 0.85 2 139.89 13397.4379
0.84 0.85 3 161.99 45858.8099
0.84 0.85 4 129.01 24796.2899
0.84 0.85 5 131.75 17652.8075
0.84 0.85 6 154.9 21902.13
0.84 0.85 7 169.75 33438.3475
0.84 0.85 8 196.74 37672.4924
0.84 0.85 9 211.22 40925.3316
0.84 0.85 10 233.26 74780.1524
0.84 0.85 11 274.35 81145.9675
0.84 0.85 12 226.49 46521.6899
0.84 0.85 13 273.84 74390.9744
0.84 0.85 14 298.43 83174.2851
0.84 0.85 15 361.35 132270.0675
0.84 0.85 16 338.5 131974.97
0.84 0.85 17 391.67 147827.0011
0.84 0.85 18 367.72 137433.5616
0.84 0.85 19 385.31 216674.9139
0.85 0.86 0 82.48 7306.7296
0.85 0.86 1 95.88 7220.0456
0.85 0.86 2 103.96 7493.7784
0.85 0.86 3 120.99 11566.8699
0.85 0.86 4 114.21 12356.0659
0.85 0.86 5 144.1 22413.57
0.85 0.86 6 184.97 31603.1691
0.85 0.86 7 218.07 46399.1051
0.85 0.86 8 240.7 59407.29
0.85 0.86 9 225.25 66356.2275
0.85 0.86 10 243.84 49599.7344
0.85 0.86 11 311.98 137769.7596
0.85 0.86 12 339.52 119765.9296
0.85 0.86 13 388.17 196823.4011
0.85 0.86 14 409.23 154744.2771
0.85 0.86 15 433.36 240106.7104
0.85 0.86 16 451.87 253628.1131
0.85 0.86 17 476.86 338533.0804
0.85 0.86 18 484.38 237712.2956
0.85 0.86 19 559.5 294697.07
0.86 0.87 0 66.95 4874.7275
0.86 0.87 1 118.24 13218.2424
0.86 0.87 2 123.81 12600.6539
0.86 0.87 3 121.23 17338.0171
0.86 0.87 4 117.77 13726.0371
0.86 0.87 5 105.66 14505.4844
0.86 0.87 6 111.08 12904.4536
0.86 0.87 7 130.7 13555.93
0.86 0.87 8 156.08 30848.9336
0.86 0.87 9 191.82 33706.0876
0.86 0.87 10 204.88 54174.9656
0.86 0.87 11 201.31 40248.2939
0.86 0.87 12 256.01 57189.8099
0.86 0.87 13 210.13 39837.2131
0.86 0.87 14 286.13 79764.4531
0.86 0.87 15 287.82 82769.1476
0.86 0.87 16 329.96 163541.2184
0.86 0.87 17 394.33 146436.4611
0.86 0.87 18 351.16 164830.3144
0.86 0.87 19 367.29 115441.7259
0.87 0.88 0 61.71 3446.7659
0.87 0.88 1 81.88 7225.9456
0.87 0.88 2 119.88 10619.3856
0.87 0.88 3 122.81 12634.7539
0.87 0.88 4 100.61 8424.3579
0.87 0.88 5 103.84 10528.9744
0.87 0.88 6 85.41 7581.0619
0.87 0.88 7 100.85 12818.6275
0.87 0.88 8 120.59 20271.5219
0.87 0.88 9 114.56 12787.9864
0.87 0.88 10 147.83 21778.4011
0.87 0.88 11 161.5 41003.01
0.87 0.88 12 153.68 19337.8376
0.87 0.88 13 172.0 36024.62
0.87 0.88 14 152.76 17242.8024
0.87 0.88 15 173.03 37873.7291
0.87 0.88 16 196.46 37807.8884
0.87 0.88 17 200.2 61727.9
0.87 0.88 18 195.34 61294.5444
0.87 0.88 19 228.94 61516.3364
0.88 0.89 0 64.64 4450.5504
0.88 0.89 1 96.07 10384.8251
0.88 0.89 2 102.36 8370.1504
0.88 0.89 3 193.82 52565.1476
0.88 0.89 4 224.25 60246.0675
0.88 0.89 5 222.81 74046.8139
0.88 0.89 6 244.92 64519.7536
0.88 0.89 7 268.92 78564.7536
0.88 0.89 8 328.33 97657.9411
0.88 0.89 9 383.14 231009.5004
0.88 0.89 10 355.52 155065.3096
0.88 0.89 11 403.74 177985.1524
0.88 0.89 12 517.26 328997.1724
0.88 0.89 13 560.32 354438.2176
0.88 0.89 14 580.08 423377.8936
0.88 0.89 15 634.46 455218.8684
0.88 0.89 16 566.81 494618.9339
0.88 0.89 17 603.19 414326.8739
0.88 0.89 18 712.46 606626.0684
0.88 0.89 19 816.41 725152.8419
0.89 0.9 0 78.57 4838.6851
0.89 0.9 1 76.62 6344.6356
0.89 0.9 2 124.96 16443.3584
0.89 0.9 3 128.81 20947.1739
0.89 0.9 4 182.2 40993.38
0.89 0.9 5 221.95 58020.0675
0.89 0.9 6 187.22 39235.9316
0.89 0.9 7 256.58 59395.8036
0.89 0.9 8 203.42 37372.2036
0.89 0.9 9 323.63 108578.2931
0.89 0.9 10 301.26 112126.7724
0.89 0.9 11 353.49 135297.6099
0.89 0.9 12 337.94 131010.5964
0.89 0.9 13 302.38 86481.2756
0.89 0.9 14 419.67 229285.8211
0.89 0.9 15 473.81 333114.6939
0.89 0.9 16 444.62 209244.2756
0.89 0.9 17 497.32 347442.5776
0.89 0.9 18 536.2 408486.8
0.89 0.9 19 502.71 335228.4259
0.9 0.91 0 85.0 6797.26
0.9 0.91 1 97.52 10720.5496
0.9 0.91 2 121.05 17834.9075
0.9 0.91 3 129.75 15934.1075
0.9 0.91 4 177.31 33951.3139
0.9 0.91 5 153.54 36969.5284
0.9 0.91 6 130.34 16091.0244
0.9 0.91 7 192.87 43657.3931
0.9 0.91 8 180.27 38444.4371
0.9 0.91 9 233.72 71197.0816
0.9 0.91 10 251.19 61508.4139
0.9 0.91 11 326.24 100021.3424
0.9 0.91 12 326.39 180600.5979
0.9 0.91 13 340.8 95482.7
0.9 0.91 14 329.87 116315.4331
0.9 0.91 15 367.24 156512.2024
0.9 0.91 16 369.14 164602.2804
0.9 0.91 17 418.32 198173.8776
0.9 0.91 18 437.75 175526.0875
0.9 0.91 19 471.17 206621.9811
0.91 0.92 0 74.17 3417.0811
0.91 0.92 1 92.29 7559.9459
0.91 0.92 2 140.99 20331.7499
0.91 0.92 3 114.45 18718.8675
0.91 0.92 4 136.63 17615.6131
0.91 0.92 5 165.68 29565.7576
0.91 0.92 6 192.38 30667.3956
0.91 0.92 7 212.46 35705.2884
0.91 0.92 8 167.29 21849.2659
0.91 0.92 9 203.53 39527.7691
0.91 0.92 10 230.55 61439.0675
0.91 0.92 11 230.12 43489.8256
0.91 0.92 12 282.72 92715.6816
0.91 0.92 13 295.37 113296.4731
0.91 0.92 14 327.53 126041.6491
0.91 0.92 15 353.32 199188.8576
0.91 0.92 16 317.74 109674.1524
0.91 0.92 17 444.41 234351.2419
0.91 0.92 18 350.42 127977.5636
0.91 0.92 19 439.69 205904.7939
0.92 0.93 0 67.43 5020.8251
0.92 0.93 1 84.97 8214.0891
0.92 0.93 2 104.05 9788.6075
0.92 0.93 3 111.03 15446.1491
0.92 0.93 4 141.43 17439.6651
0.92 0.93 5 140.87 21059.5331
0.92 0.93 6 170.41 43485.4819
0.92 0.93 7 166.68 33211.5776
0.92 0.93 8 180.92 31990.3336
0.92 0.93 9 240.4 62206.5
0.92 0.93 10 180.42 37580.5836
0.92 0.93 11 259.98 98964.1396
0.92 0.93 12 276.05 120865.4675
0.92 0.93 13 235.94 66040.1564
0.92 0.93 14 300.41 116622.4619
0.92 0.93 15 293.24 120614.6424
0.92 0.93 16 335.44 139220.7664
0.92 0.93 17 420.55 346332.3675
0.92 0.93 18 407.6 125875.34
0.92 0.93 19 385.77 164564.9371
0.93 0.94 0 66.88 4035.4856
0.93 0.94 1 85.46 7031.5284
0.93 0.94 2 112.95 10967.3475
0.93 0.94 3 90.09 7913.6219
0.93 0.94 4 101.54 7738.7684
0.93 0.94 5 87.54 9696.4284
0.93 0.94 6 98.95 13777.0675
0.93 0.94 7 94.52 9944.2496
0.93 0.94 8 137.75 21432.5675
0.93 0.94 9 132.1 16521.15
0.93 0.94 10 158.62 26154.6756
0.93 0.94 11 157.84 27298.5744
0.93 0.94 12 166.92 38217.6536
0.93 0.94 13 188.89 53040.6579
0.93 0.94 14 151.54 30365.9284
0.93 0.94 15 243.23 59434.3771
0.93 0.94 16 251.11 89098.3379
0.93 0.94 17 261.16 69305.9544
0.93 0.94 18 281.85 135314.7275
0.93 0.94 19 306.22 140488.7316
0.94 0.95 0 73.55 5464.9875
0.94 0.95 1 66.88 5400.2456
0.94 0.95 2 117.57 14472.9251
0.94 0.95 3 80.13 4334.9131
0.94 0.95 4 103.48 8973.4496
0.94 0.95 5 107.48 11597.1896
0.94 0.95 6 102.5 9725.77
0.94 0.95 7 95.8 8141.56
0.94 0.95 8 94.58 8551.5836
0.94 0.95 9 114.07 11063.0451
0.94 0.95 10 128.21 17603.2459
0.94 0.95 11 152.43 19531.2451
0.94 0.95 12 141.32 22399.6576
0.94 0.95 13 176.94 22892.7164
0.94 0.95 14 180.77 37862.3371
0.94 0.95 15 156.11 26091.3779
0.94 0.95 16 190.69 38047.3139
0.94 0.95 17 208.62 33308.3956
0.94 0.95 18 215.37 38232.7331
0.94 0.95 19 219.58 42376.7636
0.95 0.96 0 62.91 3736.5219
0.95 0.96 1 67.88 5209.9856
0.95 0.96 2 102.88 9041.2856
0.95 0.96 3 69.94 6210.5164
0.95 0.96 4 100.81 10879.0139
0.95 0.96 5 119.95 22446.7275
0.95 0.96 6 131.98 17135.9396
0.95 0.96 7 158.72 37270.0816
0.95 0.96 8 182.66 41498.8244
0.95 0.96 9 193.51 48113.7499
0.95 0.96 10 217.31 58114.7139
0.95 0.96 11 235.19 54121.8939
0.95 0.96 12 256.17 63235.6211
0.95 0.96 13 239.41 49998.9219
0.95 0.96 14 274.64 62302.3504
0.95 0.96 15 330.22 111264.3116
0.95 0.96 16 347.14 158570.7804
0.95 0.96 17 331.76 105647.5424
0.95 0.96 18 344.61 141779.0579
0.95 0.96 19 384.92 249588.7336
0.96 0.97 0 75.73 5231.3771
0.96 0.97 1 77.67 6436.4211
0.96 0.97 2 87.17 10741.1211
0.96 0.97 3 81.34 5531.1844
0.96 0.97 4 72.6 5900.7
0.96 0.97 5 87.3 7508.61
0.96 0.97 6 106.42 14133.8036
0.96 0.97 7 126.04 17750.1584
0.96 0.97 8 100.45 9752.1875
0.96 0.97 9 137.24 21531.2624
0.96 0.97 10 165.05 31801.8075
0.96 0.97 11 158.07 25496.1651
0.96 0.97 12 175.4 39351.3
0.96 0.97 13 183.39 33730.1379
0.96 0.97 14 256.32 62940.5176
0.96 0.97 15 212.18 48283.5276
0.96 0.97 16 224.13 43805.5331
0.96 0.97 17 249.26 82440.9124
0.96 0.97 18 282.04 91372.8384
0.96 0.97 19 262.47 86451.4291
0.97 0.98 0 65.3 4672.57
0.97 0.98 1 71.1 4660.25
0.97 0.98 2 88.81 10814.7339
0.97 0.98 3 80.76 6382.9624
0.97 0.98 4 72.26 4796.7124
0.97 0.98 5 59.0 2649.18
0.97 0.98 6 68.06 2901.2764
0.97 0.98 7 73.26 6383.9124
0.97 0.98 8 110.27 15983.8571
0.97 0.98 9 96.73 9195.1971
0.97 0.98 10 116.65 13194.8275
0.97 0.98 11 129.3 16451.39
0.97 0.98 12 108.22 7832.1716
0.97 0.98 13 151.91 24691.5619
0.97 0.98 14 142.31 16828.3339
0.97 0.98 15 167.54 31501.5484
0.97 0.98 16 158.45 21426.7675
0.97 0.98 17 157.55 25601.6875
0.97 0.98 18 195.12 34315.3656
0.97 0.98 19 181.37 26352.3931
0.98 0.99 0 75.52 4966.3696
0.98 0.99 1 78.32 6263.2576
0.98 0.99 2 80.87 8762.6531
0.98 0.99 3 60.42 3714.7836
0.98 0.99 4 66.15 7031.2675
0.98 0.99 5 71.35 4814.3475
0.98 0.99 6 80.07 5168.2051
0.98 0.99 7 89.62 10409.4756
0.98 0.99 8 102.7 10509.65
0.98 0.99 9 110.53 12293.7891
0.98 0.99 10 110.96 16007.2784
0.98 0.99 11 142.98 19559.3796
0.98 0.99 12 165.53 25734.7691
0.98 0.99 13 162.75 32053.4875
0.98 0.99 14 178.35 23354.4675
0.98 0.99 15 192.39 42167.0379
0.98 0.99 16 183.64 42522.6104
0.98 0.99 17 227.66 62731.4844
0.98 0.99 18 251.35 61258.5675
0.98 0.99 19 219.93 64726.2451
0.99 1.0 0 83.44 5440.2864
0.99 1.0 1 82.36 4906.3104
0.99 1.0 2 51.9 2344.11
0.99 1.0 3 40.06 1409.7364
0.99 1.0 4 30.79 742.7659
0.99 1.0 5 30.96 629.8984
0.99 1.0 6 32.39 1309.6579
0.99 1.0 7 42.0 1533.36
0.99 1.0 8 50.53 1681.1491
0.99 1.0 9 54.12 1976.4456
0.99 1.0 10 63.01 2645.4499
0.99 1.0 11 63.99 2898.3499
0.99 1.0 12 60.4 3096.94
0.99 1.0 13 72.3 5102.11
0.99 1.0 14 67.54 2713.7284
0.99 1.0 15 69.72 4240.4416
0.99 1.0 16 90.44 11816.6664
0.99 1.0 17 92.71 8753.8259
0.99 1.0 18 83.4 6449.36
0.99 1.0 19 107.34 8217.7844
