0.0 0.01 0 70.071 5198.269959
0.0 0.01 1 96.173 11255.683071
0.0 0.01 2 72.216 5520.979344
0.0 0.01 3 47.961 2033.555479
0.0 0.01 4 36.14 969.3204
0.0 0.01 5 27.714 375.636204
0.0 0.01 6 28.988 452.971856
0.0 0.01 7 32.807 648.701751
0.0 0.01 8 36.228 671.168016
0.0 0.01 9 39.489 881.217879
0.0 0.01 10 42.833 1043.177111
0.0 0.01 11 46.359 1551.118119
0.0 0.01 12 49.064 1443.787904
0.0 0.01 13 55.267 1773.289711
0.0 0.01 14 58.28 2226.4256
0.0 0.01 15 62.473 2374.955271
0.0 0.01 16 67.017 2667.972711
0.0 0.01 17 71.108 2719.816336
0.0 0.01 18 74.022 3541.989516
0.0 0.01 19 74.232 3398.320176
0.01 0.02 0 76.219 6026.337039
0.01 0.02 1 133.423 27135.704071
0.01 0.02 2 111.175 17508.636375
0.01 0.02 3 78.966 8206.006844
0.01 0.02 4 59.852 3564.382096
0.01 0.02 5 53.189 2021.009279
0.01 0.02 6 44.531 1048.855039
0.01 0.02 7 49.146 1458.118684
0.01 0.02 8 55.433 1783.627511
0.01 0.02 9 59.933 1869.276511
0.01 0.02 10 64.742 2412.701436
0.01 0.02 11 70.453 3069.347791
0.01 0.02 12 76.397 3188.641391
0.01 0.02 13 87.849 4476.770199
0.01 0.02 14 92.661 5031.168079
0.01 0.02 15 94.614 5411.133004
0.01 0.02 16 101.465 6204.920775
0.01 0.02 17 111.008 7504.161936
0.01 0.02 18 110.774 7551.988924
0.01 0.02 19 125.162 9088.875756
0.02 0.03 0 78.692 5510.673136
0.02 0.03 1 147.802 30322.532796
0.02 0.03 2 120.445 19918.158975
0.02 0.03 3 84.021 8519.886559
0.02 0.03 4 68.257 3870.494951
0.02 0.03 5 67.996 3955.767984
0.02 0.03 6 83.293 5046.857151
0.02 0.03 7 84.763 5281.928831
0.02 0.03 8 103.051 7719.192399
0.02 0.03 9 115.05 9061.4035
0.02 0.03 10 117.61 10808.3879
0.02 0.03 11 136.715 14708.771775
0.02 0.03 12 143.733 14436.379711
0.02 0.03 13 145.044 15543.536064
0.02 0.03 14 168.326 20818.861724
0.02 0.03 15 169.706 20679.635564
0.02 0.03 16 191.12 28889.0616
0.02 0.03 17 197.648 25942.322096
0.02 0.03 18 215.779 32738.484159
0.02 0.03 19 225.341 39773.464719
0.03 0.04 0 75.784 5502.765344
0.03 0.04 1 154.39 35237.3699
0.03 0.04 2 134.282 21358.476476
0.03 0.04 3 99.133 9470.069311
0.03 0.04 4 67.26 3745.1904
0.03 0.04 5 75.796 5588.904384
0.03 0.04 6 73.962 4750.488556
0.03 0.04 7 79.073 4816.091671
0.03 0.04 8 85.517 5462.249711
0.03 0.04 9 95.564 7009.823904
0.03 0.04 10 95.697 6384.137191
0.03 0.04 11 108.819 9441.280239
0.03 0.04 12 116.779 10244.546159
0.03 0.04 13 127.377 12323.606871
0.03 0.04 14 137.437 15801.414031
0.03 0.04 15 147.721 15811.695159
0.03 0.04 16 157.186 18553.479404
0.03 0.04 17 167.029 22498.034159
0.03 0.04 18 171.727 22150.236471
0.03 0.04 19 183.208 26230.276736
0.04 0.05 0 80.715 6084.339775
0.04 0.05 1 150.963 25417.265631
0.04 0.05 2 120.53 16921.4211
0.04 0.05 3 89.752 7756.282496
0.04 0.05 4 86.862 6183.720956
0.04 0.05 5 103.207 8866.102151
0.04 0.05 6 103.746 8503.133484
0.04 0.05 7 105.53 9005.3091
0.04 0.05 8 124.202 13416.761196
0.04 0.05 9 129.509 14348.129919
0.04 0.05 10 139.658 16940.963036
0.04 0.05 11 156.171 20797.743759
0.04 0.05 12 163.659 23122.690719
0.04 0.05 13 180.596 28928.486784
0.04 0.05 14 198.865 32029.220775
0.04 0.05 15 203.438 34329.220156
0.04 0.05 16 221.124 42738.510624
0.04 0.05 17 229.794 43214.853564
0.04 0.05 18 258.259 53934.027919
0.04 0.05 19 257.439 50541.988279
0.05 0.06 0 78.26 5927.6284
0.05 0.06 1 153.054 27306.845084
0.05 0.06 2 127.446 18206.609084
0.05 0.06 3 90.669 7031.041439
0.05 0.06 4 104.376 9339.116624
0.05 0.06 5 111.613 10536.351231
0.05 0.06 6 135.573 15241.104671
0.05 0.06 7 147.16 18230.2924
0.05 0.06 8 163.434 20950.935644
0.05 0.06 9 179.54 27160.2224
0.05 0.06 10 186.509 29144.133919
0.05 0.06 11 210.174 39567.373724
0.05 0.06 12 219.022 38100.667516
0.05 0.06 13 250.869 53595.365839
0.05 0.06 14 269.48 59989.6316
0.05 0.06 15 282.823 68746.507671
0.05 0.06 16 295.816 72611.884144
0.05 0.06 17 327.051 91769.226399
0.05 0.06 18 331.858 94548.195836
0.05 0.06 19 347.485 99672.349775
0.06 0.07 0 80.627 6432.053871
0.06 0.07 1 163.279 33772.969159
0.06 0.07 2 122.187 15397.192031
0.06 0.07 3 93.053 7544.934191
0.06 0.07 4 89.683 7373.872511
0.06 0.07 5 73.679 4994.609959
0.06 0.07 6 77.269 4335.942639
0.06 0.07 7 80.066 5033.165644
0.06 0.07 8 96.819 7609.638239
0.06 0.07 9 100.099 8028.527199
0.06 0.07 10 108.455 11050.869975
0.06 0.07 11 121.885 11961.133775
0.06 0.07 12 128.892 14783.740336
0.06 0.07 13 138.106 15364.846764
0.06 0.07 14 151.765 18758.751775
0.06 0.07 15 160.68 19929.9056
0.06 0.07 16 160.424 23026.562224
0.06 0.07 17 183.236 28078.652304
0.06 0.07 18 191.016 35787.539744
0.06 0.07 19 196.535 33344.036775
0.07 0.08 0 79.264 5390.874304
0.07 0.08 1 150.869 25192.121839
0.07 0.08 2 125.378 16383.607116
0.07 0.08 3 101.547 8171.015791
0.07 0.08 4 112.51 11130.0979
0.07 0.08 5 112.656 11717.749664
0.07 0.08 6 106.727 9832.596471
0.07 0.08 7 122.951 13379.368599
0.07 0.08 8 131.452 15212.671696
0.07 0.08 9 139.052 16476.663296
0.07 0.08 10 161.718 24172.066476
0.07 0.08 11 171.755 25573.996975
0.07 0.08 12 182.168 28223.729776
0.07 0.08 13 203.74 33460.1424
0.07 0.08 14 218.75 41807.8615
0.07 0.08 15 224.949 43238.580399
0.07 0.08 16 239.257 47670.350951
0.07 0.08 17 244.237 54203.488831
0.07 0.08 18 258.748 59581.644496
0.07 0.08 19 271.738 66401.693356
0.08 0.09 0 80.411 5747.228079
0.08 0.09 1 159.019 26895.350639
0.08 0.09 2 117.598 14380.876396
0.08 0.09 3 107.595 10022.990975
0.08 0.09 4 123.581 14263.915439
0.08 0.09 5 131.396 13701.341184
0.08 0.09 6 153.026 20584.263324
0.08 0.09 7 165.902 24376.418396
0.08 0.09 8 174.051 26510.136399
0.08 0.09 9 200.753 34146.597991
0.08 0.09 10 218.435 40949.543775
0.08 0.09 11 225.615 40417.422775
0.08 0.09 12 270.379 62417.527359
0.08 0.09 13 272.776 68310.009824
0.08 0.09 14 295.79 81497.7299
0.08 0.09 15 327.278 101738.504716
0.08 0.09 16 329.605 93090.896975
0.08 0.09 17 361.932 119356.183376
0.08 0.09 18 383.126 131118.730124
0.08 0.09 19 399.185 148593.430775
0.09 0.1 0 86.604 8154.913184
0.09 0.1 1 159.74 25075.5884
0.09 0.1 2 129.139 17587.343679
0.09 0.1 3 107.901 10641.693199
0.09 0.1 4 132.668 16072.625776
0.09 0.1 5 125.04 13043.6844
0.09 0.1 6 115.097 11626.651591
0.09 0.1 7 131.277 15971.020271
0.09 0.1 8 141.173 16950.449071
0.09 0.1 9 157.336 19912.913104
0.09 0.1 10 173.431 27312.677239
0.09 0.1 11 192.439 31044.742279
0.09 0.1 12 211.158 39694.493036
0.09 0.1 13 227.277 43189.514271
0.09 0.1 14 253.634 55287.584044
0.09 0.1 15 257.622 61984.619116
0.09 0.1 16 272.191 60324.008519
0.09 0.1 17 283.235 83748.413775
0.09 0.1 18 299.709 79027.118319
0.09 0.1 19 323.935 91669.028775
0.1 0.11 0 84.855 7532.715975
0.1 0.11 1 158.166 24959.684444
0.1 0.11 2 131.882 15618.710076
0.1 0.11 3 126.575 14762.708375
0.1 0.11 4 132.376 16483.130624
0.1 0.11 5 146.562 19195.100156
0.1 0.11 6 164.714 23343.114204
0.1 0.11 7 184.244 31663.166464
0.1 0.11 8 187.117 33552.579311
0.1 0.11 9 212.242 40967.397436
0.1 0.11 10 229.038 52759.234556
0.1 0.11 11 252.082 55613.443276
0.1 0.11 12 272.623 76461.886871
0.1 0.11 13 291.356 72084.379264
0.1 0.11 14 308.479 81153.951559
0.1 0.11 15 329.27 93101.7151
0.1 0.11 16 372.33 149078.1871
0.1 0.11 17 381.933 131089.474511
0.1 0.11 18 378.175 131152.098375
0.1 0.11 19 418.39 158808.4759
0.11 0.12 0 89.367 7131.902311
0.11 0.12 1 168.219 28673.609039
0.11 0.12 2 127.331 16776.057439
0.11 0.12 3 140.22 16584.0736
0.11 0.12 4 151.83 20053.9371
0.11 0.12 5 163.177 25578.773671
0.11 0.12 6 184.465 30965.908775
0.11 0.12 7 208.914 37635.998604
0.11 0.12 8 235.117 51931.055311
0.11 0.12 9 240.137 59279.764231
0.11 0.12 10 273.267 68454.353711
0.11 0.12 11 294.268 78091.282176
0.11 0.12 12 328.308 105131.927136
0.11 0.12 13 360.618 116846.634076
0.11 0.12 14 373.463 134153.034631
0.11 0.12 15 384.277 125897.004271
0.11 0.12 16 448.587 194780.886431
0.11 0.12 17 452.443 182714.302751
0.11 0.12 18 463.533 176716.748911
0.11 0.12 19 506.877 254518.555871
0.12 0.13 0 88.334 6946.806444
0.12 0.13 1 153.109 24958.991119
0.12 0.13 2 131.701 18555.741599
0.12 0.13 3 136.911 18504.881079
0.12 0.13 4 116.855 16550.355975
0.12 0.13 5 96.23 10859.5551
0.12 0.13 6 82.784 8168.381344
0.12 0.13 7 81.954 7888.781884
0.12 0.13 8 93.043 10489.425151
0.12 0.13 9 103.707 12658.205151
0.12 0.13 10 111.358 14567.693836
0.12 0.13 11 124.89 16443.0059
0.12 0.13 12 130.18 17643.9716
0.12 0.13 13 135.885 19745.389775
0.12 0.13 14 143.875 22876.635375
0.12 0.13 15 155.126 26997.134124
0.12 0.13 16 165.623 28493.768871
0.12 0.13 17 178.886 34325.545004
0.12 0.13 18 195.728 42389.540016
0.12 0.13 19 204.486 46347.015804
0.13 0.14 0 87.069 7255.048239
0.13 0.14 1 171.014 30428.989804
0.13 0.14 2 136.352 19521.360096
0.13 0.14 3 148.518 23056.049676
0.13 0.14 4 122.81 18827.0079
0.13 0.14 5 123.638 18483.832956
0.13 0.14 6 126.123 21475.011871
0.13 0.14 7 143.739 25030.382879
0.13 0.14 8 154.724 30026.815824
0.13 0.14 9 174.341 34659.150719
0.13 0.14 10 192.808 40962.929136
0.13 0.14 11 204.698 46937.748796
0.13 0.14 12 233.284 57997.135344
0.13 0.14 13 247.736 77059.870304
0.13 0.14 14 253.456 73151.920064
0.13 0.14 15 274.155 86155.918975
0.13 0.14 16 304.913 114247.783431
0.13 0.14 17 305.289 105499.613479
0.13 0.14 18 333.487 151990.399831
0.13 0.14 19 347.282 132821.024476
0.14 0.15 0 85.554 6281.733084
0.14 0.15 1 157.379 27687.239359
0.14 0.15 2 141.679 20432.189959
0.14 0.15 3 157.151 29387.102199
0.14 0.15 4 149.682 24680.704876
0.14 0.15 5 131.736 16808.730304
0.14 0.15 6 146.317 24374.386511
0.14 0.15 7 170.556 32038.350864
0.14 0.15 8 182.276 41028.287824
0.14 0.15 9 188.628 38924.603616
0.14 0.15 10 215.722 56925.216716
0.14 0.15 11 242.07 63275.9831
0.14 0.15 12 250.763 70878.584831
0.14 0.15 13 267.3 89149.526
0.14 0.15 14 301.218 99050.636476
0.14 0.15 15 295.992 103042.415936
0.14 0.15 16 317.251 115379.711999
0.14 0.15 17 340.432 133643.469376
0.14 0.15 18 375.403 161426.228591
0.14 0.15 19 385.806 165424.882364
0.15 0.16 0 85.58 7345.1596
0.15 0.16 1 152.523 23410.035471
0.15 0.16 2 145.373 23573.595871
0.15 0.16 3 178.438 32239.662156
0.15 0.16 4 150.967 24509.127911
0.15 0.16 5 140.68 19940.5156
0.15 0.16 6 133.624 19362.334624
0.15 0.16 7 145.212 20590.205056
0.15 0.16 8 165.498 29448.933996
0.15 0.16 9 184.512 35657.501856
0.15 0.16 10 200.142 42225.367836
0.15 0.16 11 220.427 51091.162671
0.15 0.16 12 237.793 60372.976151
0.15 0.16 13 244.502 65935.169996
0.15 0.16 14 261.215 68474.702775
0.15 0.16 15 298.45 93634.9555
0.15 0.16 16 301.284 102994.987344
0.15 0.16 17 332.63 110705.3371
0.15 0.16 18 336.251 117577.717999
0.15 0.16 19 333.308 129572.479136
0.16 0.17 0 87.261 7002.462879
0.16 0.17 1 158.111 25417.290679
0.16 0.17 2 162.844 25932.095664
0.16 0.17 3 168.132 29935.332576
0.16 0.17 4 166.324 26209.235024
0.16 0.17 5 191.021 42121.708559
0.16 0.17 6 202.85 39132.0175
0.16 0.17 7 222.689 51210.676279
0.16 0.17 8 239.711 64893.279479
0.16 0.17 9 268.425 72118.106375
0.16 0.17 10 288.521 85260.037559
0.16 0.17 11 305.456 95212.992064
0.16 0.17 12 327.739 109889.994879
0.16 0.17 13 354.387 142892.883231
0.16 0.17 14 383.473 156100.079271
0.16 0.17 15 412.902 182044.760396
0.16 0.17 16 429.574 212583.016524
0.16 0.17 17 450.752 216380.146496
0.16 0.17 18 504.53 255758.3551
0.16 0.17 19 568.205 347359.286975
0.17 0.18 0 86.989 7638.226879
0.17 0.18 1 139.94 22875.4084
0.17 0.18 2 166.711 28530.601479
0.17 0.18 3 190.335 35543.266775
0.17 0.18 4 191.412 35842.166256
0.17 0.18 5 218.382 46902.298076
0.17 0.18 6 205.731 42682.390639
0.17 0.18 7 249.039 66288.233479
0.17 0.18 8 279.213 87561.561631
0.17 0.18 9 307.222 97737.016716
0.17 0.18 10 329.718 110979.688476
0.17 0.18 11 366.177 148389.457671
0.17 0.18 12 397.656 171036.883664
0.17 0.18 13 437.525 199575.265375
0.17 0.18 14 467.956 230643.634064
0.17 0.18 15 497.376 286311.612624
0.17 0.18 16 522.101 265823.222799
0.17 0.18 17 499.431 254585.267239
0.17 0.18 18 584.305 386561.577975
0.17 0.18 19 574.186 324293.675404
0.18 0.19 0 87.904 7856.888784
0.18 0.19 1 152.979 23295.440559
0.18 0.19 2 168.989 31428.842879
0.18 0.19 3 172.338 30410.133756
0.18 0.19 4 185.378 34977.773116
0.18 0.19 5 177.653 32811.012591
0.18 0.19 6 170.227 29463.721471
0.18 0.19 7 164.564 24300.859904
0.18 0.19 8 182.376 39706.144624
0.18 0.19 9 181.172 31958.292416
0.18 0.19 10 195.985 37054.372775
0.18 0.19 11 233.017 62547.118711
0.18 0.19 12 246.947 54990.198191
0.18 0.19 13 264.507 79034.625951
0.18 0.19 14 271.83 74609.9251
0.18 0.19 15 303.318 95496.582876
0.18 0.19 16 318.983 112113.770711
0.18 0.19 17 308.579 104902.863759
0.18 0.19 18 331.435 113184.061775
0.18 0.19 19 394.538 171164.010556
0.19 0.2 0 89.89 8239.4299
0.19 0.2 1 146.948 20115.753296
0.19 0.2 2 167.364 31310.183504
0.19 0.2 3 191.593 40847.843351
0.19 0.2 4 180.043 33182.131151
0.19 0.2 5 171.547 32350.665791
0.19 0.2 6 198.327 43576.996071
0.19 0.2 7 199.299 42699.025599
0.19 0.2 8 225.408 47571.357536
0.19 0.2 9 244.419 62840.415439
0.19 0.2 10 268.185 72890.816775
0.19 0.2 11 305.139 100573.893679
0.19 0.2 12 314.541 112066.446319
0.19 0.2 13 323.527 105809.367271
0.19 0.2 14 353.085 129363.217775
0.19 0.2 15 386.291 154375.896319
0.19 0.2 16 414.852 183203.526096
0.19 0.2 17 411.744 168045.590464
0.19 0.2 18 454.595 223639.616975
0.19 0.2 19 493.385 245184.170775
0.2 0.21 0 94.325 8161.343375
0.2 0.21 1 150.995 21945.054975
0.2 0.21 2 184.365 35827.991775
0.2 0.21 3 181.852 33052.006096
0.2 0.21 4 213.262 51433.195356
0.2 0.21 5 225.208 50812.624736
0.2 0.21 6 214.545 51741.215975
0.2 0.21 7 231.326 57549.449724
0.2 0.21 8 261.723 68039.178271
0.2 0.21 9 296.93 94992.1411
0.2 0.21 10 311.442 107144.128636
0.2 0.21 11 326.36 111525.5344
0.2 0.21 12 385.572 157627.248816
0.2 0.21 13 401.282 174743.304476
0.2 0.21 14 437.971 215996.872159
0.2 0.21 15 480.89 228373.3599
0.2 0.21 16 490.838 263066.099756
0.2 0.21 17 497.429 267931.782959
0.2 0.21 18 555.242 324247.287436
0.2 0.21 19 612.544 402360.330064
0.21 0.22 0 96.164 8017.207104
0.21 0.22 1 150.3 23943.666
0.21 0.22 2 173.183 31000.539511
0.21 0.22 3 199.359 39138.048119
0.21 0.22 4 228.944 53404.264864
0.21 0.22 5 240.785 55629.412775
0.21 0.22 6 259.397 67578.527391
0.21 0.22 7 263.19 73818.9179
0.21 0.22 8 286.85 83567.6475
0.21 0.22 9 293.192 90871.267136
0.21 0.22 10 323.112 113733.681456
0.21 0.22 11 343.006 129244.237964
0.21 0.22 12 371.837 154340.100431
0.21 0.22 13 426.518 189701.513676
0.21 0.22 14 431.839 187090.767079
0.21 0.22 15 459.014 220447.439804
0.21 0.22 16 488.854 241562.792684
0.21 0.22 17 534.689 306309.728279
0.21 0.22 18 561.893 307860.219551
0.21 0.22 19 582.016 336974.233744
0.22 0.23 0 91.301 8458.386399
0.22 0.23 1 141.931 19440.822239
0.22 0.23 2 194.296 39175.738384
0.22 0.23 3 208.442 44071.876636
0.22 0.23 4 244.372 58966.713616
0.22 0.23 5 240.127 56307.746871
0.22 0.23 6 267.734 70100.245244
0.22 0.23 7 302.334 100249.150444
0.22 0.23 8 314.45 109689.1535
0.22 0.23 9 343.872 130542.397616
0.22 0.23 10 377.352 147975.574096
0.22 0.23 11 419.333 178731.224111
0.22 0.23 12 465.766 232543.061244
0.22 0.23 13 485.509 247175.277919
0.22 0.23 14 519.552 300565.997296
0.22 0.23 15 539.964 339707.048704
0.22 0.23 16 604.833 401390.815111
0.22 0.23 17 622.544 397250.588064
0.22 0.23 18 695.686 512875.985404
0.22 0.23 19 677.054 469836.625084
0.23 0.24 0 91.61 8011.9559
0.23 0.24 1 140.029 17579.186159
0.23 0.24 2 200.202 43707.849196
0.23 0.24 3 225.494 54945.553964
0.23 0.24 4 256.442 73965.252636
0.23 0.24 5 319.809 104929.916519
0.23 0.24 6 277.418 80985.255276
0.23 0.24 7 318.823 109618.013671
0.23 0.24 8 354.014 136517.089804
0.23 0.24 9 376.186 150005.515404
0.23 0.24 10 436.174 211187.635724
0.23 0.24 11 456.845 229392.468975
0.23 0.24 12 506.34 265745.1224
0.23 0.24 13 546.897 320307.390391
0.23 0.24 14 561.342 330886.659036
0.23 0.24 15 603.907 393158.890351
0.23 0.24 16 648.916 383193.406944
0.23 0.24 17 686.244 511749.016464
0.23 0.24 18 699.016 490842.327744
0.23 0.24 19 798.608 704931.604336
0.24 0.25 0 93.52 8816.7316
0.24 0.25 1 148.835 23160.611775
0.24 0.25 2 214.334 46590.342444
0.24 0.25 3 231.036 54950.786704
0.24 0.25 4 265.75 80844.1635
0.24 0.25 5 325.999 101097.964999
0.24 0.25 6 365.6 135846.204
0.24 0.25 7 431.2 188930.756
0.24 0.25 8 494.741 264834.699919
0.24 0.25 9 548.852 317959.506096
0.24 0.25 10 575.152 344615.258896
0.24 0.25 11 638.003 390689.068991
0.24 0.25 12 718.831 547340.012439
0.24 0.25 13 766.419 578509.873439
0.24 0.25 14 758.533 558349.098911
0.24 0.25 15 866.334 727517.188444
0.24 0.25 16 919.517 885419.407711
0.24 0.25 17 963.466 1002628.98284
0.24 0.25 18 1002.867 1136612.72731
0.24 0.25 19 993.501 1115250.516
0.25 0.26 0 94.782 9104.974476
0.25 0.26 1 143.07 23485.7531
0.25 0.26 2 156.401 21882.182199
0.25 0.26 3 147.318 21700.830876
0.25 0.26 4 117.226 13726.402924
0.25 0.26 5 99.45 10351.9955
0.25 0.26 6 106.037 9599.655631
0.25 0.26 7 109.196 12912.259584
0.25 0.26 8 130.766 17772.105244
0.25 0.26 9 131.292 18829.906736
0.25 0.26 10 145.69 22369.5379
0.25 0.26 11 166.562 28133.336156
0.25 0.26 12 186.384 36806.746544
0.25 0.26 13 191.611 37798.807679
0.25 0.26 14 219.756 53125.818464
0.25 0.26 15 219.276 56711.711824
0.25 0.26 16 231.783 61719.207911
0.25 0.26 17 245.206 66383.757564
0.25 0.26 18 245.933 63512.546511
0.25 0.26 19 274.603 73663.983391
0.26 0.27 0 95.124 9564.192624
0.26 0.27 1 150.565 23030.949775
0.26 0.27 2 165.713 28580.070631
0.26 0.27 3 160.171 27851.887759
0.26 0.27 4 147.146 22652.118684
0.26 0.27 5 140.776 23170.807824
0.26 0.27 6 138.038 17884.894556
0.26 0.27 7 151.925 26401.653375
0.26 0.27 8 169.903 30519.485591
0.26 0.27 9 171.955 35211.974975
0.26 0.27 10 194.947 41314.692191
0.26 0.27 11 216.277 55769.430271
0.26 0.27 12 243.733 69009.419711
0.26 0.27 13 237.553 64430.695191
0.26 0.27 14 263.922 69158.945916
0.26 0.27 15 268.252 79826.092496
0.26 0.27 16 286.492 86394.503936
0.26 0.27 17 314.186 109220.149404
0.26 0.27 18 333.768 129762.196176
0.26 0.27 19 342.475 114832.299375
0.27 0.28 0 95.356 9125.739264
0.27 0.28 1 151.654 20006.846284
0.27 0.28 2 164.385 28370.978775
0.27 0.28 3 174.878 33708.409116
0.27 0.28 4 164.819 28461.380239
0.27 0.28 5 177.966 31433.354844
0.27 0.28 6 201.921 40185.744759
0.27 0.28 7 223.737 51683.401831
0.27 0.28 8 251.064 63945.103904
0.27 0.28 9 274.108 74005.098336
0.27 0.28 10 299.281 106156.506039
0.27 0.28 11 337.563 115170.214031
0.27 0.28 12 356.248 138625.998496
0.27 0.28 13 396.186 166477.361404
0.27 0.28 14 395.492 159513.247936
0.27 0.28 15 442.634 192077.354044
0.27 0.28 16 465.685 224375.695775
0.27 0.28 17 501.097 265241.055591
0.27 0.28 18 494.783 231481.141911
0.27 0.28 19 528.899 308045.150799
0.28 0.29 0 99.366 9599.276044
0.28 0.29 1 155.919 23535.600439
0.28 0.29 2 172.128 28001.535616
0.28 0.29 3 181.292 39396.348736
0.28 0.29 4 167.588 28614.006256
0.28 0.29 5 175.443 32506.352751
0.28 0.29 6 176.735 32521.926775
0.28 0.29 7 184.683 36461.868511
0.28 0.29 8 206.095 47139.553975
0.28 0.29 9 221.583 58011.893111
0.28 0.29 10 256.721 61812.915159
0.28 0.29 11 280.0 83306.826
0.28 0.29 12 305.216 101577.613344
0.28 0.29 13 304.427 96819.104671
0.28 0.29 14 344.265 130643.520775
0.28 0.29 15 357.587 137524.394431
0.28 0.29 16 384.837 165679.380431
0.28 0.29 17 410.645 198626.946975
0.28 0.29 18 433.1 185982.772
0.28 0.29 19 449.553 220101.435191
0.29 0.3 0 95.786 8788.912204
0.29 0.3 1 145.914 21171.042604
0.29 0.3 2 160.108 26016.048336
0.29 0.3 3 190.734 35995.379244
0.29 0.3 4 201.9 39388.926
0.29 0.3 5 209.998 48338.645996
0.29 0.3 6 216.951 49829.660599
0.29 0.3 7 252.505 65804.607975
0.29 0.3 8 255.76 66286.5164
0.29 0.3 9 284.081 92190.334439
0.29 0.3 10 307.431 91447.041239
0.29 0.3 11 356.034 140669.762844
0.29 0.3 12 371.456 149139.666064
0.29 0.3 13 405.725 186709.139375
0.29 0.3 14 432.315 209203.761775
0.29 0.3 15 455.568 218817.767376
0.29 0.3 16 499.247 255059.859991
0.29 0.3 17 497.488 274059.639856
0.29 0.3 18 526.653 304114.232591
0.29 0.3 19 617.573 395386.342671
0.3 0.31 0 93.494 8170.787964
0.3 0.31 1 147.159 22697.731719
0.3 0.31 2 181.868 32154.760576
0.3 0.31 3 194.718 42697.466476
0.3 0.31 4 220.131 52593.723839
0.3 0.31 5 244.805 63879.748975
0.3 0.31 6 281.817 80134.413511
0.3 0.31 7 314.332 103647.317776
0.3 0.31 8 339.229 121700.912559
0.3 0.31 9 368.868 142101.202576
0.3 0.31 10 405.27 174492.9271
0.3 0.31 11 439.696 190286.085584
0.3 0.31 12 491.453 236444.551791
0.3 0.31 13 518.758 280414.729436
0.3 0.31 14 533.197 298298.966191
0.3 0.31 15 576.141 416074.757119
0.3 0.31 16 628.483 449866.031711
0.3 0.31 17 659.537 503203.120631
0.3 0.31 18 739.869 577405.839839
0.3 0.31 19 773.624 619252.930624
0.31 0.32 0 97.052 9894.331296
0.31 0.32 1 150.938 23306.616156
0.31 0.32 2 173.098 33761.640396
0.31 0.32 3 200.58 42625.1416
0.31 0.32 4 207.382 41945.634076
0.31 0.32 5 172.39 29278.7199
0.31 0.32 6 167.446 30306.061084
0.31 0.32 7 183.88 34171.9016
0.31 0.32 8 205.662 46812.315756
0.31 0.32 9 235.104 59458.197184
0.31 0.32 10 265.667 82687.682111
0.31 0.32 11 285.54 96652.4524
0.31 0.32 12 303.641 105560.406119
0.31 0.32 13 328.677 115710.714671
0.31 0.32 14 360.857 134470.942551
0.31 0.32 15 382.282 157558.252476
0.31 0.32 16 406.808 190806.481136
0.31 0.32 17 420.202 197240.123196
0.31 0.32 18 418.931 172463.558239
0.31 0.32 19 455.797 221464.543791
0.32 0.33 0 92.845 8393.070975
0.32 0.33 1 158.808 24788.265136
0.32 0.33 2 166.832 31836.339776
0.32 0.33 3 203.743 46065.960951
0.32 0.33 4 207.116 44307.080544
0.32 0.33 5 216.974 46618.071324
0.32 0.33 6 222.226 51573.424924
0.32 0.33 7 245.768 65912.230176
0.32 0.33 8 254.108 71158.896336
0.32 0.33 9 296.056 91968.432864
0.32 0.33 10 310.81 111826.9619
0.32 0.33 11 344.834 134490.866444
0.32 0.33 12 379.778 148906.816716
0.32 0.33 13 408.336 170902.515104
0.32 0.33 14 435.425 204991.208375
0.32 0.33 15 501.04 263070.3524
0.32 0.33 16 481.942 252774.404636
0.32 0.33 17 531.4 299267.056
0.32 0.33 18 561.908 361286.009536
0.32 0.33 19 599.105 394454.737975
0.33 0.34 0 97.23 9704.8711
0.33 0.34 1 148.943 22188.285751
0.33 0.34 2 172.257 29849.260951
0.33 0.34 3 215.379 44059.499359
0.33 0.34 4 246.449 63980.609399
0.33 0.34 5 234.469 62464.709039
0.33 0.34 6 271.896 79384.395184
0.33 0.34 7 322.743 113236.712951
0.33 0.34 8 362.089 140340.651079
0.33 0.34 9 381.369 161806.048839
0.33 0.34 10 441.704 200132.644384
0.33 0.34 11 470.81 239364.2819
0.33 0.34 12 484.742 240963.123436
0.33 0.34 13 536.912 275902.256256
0.33 0.34 14 576.15 350547.1535
0.33 0.34 15 613.983 453135.182711
0.33 0.34 16 652.877 447818.579871
0.33 0.34 17 731.097 599776.255591
0.33 0.34 18 715.525 541995.215375
0.33 0.34 19 784.492 711230.867936
0.34 0.35 0 89.387 7922.817231
0.34 0.35 1 152.629 24080.307359
0.34 0.35 2 176.433 32369.663511
0.34 0.35 3 223.762 53712.389356
0.34 0.35 4 242.731 58272.798639
0.34 0.35 5 240.023 60041.496471
0.34 0.35 6 221.808 58717.953136
0.34 0.35 7 281.565 90799.571775
0.34 0.35 8 301.904 82135.928784
0.34 0.35 9 327.328 121516.814416
0.34 0.35 10 350.722 140577.592716
0.34 0.35 11 345.636 130072.655504
0.34 0.35 12 409.867 169767.407311
0.34 0.35 13 450.229 210219.012559
0.34 0.35 14 477.348 247290.672896
0.34 0.35 15 482.807 260160.931751
0.34 0.35 16 535.039 300427.509479
0.34 0.35 17 575.359 352727.356119
0.34 0.35 18 614.029 415420.624159
0.34 0.35 19 666.885 507864.103775
0.35 0.36 0 96.217 8805.319911
0.35 0.36 1 155.348 24223.678896
0.35 0.36 2 174.84 27202.8864
0.35 0.36 3 228.907 55963.878351
0.35 0.36 4 260.653 79027.722591
0.35 0.36 5 290.493 97233.895951
0.35 0.36 6 309.748 112260.832496
0.35 0.36 7 348.368 130249.256576
0.35 0.36 8 367.234 137114.351244
0.35 0.36 9 412.151 205815.300199
0.35 0.36 10 447.337 200301.215431
0.35 0.36 11 463.864 229036.127504
0.35 0.36 12 474.923 252172.789071
0.35 0.36 13 546.774 341873.730924
0.35 0.36 14 594.091 379200.748719
0.35 0.36 15 651.233 475593.856711
0.35 0.36 16 678.16 546517.6084
0.35 0.36 17 694.078 526994.817916
0.35 0.36 18 748.349 565646.001199
0.35 0.36 19 797.289 706376.131479
0.36 0.37 0 98.36 9002.6864
0.36 0.37 1 152.388 23013.597456
0.36 0.37 2 184.098 35801.958396
0.36 0.37 3 235.409 61539.591719
0.36 0.37 4 269.188 74145.130656
0.36 0.37 5 290.117 80838.559311
0.36 0.37 6 333.351 114923.635799
0.36 0.37 7 379.667 156760.328111
0.36 0.37 8 437.167 204523.323111
0.36 0.37 9 481.42 224553.1256
0.36 0.37 10 516.375 282092.456375
0.36 0.37 11 533.601 290265.453799
0.36 0.37 12 597.505 340972.053975
0.36 0.37 13 596.711 357184.181479
0.36 0.37 14 652.509 447076.351919
0.36 0.37 15 752.482 606418.151676
0.36 0.37 16 797.748 798471.250496
0.36 0.37 17 804.243 687827.261951
0.36 0.37 18 837.402 762533.264396
0.36 0.37 19 965.68 1124343.5036
0.37 0.38 0 95.56 9220.3004
0.37 0.38 1 133.763 17752.356831
0.37 0.38 2 148.589 22524.654079
0.37 0.38 3 182.842 34951.649036
0.37 0.38 4 170.082 27643.223276
0.37 0.38 5 140.367 17579.168311
0.37 0.38 6 131.813 18237.722031
0.37 0.38 7 137.161 18037.497079
0.37 0.38 8 142.965 19624.635775
0.37 0.38 9 157.117 24005.701311
0.37 0.38 10 174.163 29992.624431
0.37 0.38 11 193.351 38770.837799
0.37 0.38 12 217.167 44718.403111
0.37 0.38 13 219.725 43880.487375
0.37 0.38 14 240.533 55369.402911
0.37 0.38 15 246.396 67072.911184
0.37 0.38 16 270.009 68415.600919
0.37 0.38 17 288.655 85359.551975
0.37 0.38 18 306.754 87733.803484
0.37 0.38 19 309.926 84034.520524
0.38 0.39 0 90.965 7994.269775
0.38 0.39 1 119.745 13124.009975
0.38 0.39 2 136.372 18439.021616
0.38 0.39 3 139.513 20392.999831
0.38 0.39 4 135.644 17975.761264
0.38 0.39 5 126.664 15428.501104
0.38 0.39 6 155.916 25673.752944
0.38 0.39 7 170.089 27861.103079
0.38 0.39 8 183.067 32568.770511
0.38 0.39 9 204.337 52549.887431
0.38 0.39 10 227.039 49094.469479
0.38 0.39 11 241.626 57226.162124
0.38 0.39 12 276.046 89593.347884
0.38 0.39 13 289.185 90877.860775
0.38 0.39 14 294.698 81389.514796
0.38 0.39 15 314.144 99454.157264
0.38 0.39 16 351.919 125050.850439
0.38 0.39 17 376.301 142976.838399
0.38 0.39 18 378.953 136991.118791
0.38 0.39 19 399.487 163717.135831
0.39 0.4 0 86.454 8730.387884
0.39 0.4 1 129.135 15678.612775
0.39 0.4 2 139.908 18040.305536
0.39 0.4 3 153.152 24193.060896
0.39 0.4 4 147.44 22611.3444
0.39 0.4 5 149.764 21192.962304
0.39 0.4 6 165.249 29238.968999
0.39 0.4 7 187.347 38092.028591
0.39 0.4 8 189.523 36808.729471
0.39 0.4 9 216.394 47282.162764
0.39 0.4 10 231.787 51142.303631
0.39 0.4 11 253.265 73070.404775
0.39 0.4 12 274.009 79423.584919
0.39 0.4 13 295.519 89198.017639
0.39 0.4 14 310.504 97874.905984
0.39 0.4 15 343.51 110723.7759
0.39 0.4 16 371.393 126885.376551
0.39 0.4 17 377.854 136840.536684
0.39 0.4 18 387.881 152589.704839
0.39 0.4 19 430.628 184247.033616
0.4 0.41 0 90.242 8328.547436
0.4 0.41 1 121.956 14766.540064
0.4 0.41 2 132.883 18086.717311
0.4 0.41 3 164.202 27657.633196
0.4 0.41 4 159.809 25569.102519
0.4 0.41 5 154.323 23376.642671
0.4 0.41 6 141.974 21897.831324
0.4 0.41 7 158.126 23441.384124
0.4 0.41 8 178.89 37069.1879
0.4 0.41 9 196.503 37190.797991
0.4 0.41 10 206.54 42253.0104
0.4 0.41 11 227.383 46894.054311
0.4 0.41 12 247.05 60765.2535
0.4 0.41 13 268.706 64631.033564
0.4 0.41 14 281.515 81200.239775
0.4 0.41 15 291.737 87053.709831
0.4 0.41 16 325.019 104235.744639
0.4 0.41 17 337.491 114177.917919
0.4 0.41 18 369.223 131101.023271
0.4 0.41 19 360.086 122807.688604
0.41 0.42 0 92.614 8724.305004
0.41 0.42 1 126.9 15231.352
0.41 0.42 2 134.331 17289.255439
0.41 0.42 3 153.107 24198.207551
0.41 0.42 4 158.672 25411.548416
0.41 0.42 5 172.821 29956.570959
0.41 0.42 6 189.438 37522.132156
0.41 0.42 7 212.342 47785.687036
0.41 0.42 8 227.3 50937.474
0.41 0.42 9 247.192 65514.569136
0.41 0.42 10 290.235 89660.209775
0.41 0.42 11 298.795 93531.746975
0.41 0.42 12 323.732 110138.382176
0.41 0.42 13 358.773 137610.779471
0.41 0.42 14 390.346 153027.784284
0.41 0.42 15 418.543 184743.718151
0.41 0.42 16 425.966 218208.740844
0.41 0.42 17 430.765 215744.267775
0.41 0.42 18 499.651 253437.035199
0.41 0.42 19 513.395 256186.668975
0.42 0.43 0 89.908 7836.763536
0.42 0.43 1 116.097 13897.361591
0.42 0.43 2 137.998 19169.805996
0.42 0.43 3 158.334 24042.972444
0.42 0.43 4 186.039 35952.313479
0.42 0.43 5 179.651 30830.771199
0.42 0.43 6 206.806 45899.692364
0.42 0.43 7 220.526 45491.249324
0.42 0.43 8 222.383 46444.864311
0.42 0.43 9 254.18 65391.5836
0.42 0.43 10 272.596 73564.546784
0.42 0.43 11 299.405 98161.364975
0.42 0.43 12 296.218 86467.770476
0.42 0.43 13 350.243 120200.379951
0.42 0.43 14 353.688 130047.382656
0.42 0.43 15 381.514 145633.731804
0.42 0.43 16 406.194 170527.442364
0.42 0.43 17 445.317 202780.322511
0.42 0.43 18 478.922 239842.705916
0.42 0.43 19 510.538 255424.190556
0.43 0.44 0 88.473 7057.781271
0.43 0.44 1 130.966 15786.348844
0.43 0.44 2 141.141 20616.521119
0.43 0.44 3 162.352 24530.538096
0.43 0.44 4 181.379 38295.297359
0.43 0.44 5 155.805 23403.790975
0.43 0.44 6 151.708 23934.672736
0.43 0.44 7 160.11 24267.4779
0.43 0.44 8 177.878 30492.287116
0.43 0.44 9 183.594 33938.103164
0.43 0.44 10 194.499 40302.175999
0.43 0.44 11 215.366 45367.980044
0.43 0.44 12 249.987 57207.198831
0.43 0.44 13 246.135 64495.140775
0.43 0.44 14 274.474 77128.227324
0.43 0.44 15 293.805 87807.360975
0.43 0.44 16 304.985 90817.486775
0.43 0.44 17 321.644 115894.903264
0.43 0.44 18 328.999 107619.450999
0.43 0.44 19 371.752 129484.532496
0.44 0.45 0 92.139 8046.871679
0.44 0.45 1 125.708 15343.602736
0.44 0.45 2 143.286 20153.156204
0.44 0.45 3 162.079 25230.954759
0.44 0.45 4 179.291 32820.776319
0.44 0.45 5 185.481 36380.023639
0.44 0.45 6 193.921 38057.782759
0.44 0.45 7 214.955 45572.496975
0.44 0.45 8 238.275 51440.649375
0.44 0.45 9 247.214 67294.340204
0.44 0.45 10 278.267 86163.511711
0.44 0.45 11 317.72 105930.2216
0.44 0.45 12 333.359 110553.602119
0.44 0.45 13 342.343 128816.443351
0.44 0.45 14 369.027 145265.966271
0.44 0.45 15 374.86 139135.7264
0.44 0.45 16 411.963 177592.553631
0.44 0.45 17 451.6 198332.604
0.44 0.45 18 470.627 221121.037871
0.44 0.45 19 490.212 262610.133056
0.45 0.46 0 93.101 8293.210799
0.45 0.46 1 127.606 15330.438764
0.45 0.46 2 135.489 19203.761879
0.45 0.46 3 169.32 27830.7656
0.45 0.46 4 172.523 28968.519471
0.45 0.46 5 185.384 31467.734544
0.45 0.46 6 175.288 31822.849056
0.45 0.46 7 197.113 44359.510231
0.45 0.46 8 222.811 49422.713279
0.45 0.46 9 247.163 65463.788431
0.45 0.46 10 267.499 71113.707999
0.45 0.46 11 302.264 89875.084304
0.45 0.46 12 312.037 112116.189631
0.45 0.46 13 366.424 128633.778224
0.45 0.46 14 362.361 133235.276679
0.45 0.46 15 382.472 155888.125216
0.45 0.46 16 421.99 184575.1839
0.45 0.46 17 412.43 169793.6911
0.45 0.46 18 468.424 211595.440224
0.45 0.46 19 468.574 225497.562524
0.46 0.47 0 93.204 8323.750384
0.46 0.47 1 134.834 17569.688444
0.46 0.47 2 141.991 19210.634919
0.46 0.47 3 161.393 26461.812551
0.46 0.47 4 170.936 32731.655904
0.46 0.47 5 182.248 34916.634496
0.46 0.47 6 179.183 31576.587511
0.46 0.47 7 195.533 41682.038911
0.46 0.47 8 208.735 44417.224775
0.46 0.47 9 239.777 47357.641271
0.46 0.47 10 252.41 62916.1659
0.46 0.47 11 267.07 71206.0191
0.46 0.47 12 279.542 80799.452236
0.46 0.47 13 311.76 95095.3604
0.46 0.47 14 333.035 103602.299775
0.46 0.47 15 358.03 141325.2351
0.46 0.47 16 343.549 122303.671599
0.46 0.47 17 391.789 155037.014479
0.46 0.47 18 395.292 163097.116736
0.46 0.47 19 425.004 205202.381984
0.47 0.48 0 92.216 8994.661344
0.47 0.48 1 128.28 16244.8376
0.47 0.48 2 150.942 21600.842636
0.47 0.48 3 161.561 25208.234279
0.47 0.48 4 165.825 28045.476375
0.47 0.48 5 190.229 40193.696559
0.47 0.48 6 199.964 44857.058704
0.47 0.48 7 221.518 47868.563676
0.47 0.48 8 250.803 59466.566191
0.47 0.48 9 264.008 72049.097936
0.47 0.48 10 296.162 82542.351756
0.47 0.48 11 328.1 114276.238
0.47 0.48 12 333.796 116127.776384
0.47 0.48 13 383.44 128196.6364
0.47 0.48 14 402.21 174840.6259
0.47 0.48 15 419.579 182680.479759
0.47 0.48 16 474.607 241847.860551
0.47 0.48 17 512.476 291817.203424
0.47 0.48 18 532.078 269750.907916
0.47 0.48 19 535.493 292087.347951
0.48 0.49 0 89.432 7860.879376
0.48 0.49 1 125.373 14268.065871
0.48 0.49 2 146.13 24250.1331
0.48 0.49 3 168.089 28482.545079
0.48 0.49 4 165.718 24994.084476
0.48 0.49 5 176.102 34088.369596
0.48 0.49 6 175.716 29613.875344
0.48 0.49 7 188.851 31046.026799
0.48 0.49 8 197.259 40854.301919
0.48 0.49 9 238.986 56757.885804
0.48 0.49 10 232.352 51102.082096
0.48 0.49 11 249.271 67685.331559
0.48 0.49 12 290.481 82382.559639
0.48 0.49 13 323.949 123585.608399
0.48 0.49 14 330.325 116268.453375
0.48 0.49 15 351.455 123815.715975
0.48 0.49 16 388.82 163351.3836
0.48 0.49 17 392.045 169278.480975
0.48 0.49 18 423.789 181337.766479
0.48 0.49 19 449.704 226218.074384
0.49 0.5 0 91.538 8310.056556
0.49 0.5 1 126.108 17498.568336
0.49 0.5 2 150.387 23177.611231
0.49 0.5 3 171.656 30571.535664
0.49 0.5 4 156.098 25997.736396
0.49 0.5 5 163.18 23069.7876
0.49 0.5 6 165.017 26973.704711
0.49 0.5 7 173.992 30072.869936
0.49 0.5 8 200.131 40402.745839
0.49 0.5 9 209.108 46220.376336
0.49 0.5 10 243.893 61184.127551
0.49 0.5 11 250.11 70704.5199
0.49 0.5 12 279.104 81865.939184
0.49 0.5 13 292.106 91955.582764
0.49 0.5 14 311.172 111735.764416
0.49 0.5 15 348.145 131220.505975
0.49 0.5 16 345.318 114802.482876
0.49 0.5 17 376.858 150262.131836
0.49 0.5 18 415.091 170108.292719
0.49 0.5 19 429.544 168444.588064
0.5 0.51 0 87.146 7226.134684
0.5 0.51 1 142.8 23373.432
0.5 0.51 2 151.976 22956.003424
0.5 0.51 3 193.765 43701.273775
0.5 0.51 4 175.359 32810.606119
0.5 0.51 5 169.615 29455.824775
0.5 0.51 6 177.734 33576.027244
0.5 0.51 7 199.056 42926.866864
0.5 0.51 8 226.406 57979.699164
0.5 0.51 9 240.389 62169.769679
0.5 0.51 10 253.76 60636.1384
0.5 0.51 11 276.373 87503.861871
0.5 0.51 12 304.917 93690.704111
0.5 0.51 13 324.818 107938.676876
0.5 0.51 14 356.529 136570.781159
0.5 0.51 15 386.256 170900.982464
0.5 0.51 16 422.284 207496.133344
0.5 0.51 17 417.346 193708.076284
0.5 0.51 18 412.141 177277.713119
0.5 0.51 19 450.799 231346.004599
0.51 0.52 0 87.818 7598.616876
0.51 0.52 1 141.391 18617.278119
0.51 0.52 2 159.519 25839.351639
0.51 0.52 3 180.604 31593.511184
0.51 0.52 4 172.321 33037.901959
0.51 0.52 5 160.207 26746.372151
0.51 0.52 6 172.718 30299.762476
0.51 0.52 7 177.192 33335.501136
0.51 0.52 8 203.94 46309.4964
0.51 0.52 9 218.904 50491.426784
0.51 0.52 10 235.312 59796.598656
0.51 0.52 11 255.094 70476.949164
0.51 0.52 12 288.669 88189.441439
0.51 0.52 13 311.993 98985.284951
0.51 0.52 14 318.095 102757.809975
0.51 0.52 15 325.605 100443.266975
0.51 0.52 16 366.61 154511.5299
0.51 0.52 17 382.751 160230.904999
0.51 0.52 18 429.784 179750.319344
0.51 0.52 19 406.867 168239.481311
0.52 0.53 0 88.12 7749.3476
0.52 0.53 1 144.292 21522.350736
0.52 0.53 2 162.109 25408.587119
0.52 0.53 3 172.164 31314.479104
0.52 0.53 4 156.717 26506.360911
0.52 0.53 5 170.313 28004.715031
0.52 0.53 6 185.603 39490.099391
0.52 0.53 7 197.406 43720.101164
0.52 0.53 8 226.699 54375.554399
0.52 0.53 9 255.197 69240.720191
0.52 0.53 10 280.091 88788.722719
0.52 0.53 11 297.516 96472.993744
0.52 0.53 12 334.736 115925.480304
0.52 0.53 13 348.922 142454.321916
0.52 0.53 14 353.639 122319.470679
0.52 0.53 15 396.565 164901.505775
0.52 0.53 16 443.861 204811.843679
0.52 0.53 17 445.516 206058.565744
0.52 0.53 18 470.15 235921.1455
0.52 0.53 19 477.913 261917.587431
0.53 0.54 0 89.013 7171.712831
0.53 0.54 1 147.678 21347.572316
0.53 0.54 2 164.808 28359.491136
0.53 0.54 3 164.712 31546.339056
0.53 0.54 4 161.208 24569.230736
0.53 0.54 5 177.16 36300.7644
0.53 0.54 6 179.318 30682.710876
0.53 0.54 7 189.689 37922.930279
0.53 0.54 8 193.343 41315.575351
0.53 0.54 9 216.457 43693.468151
0.53 0.54 10 249.524 61230.313424
0.53 0.54 11 246.33 61766.4751
0.53 0.54 12 285.716 93493.775344
0.53 0.54 13 313.657 101649.937351
0.53 0.54 14 330.469 117052.051039
0.53 0.54 15 331.518 113490.733676
0.53 0.54 16 349.191 121818.936519
0.53 0.54 17 379.933 153934.168511
0.53 0.54 18 405.475 175917.545375
0.53 0.54 19 419.683 206062.476511
0.54 0.55 0 92.889 9357.646679
0.54 0.55 1 137.11 19233.0519
0.54 0.55 2 162.473 27050.393271
0.54 0.55 3 166.427 27840.358671
0.54 0.55 4 175.858 31919.509836
0.54 0.55 5 185.042 33222.086236
0.54 0.55 6 182.907 34202.162351
0.54 0.55 7 202.385 45260.430775
0.54 0.55 8 215.821 53355.136959
0.54 0.55 9 236.73 60659.6691
0.54 0.55 10 254.387 79538.507231
0.54 0.55 11 301.09 101015.4819
0.54 0.55 12 326.54 113422.4924
0.54 0.55 13 353.781 127988.675039
0.54 0.55 14 366.579 147306.921759
0.54 0.55 15 371.95 151835.7395
0.54 0.55 16 395.739 175694.298879
0.54 0.55 17 393.509 167259.155919
0.54 0.55 18 460.208 236322.206736
0.54 0.55 19 461.94 220367.1744
0.55 0.56 0 87.97 8232.8711
0.55 0.56 1 141.852 20493.352096
0.55 0.56 2 156.009 26912.534919
0.55 0.56 3 172.194 31786.148364
0.55 0.56 4 159.863 27556.980231
0.55 0.56 5 152.038 22328.374556
0.55 0.56 6 183.609 40886.266119
0.55 0.56 7 180.071 32461.409959
0.55 0.56 8 198.819 43407.352239
0.55 0.56 9 244.693 55897.488751
0.55 0.56 10 258.115 66804.323775
0.55 0.56 11 280.328 79588.608416
0.55 0.56 12 312.102 92723.507596
0.55 0.56 13 316.822 123300.168316
0.55 0.56 14 338.426 129317.904524
0.55 0.56 15 369.357 143497.593551
0.55 0.56 16 396.247 177615.745991
0.55 0.56 17 416.87 182026.8211
0.55 0.56 18 451.462 206003.182556
0.55 0.56 19 447.575 229151.996375
0.56 0.57 0 86.197 7405.560191
0.56 0.57 1 146.993 22163.816951
0.56 0.57 2 167.963 29164.289631
0.56 0.57 3 154.435 21543.427775
0.56 0.57 4 170.034 27543.306844
0.56 0.57 5 154.511 25968.055879
0.56 0.57 6 146.52 22305.3936
0.56 0.57 7 152.962 24127.710556
0.56 0.57 8 159.773 23694.155471
0.56 0.57 9 167.276 27086.695824
0.56 0.57 10 196.87 42534.8311
0.56 0.57 11 220.065 53540.684775
0.56 0.57 12 215.868 51181.594576
0.56 0.57 13 233.893 51865.827551
0.56 0.57 14 250.299 67091.373599
0.56 0.57 15 279.961 92248.815479
0.56 0.57 16 294.422 84795.049916
0.56 0.57 17 290.177 87101.727671
0.56 0.57 18 311.247 115994.497991
0.56 0.57 19 332.366 125100.494044
0.57 0.58 0 90.771 8322.390559
0.57 0.58 1 142.541 20809.102319
0.57 0.58 2 150.96 24628.9164
0.57 0.58 3 149.998 24521.385996
0.57 0.58 4 162.201 26044.406599
0.57 0.58 5 186.571 38528.790959
0.57 0.58 6 187.986 34624.323804
0.57 0.58 7 205.365 44368.009775
0.57 0.58 8 223.949 49048.700399
0.57 0.58 9 231.239 57168.973879
0.57 0.58 10 279.151 81058.616199
0.57 0.58 11 300.752 91546.120496
0.57 0.58 12 316.189 112669.159279
0.57 0.58 13 329.558 111503.500636
0.57 0.58 14 352.532 116150.798976
0.57 0.58 15 369.885 140553.483775
0.57 0.58 16 405.055 182348.325975
0.57 0.58 17 400.121 163038.414359
0.57 0.58 18 451.234 231292.675244
0.57 0.58 19 475.935 246871.008775
0.58 0.59 0 87.365 8159.417775
0.58 0.59 1 139.834 21673.656444
0.58 0.59 2 158.991 23995.676919
0.58 0.59 3 139.973 19323.050271
0.58 0.59 4 155.514 24219.413804
0.58 0.59 5 158.2 25982.2
0.58 0.59 6 189.412 40771.158256
0.58 0.59 7 209.763 47927.116831
0.58 0.59 8 240.078 56444.607916
0.58 0.59 9 257.014 76745.711804
0.58 0.59 10 279.015 77709.818775
0.58 0.59 11 306.845 102381.694975
0.58 0.59 12 340.616 124892.882544
0.58 0.59 13 351.942 112326.854636
0.58 0.59 14 344.173 123361.877071
0.58 0.59 15 372.42 151609.1416
0.58 0.59 16 411.112 187488.219456
0.58 0.59 17 426.14 207660.6764
0.58 0.59 18 470.348 225976.558896
0.58 0.59 19 505.394 233574.992764
0.59 0.6 0 87.028 7617.623216
0.59 0.6 1 145.653 20814.352591
0.59 0.6 2 162.239 26197.219879
0.59 0.6 3 146.419 21583.523439
0.59 0.6 4 135.02 18316.6676
0.59 0.6 5 141.787 20311.865631
0.59 0.6 6 136.55 19723.2535
0.59 0.6 7 139.6 19186.37
0.59 0.6 8 145.037 19154.461631
0.59 0.6 9 184.506 34333.261964
0.59 0.6 10 188.213 35163.037631
0.59 0.6 11 210.76 56307.5804
0.59 0.6 12 233.435 57383.053775
0.59 0.6 13 237.287 59671.720631
0.59 0.6 14 247.794 59664.817564
0.59 0.6 15 261.893 71222.787551
0.59 0.6 16 295.122 92003.369116
0.59 0.6 17 317.78 105427.2816
0.59 0.6 18 346.674 116729.085724
0.59 0.6 19 348.085 117094.025775
0.6 0.61 0 90.231 7265.507639
0.6 0.61 1 139.819 19376.176239
0.6 0.61 2 163.227 27084.937471
0.6 0.61 3 142.433 21421.805511
0.6 0.61 4 124.019 14342.180639
0.6 0.61 5 135.394 19281.994764
0.6 0.61 6 148.076 22703.812224
0.6 0.61 7 165.968 27815.748976
0.6 0.61 8 186.664 34218.585104
0.6 0.61 9 198.657 42081.517351
0.6 0.61 10 213.592 48324.211536
0.6 0.61 11 244.159 64614.875719
0.6 0.61 12 270.774 77556.756924
0.6 0.61 13 269.373 79913.997871
0.6 0.61 14 310.951 103719.726599
0.6 0.61 15 318.948 100352.999296
0.6 0.61 16 349.555 128258.716975
0.6 0.61 17 359.664 134875.639104
0.6 0.61 18 354.772 131601.872016
0.6 0.61 19 394.983 157170.722711
0.61 0.62 0 88.35 7542.0015
0.61 0.62 1 139.579 20536.801759
0.61 0.62 2 162.045 28745.156975
0.61 0.62 3 131.528 17069.337216
0.61 0.62 4 114.558 13276.078636
0.61 0.62 5 105.804 11475.985584
0.61 0.62 6 147.88 21229.7676
0.61 0.62 7 151.532 26190.366976
0.61 0.62 8 179.272 32527.686016
0.61 0.62 9 194.547 37554.227791
0.61 0.62 10 209.213 51589.325631
0.61 0.62 11 234.984 58077.115744
0.61 0.62 12 256.357 63579.553551
0.61 0.62 13 267.657 78918.599351
0.61 0.62 14 303.387 103788.469231
0.61 0.62 15 319.109 98882.847119
0.61 0.62 16 332.37 113811.2031
0.61 0.62 17 336.563 120104.830031
0.61 0.62 18 382.544 150292.958064
0.61 0.62 19 380.039 158909.863479
0.62 0.63 0 90.175 7966.078375
0.62 0.63 1 139.535 18001.714775
0.62 0.63 2 162.459 27061.310319
0.62 0.63 3 154.927 25029.943671
0.62 0.63 4 137.214 19980.958204
0.62 0.63 5 117.366 13227.668044
0.62 0.63 6 107.055 12533.175975
0.62 0.63 7 104.497 10663.001991
0.62 0.63 8 124.566 14204.861644
0.62 0.63 9 130.654 17743.998284
0.62 0.63 10 143.744 20408.532464
0.62 0.63 11 156.758 25933.351436
0.62 0.63 12 175.995 33579.628975
0.62 0.63 13 172.814 27566.609404
0.62 0.63 14 181.697 30503.133191
0.62 0.63 15 206.846 41006.652284
0.62 0.63 16 209.409 42969.377719
0.62 0.63 17 237.67 60408.6471
0.62 0.63 18 246.843 60138.934351
0.62 0.63 19 242.12 61763.1316
0.63 0.64 0 92.679 9005.025959
0.63 0.64 1 146.134 20340.036044
0.63 0.64 2 186.077 34600.911071
0.63 0.64 3 243.408 66772.147536
0.63 0.64 4 263.541 71763.750319
0.63 0.64 5 292.289 90395.181479
0.63 0.64 6 315.673 102214.154071
0.63 0.64 7 364.723 135189.020271
0.63 0.64 8 378.908 157591.693536
0.63 0.64 9 408.715 198662.065775
0.63 0.64 10 444.756 204038.270464
0.63 0.64 11 497.276 277540.135824
0.63 0.64 12 547.823 317897.475671
0.63 0.64 13 594.138 415553.310956
0.63 0.64 14 625.32 385443.3116
0.63 0.64 15 700.49 602007.0939
0.63 0.64 16 711.474 584255.587324
0.63 0.64 17 783.625 648678.682375
0.63 0.64 18 785.646 629697.564684
0.63 0.64 19 823.243 723136.103951
0.64 0.65 0 96.908 8583.515536
0.64 0.65 1 157.605 23733.176975
0.64 0.65 2 179.512 32943.713856
0.64 0.65 3 220.154 51530.220284
0.64 0.65 4 241.537 62446.274631
0.64 0.65 5 240.994 64774.673964
0.64 0.65 6 274.201 81779.142599
0.64 0.65 7 308.359 108268.000119
0.64 0.65 8 359.257 131656.556951
0.64 0.65 9 370.124 148315.000624
0.64 0.65 10 392.586 156597.888604
0.64 0.65 11 439.888 212260.441456
0.64 0.65 12 448.943 225548.925751
0.64 0.65 13 496.691 259154.761519
0.64 0.65 14 530.183 299699.105511
0.64 0.65 15 544.799 325704.026599
0.64 0.65 16 590.59 367027.2679
0.64 0.65 17 623.138 434297.538956
0.64 0.65 18 661.528 495125.269216
0.64 0.65 19 664.882 482690.236076
0.65 0.66 0 93.597 8556.206591
0.65 0.66 1 147.19 22573.6239
0.65 0.66 2 173.605 29473.426975
0.65 0.66 3 203.252 44665.336496
0.65 0.66 4 222.949 52705.636399
0.65 0.66 5 214.483 50522.385711
0.65 0.66 6 210.341 42348.646719
0.65 0.66 7 233.966 52297.694844
0.65 0.66 8 247.06 61131.4304
0.65 0.66 9 289.952 87941.039696
0.65 0.66 10 291.402 87292.778396
0.65 0.66 11 329.993 114830.870951
0.65 0.66 12 368.183 155056.091511
0.65 0.66 13 399.178 155770.796316
0.65 0.66 14 426.309 196452.793519
0.65 0.66 15 430.29 206558.1519
0.65 0.66 16 481.629 241852.985359
0.65 0.66 17 505.671 258672.110759
0.65 0.66 18 514.774 294580.822924
0.65 0.66 19 563.32 338427.7216
0.66 0.67 0 92.182 8222.374876
0.66 0.67 1 140.1 20156.088
0.66 0.67 2 171.915 32484.299775
0.66 0.67 3 192.666 36736.972444
0.66 0.67 4 206.739 38307.592879
0.66 0.67 5 247.694 64216.558364
0.66 0.67 6 282.823 84970.389671
0.66 0.67 7 291.97 91528.0291
0.66 0.67 8 318.036 116224.304704
0.66 0.67 9 365.43 158744.0571
0.66 0.67 10 376.776 152331.311824
0.66 0.67 11 435.526 211665.881324
0.66 0.67 12 464.569 233403.699239
0.66 0.67 13 506.424 259702.444224
0.66 0.67 14 512.161 275821.405079
0.66 0.67 15 553.615 306717.348775
0.66 0.67 16 623.119 482571.500839
0.66 0.67 17 626.696 426652.009584
0.66 0.67 18 680.752 483922.186496
0.66 0.67 19 689.788 546586.277056
0.67 0.68 0 92.191 8719.836519
0.67 0.68 1 147.491 22575.743919
0.67 0.68 2 166.132 25851.252576
0.67 0.68 3 192.432 38243.435376
0.67 0.68 4 196.115 40128.359775
0.67 0.68 5 188.876 37920.764624
0.67 0.68 6 214.785 46042.278775
0.67 0.68 7 225.23 59495.3631
0.67 0.68 8 241.881 61640.540839
0.67 0.68 9 271.38 79301.7636
0.67 0.68 10 301.068 86736.151376
0.67 0.68 11 301.592 90694.957536
0.67 0.68 12 356.58 125967.2076
0.67 0.68 13 369.446 140355.857084
0.67 0.68 14 406.541 174960.368319
0.67 0.68 15 412.58 163985.9676
0.67 0.68 16 438.678 196825.046316
0.67 0.68 17 454.395 212919.366975
0.67 0.68 18 471.102 250092.097596
0.67 0.68 19 509.321 273371.875959
0.68 0.69 0 94.308 8409.587136
0.68 0.69 1 150.16 22877.6584
0.68 0.69 2 171.41 29529.7119
0.68 0.69 3 191.382 35178.418076
0.68 0.69 4 168.243 25202.119951
0.68 0.69 5 149.802 26348.232796
0.68 0.69 6 150.178 22815.954316
0.68 0.69 7 167.041 29416.987319
0.68 0.69 8 177.182 33288.070876
0.68 0.69 9 210.117 41161.309311
0.68 0.69 10 228.58 53711.0736
0.68 0.69 11 239.253 60295.634991
0.68 0.69 12 256.625 77695.786375
0.68 0.69 13 275.171 77137.437759
0.68 0.69 14 290.956 91173.506064
0.68 0.69 15 305.809 102630.820519
0.68 0.69 16 330.559 111498.544519
0.68 0.69 17 354.029 130079.672159
0.68 0.69 18 373.941 144047.765519
0.68 0.69 19 382.354 147950.010684
0.69 0.7 0 91.321 7789.369959
0.69 0.7 1 137.04 18765.8544
0.69 0.7 2 153.375 24573.654375
0.69 0.7 3 167.306 32600.262364
0.69 0.7 4 207.796 49286.814384
0.69 0.7 5 250.877 64200.849871
0.69 0.7 6 265.745 68548.087975
0.69 0.7 7 298.702 103679.713196
0.69 0.7 8 330.111 112690.622679
0.69 0.7 9 361.446 135084.261084
0.69 0.7 10 393.234 161382.833244
0.69 0.7 11 410.753 190790.455991
0.69 0.7 12 483.864 246145.007504
0.69 0.7 13 495.094 281143.815164
0.69 0.7 14 537.386 331641.115004
0.69 0.7 15 539.982 292703.455676
0.69 0.7 16 627.976 388582.411424
0.69 0.7 17 623.382 469206.638076
0.69 0.7 18 693.213 506626.595631
0.69 0.7 19 692.152 487249.438896
0.7 0.71 0 91.2 7831.02
0.7 0.71 1 132.61 17912.5639
0.7 0.71 2 147.001 22772.102999
0.7 0.71 3 176.78 31187.1996
0.7 0.71 4 183.036 35791.302704
0.7 0.71 5 199.796 41739.834384
0.7 0.71 6 200.559 44375.124519
0.7 0.71 7 224.034 53203.486844
0.7 0.71 8 223.438 54467.024156
0.7 0.71 9 259.793 70734.030151
0.7 0.71 10 305.873 93890.746871
0.7 0.71 11 299.145 96538.597975
0.7 0.71 12 313.734 106874.169244
0.7 0.71 13 365.49 126774.6079
0.7 0.71 14 390.774 186337.120924
0.7 0.71 15 412.586 199929.436604
0.7 0.71 16 451.527 232745.095271
0.7 0.71 17 474.345 248633.525975
0.7 0.71 18 487.828 268222.192416
0.7 0.71 19 522.514 282945.787804
0.71 0.72 0 89.36 8146.4504
0.71 0.72 1 145.75 23187.6995
0.71 0.72 2 134.782 17518.492476
0.71 0.72 3 160.591 28151.469719
0.71 0.72 4 164.267 26759.831711
0.71 0.72 5 153.575 24518.074375
0.71 0.72 6 157.804 26457.005584
0.71 0.72 7 167.931 32474.104239
0.71 0.72 8 180.467 32181.786911
0.71 0.72 9 206.14 45800.7904
0.71 0.72 10 215.412 45854.958256
0.71 0.72 11 247.439 62714.730279
0.71 0.72 12 285.065 89397.910775
0.71 0.72 13 301.713 90411.672631
0.71 0.72 14 285.909 81053.924719
0.71 0.72 15 314.779 100531.848159
0.71 0.72 16 358.614 128010.895004
0.71 0.72 17 357.861 138739.845679
0.71 0.72 18 377.089 139780.335079
0.71 0.72 19 395.519 178271.481639
0.72 0.73 0 88.865 7010.664775
0.72 0.73 1 138.649 19363.803799
0.72 0.73 2 144.551 21907.961399
0.72 0.73 3 152.049 23002.410599
0.72 0.73 4 138.083 17520.636111
0.72 0.73 5 177.06 32404.3524
0.72 0.73 6 204.51 41226.7939
0.72 0.73 7 212.783 48465.211911
0.72 0.73 8 250.784 69873.371344
0.72 0.73 9 271.528 77362.397216
0.72 0.73 10 290.629 95079.787359
0.72 0.73 11 317.334 100030.022444
0.72 0.73 12 365.102 144106.011596
0.72 0.73 13 359.951 157282.294599
0.72 0.73 14 423.443 169622.526751
0.72 0.73 15 400.435 157743.029775
0.72 0.73 16 453.859 203771.691119
0.72 0.73 17 497.194 260272.920364
0.72 0.73 18 513.11 265056.7619
0.72 0.73 19 539.379 307733.277359
0.73 0.74 0 92.661 9770.362079
0.73 0.74 1 140.135 20363.762775
0.73 0.74 2 135.153 17990.247591
0.73 0.74 3 137.323 21145.876671
0.73 0.74 4 128.731 18440.308639
0.73 0.74 5 125.852 16907.888096
0.73 0.74 6 130.668 18066.037776
0.73 0.74 7 144.756 21796.808464
0.73 0.74 8 158.602 25687.717596
0.73 0.74 9 171.547 31760.907791
0.73 0.74 10 181.809 35082.782519
0.73 0.74 11 210.613 41694.473231
0.73 0.74 12 215.225 47985.654375
0.73 0.74 13 246.503 64764.147991
0.73 0.74 14 264.044 68504.304064
0.73 0.74 15 253.407 65390.891351
0.73 0.74 16 291.76 91317.5964
0.73 0.74 17 293.34 97599.1384
0.73 0.74 18 315.666 113885.708444
0.73 0.74 19 359.883 127375.231311
0.74 0.75 0 91.361 7876.968679
0.74 0.75 1 141.161 20040.757079
0.74 0.75 2 129.941 19100.377519
0.74 0.75 3 125.211 16858.598479
0.74 0.75 4 95.525 9831.301375
0.74 0.75 5 85.839 7072.527079
0.74 0.75 6 84.862 7893.600956
0.74 0.75 7 100.079 9629.606759
0.74 0.75 8 108.934 13480.553644
0.74 0.75 9 115.268 14630.946176
0.74 0.75 10 130.358 16145.283836
0.74 0.75 11 141.56 20402.3024
0.74 0.75 12 154.155 28560.206975
0.74 0.75 13 160.454 27089.699884
0.74 0.75 14 173.231 31130.711639
0.74 0.75 15 182.526 35748.939324
0.74 0.75 16 188.645 36941.176975
0.74 0.75 17 209.463 46415.690631
0.74 0.75 18 233.87 58223.0231
0.74 0.75 19 218.384 54274.404544
0.75 0.76 0 89.979 8026.894559
0.75 0.76 1 145.569 20624.173239
0.75 0.76 2 148.515 21502.553775
0.75 0.76 3 195.943 43627.117751
0.75 0.76 4 227.949 56669.758399
0.75 0.76 5 250.704 68844.414384
0.75 0.76 6 295.973 105743.204271
0.75 0.76 7 319.491 108670.243919
0.75 0.76 8 388.35 160952.2015
0.75 0.76 9 406.053 186360.622191
0.75 0.76 10 468.058 223474.474636
0.75 0.76 11 496.286 241490.216204
0.75 0.76 12 556.543 298055.894151
0.75 0.76 13 583.379 342883.525359
0.75 0.76 14 631.433 433660.915511
0.75 0.76 15 688.947 490885.706191
0.75 0.76 16 679.996 551555.525984
0.75 0.76 17 772.604 610198.565184
0.75 0.76 18 833.215 711845.644775
0.75 0.76 19 813.604 622607.849184
0.76 0.77 0 93.074 9860.010524
0.76 0.77 1 136.047 20310.414791
0.76 0.77 2 146.869 20914.259839
0.76 0.77 3 182.986 37878.155804
0.76 0.77 4 202.553 44892.495191
0.76 0.77 5 217.954 51395.857884
0.76 0.77 6 211.775 44193.402375
0.76 0.77 7 243.013 63474.636831
0.76 0.77 8 271.025 71291.118375
0.76 0.77 9 286.15 89139.1835
0.76 0.77 10 327.246 108595.893484
0.76 0.77 11 345.023 118042.478471
0.76 0.77 12 373.891 144960.397119
0.76 0.77 13 396.181 169835.918239
0.76 0.77 14 462.799 218999.424599
0.76 0.77 15 465.221 254744.010159
0.76 0.77 16 507.107 278324.485551
0.76 0.77 17 508.338 268335.607756
0.76 0.77 18 521.337 275272.969431
0.76 0.77 19 572.307 314481.722751
0.77 0.78 0 85.684 7085.914144
0.77 0.78 1 133.78 18262.9176
0.77 0.78 2 142.68 19189.8416
0.77 0.78 3 172.245 29952.172975
0.77 0.78 4 187.48 35080.2856
0.77 0.78 5 183.563 31405.624031
0.77 0.78 6 193.798 40582.659196
0.77 0.78 7 225.969 52458.302039
0.77 0.78 8 227.024 52222.955424
0.77 0.78 9 273.252 74238.614496
0.77 0.78 10 290.434 92313.909644
0.77 0.78 11 335.802 114236.936796
0.77 0.78 12 347.342 118133.895036
0.77 0.78 13 379.787 157440.869631
0.77 0.78 14 407.262 172077.131356
0.77 0.78 15 410.629 187022.507359
0.77 0.78 16 445.8 243698.272
0.77 0.78 17 488.19 241832.1699
0.77 0.78 18 501.351 293100.623799
0.77 0.78 19 527.757 296023.681951
0.78 0.79 0 85.453 7813.071791
0.78 0.79 1 132.073 17267.237671
0.78 0.79 2 135.453 19392.491791
0.78 0.79 3 162.614 25368.083004
0.78 0.79 4 174.271 29333.285559
0.78 0.79 5 188.948 34388.419296
0.78 0.79 6 213.09 46987.6279
0.78 0.79 7 200.222 40930.468716
0.78 0.79 8 198.496 39712.477984
0.78 0.79 9 227.15 56572.1075
0.78 0.79 10 240.226 59011.412924
0.78 0.79 11 262.529 76079.349159
0.78 0.79 12 282.441 84237.342519
0.78 0.79 13 302.922 94665.297916
0.78 0.79 14 308.883 96724.089311
0.78 0.79 15 358.628 136565.717616
0.78 0.79 16 351.204 139025.992384
0.78 0.79 17 400.389 171005.817679
0.78 0.79 18 393.319 172009.711239
0.78 0.79 19 427.23 185617.5631
0.79 0.8 0 88.877 6943.909871
0.79 0.8 1 130.553 17308.289191
0.79 0.8 2 129.086 18047.152604
0.79 0.8 3 152.461 24320.690479
0.79 0.8 4 153.415 21487.750775
0.79 0.8 5 164.319 29823.363239
0.79 0.8 6 156.902 22585.992396
0.79 0.8 7 188.714 30706.910204
0.79 0.8 8 210.553 46444.763191
0.79 0.8 9 236.324 61867.413024
0.79 0.8 10 267.702 75624.605196
0.79 0.8 11 275.034 81549.204844
0.79 0.8 12 301.873 89596.700871
0.79 0.8 13 315.318 107029.698876
0.79 0.8 14 332.64 110685.3964
0.79 0.8 15 370.554 140401.455084
0.79 0.8 16 376.531 145432.429039
0.79 0.8 17 420.253 188148.816991
0.79 0.8 18 432.697 218186.403191
0.79 0.8 19 439.437 213905.206031
0.8 0.81 0 87.698 6793.206796
0.8 0.81 1 132.529 18053.663159
0.8 0.81 2 128.596 17959.882784
0.8 0.81 3 135.958 16569.592236
0.8 0.81 4 129.535 16621.074775
0.8 0.81 5 125.979 15225.190559
0.8 0.81 6 146.716 21030.901344
0.8 0.81 7 147.857 21950.224551
0.8 0.81 8 164.283 27039.190911
0.8 0.81 9 193.152 35924.970896
0.8 0.81 10 213.853 43163.897391
0.8 0.81 11 238.119 61484.232839
0.8 0.81 12 258.697 75287.891191
0.8 0.81 13 267.016 83607.829744
0.8 0.81 14 304.214 91105.834204
0.8 0.81 15 321.813 97012.170031
0.8 0.81 16 317.445 98335.338975
0.8 0.81 17 354.324 135365.767024
0.8 0.81 18 351.757 128189.077951
0.8 0.81 19 368.494 152276.593964
0.81 0.82 0 85.433 7280.049511
0.81 0.82 1 132.018 16685.181676
0.81 0.82 2 132.911 18049.485079
0.81 0.82 3 125.154 14360.642284
0.81 0.82 4 141.322 18906.984316
0.81 0.82 5 132.375 16771.858375
0.81 0.82 6 127.366 15734.944044
0.81 0.82 7 114.029 12977.002159
0.81 0.82 8 122.716 14229.169344
0.81 0.82 9 135.469 18952.859039
0.81 0.82 10 146.615 21060.050775
0.81 0.82 11 166.262 28389.139356
0.81 0.82 12 172.086 28826.172604
0.81 0.82 13 182.404 30265.696784
0.81 0.82 14 192.632 39130.806576
0.81 0.82 15 221.666 46241.380444
0.81 0.82 16 230.345 58998.261975
0.81 0.82 17 240.543 51159.672151
0.81 0.82 18 251.034 58424.772844
0.81 0.82 19 267.62 69601.1716
0.82 0.83 0 89.703 8048.210791
0.82 0.83 1 126.232 15104.300176
0.82 0.83 2 115.959 13408.103319
0.82 0.83 3 123.635 16760.765775
0.82 0.83 4 134.819 18895.304239
0.82 0.83 5 158.496 28209.359984
0.82 0.83 6 150.316 23943.086144
0.82 0.83 7 180.35 34509.0535
0.82 0.83 8 209.932 41326.483376
0.82 0.83 9 224.566 45767.655644
0.82 0.83 10 248.159 68679.809719
0.82 0.83 11 271.806 73474.548364
0.82 0.83 12 275.158 71773.563036
0.82 0.83 13 308.99 103532.9419
0.82 0.83 14 343.775 118358.570375
0.82 0.83 15 345.873 130471.810871
0.82 0.83 16 377.989 158381.548879
0.82 0.83 17 390.118 166468.990076
0.82 0.83 18 422.762 193889.909356
0.82 0.83 19 460.804 239274.687584
0.83 0.84 0 87.621 8287.219359
0.83 0.84 1 117.801 13675.363399
0.83 0.84 2 110.883 12658.927311
0.83 0.84 3 118.051 14270.740399
0.83 0.84 4 126.659 16497.696719
0.83 0.84 5 121.801 15009.469399
0.83 0.84 6 151.102 22707.773596
0.83 0.84 7 162.215 25798.164775
0.83 0.84 8 182.13 33701.3371
0.83 0.84 9 217.058 46991.026636
0.83 0.84 10 214.083 51194.624111
0.83 0.84 11 244.083 63633.314111
0.83 0.84 12 259.634 71779.488044
0.83 0.84 13 292.757 87613.423951
0.83 0.84 14 303.339 97266.576079
0.83 0.84 15 312.363 103186.577231
0.83 0.84 16 339.363 113336.567231
0.83 0.84 17 363.629 131468.841359
0.83 0.84 18 382.634 139742.542044
0.83 0.84 19 399.007 182810.392951
0.84 0.85 0 87.553 8331.405191
0.84 0.85 1 117.431 13313.005239
0.84 0.85 2 106.605 11847.070975
0.84 0.85 3 104.24 11853.3104
0.84 0.85 4 100.546 10522.643884
0.84 0.85 5 101.614 10584.151004
0.84 0.85 6 97.987 8151.186831
0.84 0.85 7 95.557 8092.774751
0.84 0.85 8 114.465 12099.964775
0.84 0.85 9 120.185 14803.298775
0.84 0.85 10 139.154 17330.542284
0.84 0.85 11 150.551 21182.751399
0.84 0.85 12 155.512 24670.185856
0.84 0.85 13 170.799 25650.500599
0.84 0.85 14 183.259 35789.397919
0.84 0.85 15 197.295 33681.731975
0.84 0.85 16 199.014 35865.793804
0.84 0.85 17 221.879 48793.604359
0.84 0.85 18 242.954 58996.987884
0.84 0.85 19 256.119 64569.830839
0.85 0.86 0 77.717 5428.760911
0.85 0.86 1 115.649 14493.205799
0.85 0.86 2 99.142 10302.583836
0.85 0.86 3 94.852 9263.708096
0.85 0.86 4 84.054 6644.321084
0.85 0.86 5 98.282 8959.702476
0.85 0.86 6 99.957 9182.949151
0.85 0.86 7 111.514 12392.525804
0.85 0.86 8 132.461 19175.668479
0.85 0.86 9 136.377 17886.766871
0.85 0.86 10 146.314 20896.387404
0.85 0.86 11 165.637 26334.683231
0.85 0.86 12 172.714 29401.996204
0.85 0.86 13 179.726 33302.996924
0.85 0.86 14 212.487 44874.477831
0.85 0.86 15 213.73 43961.3331
0.85 0.86 16 233.882 55053.500076
0.85 0.86 17 256.922 76134.115916
0.85 0.86 18 241.113 62247.498231
0.85 0.86 19 267.573 78733.840671
0.86 0.87 0 85.882 7226.056076
0.86 0.87 1 114.211 14661.268479
0.86 0.87 2 97.269 9160.934639
0.86 0.87 3 89.076 7584.988224
0.86 0.87 4 69.773 4976.289471
0.86 0.87 5 59.23 3008.4431
0.86 0.87 6 87.877 7260.785871
0.86 0.87 7 90.345 6996.941975
0.86 0.87 8 104.595 9985.030975
0.86 0.87 9 128.699 18054.924399
0.86 0.87 10 134.5 16769.464
0.86 0.87 11 143.877 20135.847871
0.86 0.87 12 160.819 25350.292239
0.86 0.87 13 165.701 26578.245599
0.86 0.87 14 178.464 28348.876704
0.86 0.87 15 192.773 37009.245471
0.86 0.87 16 201.695 42216.551975
0.86 0.87 17 216.25 49855.5315
0.86 0.87 18 223.486 49544.441804
0.86 0.87 19 233.372 52722.645616
0.87 0.88 0 84.383 7826.348311
0.87 0.88 1 135.127 18084.864871
0.87 0.88 2 128.85 17164.3235
0.87 0.88 3 113.852 11625.012096
0.87 0.88 4 85.557 7299.384751
0.87 0.88 5 64.115 3519.991775
0.87 0.88 6 53.857 2422.738551
0.87 0.88 7 54.461 2145.356479
0.87 0.88 8 56.155 2522.608975
0.87 0.88 9 64.841 3495.859719
0.87 0.88 10 70.135 4084.054775
0.87 0.88 11 75.366 4964.758044
0.87 0.88 12 81.87 6231.4951
0.87 0.88 13 82.333 6290.650111
0.87 0.88 14 87.173 5546.995071
0.87 0.88 15 108.32 10083.0396
0.87 0.88 16 105.235 8956.407775
0.87 0.88 17 114.557 10989.088751
0.87 0.88 18 120.548 11790.763696
0.87 0.88 19 120.452 12003.429696
0.88 0.89 0 83.561 6828.314279
0.88 0.89 1 154.698 25088.556796
0.88 0.89 2 222.547 52355.595791
0.88 0.89 3 240.718 58860.624476
0.88 0.89 4 290.467 86539.904911
0.88 0.89 5 365.589 148767.350079
0.88 0.89 6 419.441 203929.364519
0.88 0.89 7 439.464 211810.910704
0.88 0.89 8 503.583 277247.401111
0.88 0.89 9 558.206 351854.255564
0.88 0.89 10 624.402 386091.378396
0.88 0.89 11 610.364 364801.945504
0.88 0.89 12 699.45 560161.7735
0.88 0.89 13 747.045 684870.284975
0.88 0.89 14 782.094 655475.299164
0.88 0.89 15 867.101 758171.136799
0.88 0.89 16 893.012 972668.081856
0.88 0.89 17 920.409 980083.841719
0.88 0.89 18 1002.655 1146491.66598
0.88 0.89 19 1047.328 1372055.68042
0.89 0.9 0 83.98 6924.8456
0.89 0.9 1 146.155 20446.166975
0.89 0.9 2 227.356 58678.411264
0.89 0.9 3 232.4 54492.074
0.89 0.9 4 283.517 80694.743711
0.89 0.9 5 316.302 114918.734796
0.89 0.9 6 347.582 131744.865276
0.89 0.9 7 369.753 132886.649991
0.89 0.9 8 395.169 164936.864439
0.89 0.9 9 460.353 225489.206391
0.89 0.9 10 489.391 262965.556119
0.89 0.9 11 480.402 266745.116396
0.89 0.9 12 524.456 320253.364064
0.89 0.9 13 601.439 401347.418279
0.89 0.9 14 612.75 420556.4995
0.89 0.9 15 677.427 529252.692671
0.89 0.9 16 721.803 578384.436191
0.89 0.9 17 753.502 699672.841996
0.89 0.9 18 759.133 653109.741311
0.89 0.9 19 830.295 817935.333975
0.9 0.91 0 78.433 5858.463511
0.9 0.91 1 148.245 23760.796975
0.9 0.91 2 234.206 54264.521564
0.9 0.91 3 207.843 45912.676351
0.9 0.91 4 262.18 75140.4576
0.9 0.91 5 214.611 53669.665679
0.9 0.91 6 221.488 51795.811856
0.9 0.91 7 250.542 67140.716236
0.9 0.91 8 262.247 71470.057991
0.9 0.91 9 302.272 106582.248016
0.9 0.91 10 334.609 128328.250119
0.9 0.91 11 350.726 131914.218924
0.9 0.91 12 377.882 151915.704076
0.9 0.91 13 446.804 242293.495584
0.9 0.91 14 426.691 200563.967519
0.9 0.91 15 491.321 288273.453959
0.9 0.91 16 498.447 281410.051191
0.9 0.91 17 568.071 355903.547959
0.9 0.91 18 581.355 350247.760975
0.9 0.91 19 568.857 354538.718551
0.91 0.92 0 83.183 6347.581511
0.91 0.92 1 131.667 19987.502111
0.91 0.92 2 228.824 54193.807024
0.91 0.92 3 200.276 45603.211824
0.91 0.92 4 248.162 59589.023756
0.91 0.92 5 259.795 70417.444975
0.91 0.92 6 329.927 113047.123671
0.91 0.92 7 335.171 132959.185759
0.91 0.92 8 371.576 152105.160224
0.91 0.92 9 408.948 187748.161296
0.91 0.92 10 444.325 202695.335375
0.91 0.92 11 472.282 247415.320476
0.91 0.92 12 537.844 295136.515664
0.91 0.92 13 561.224 356401.557824
0.91 0.92 14 619.597 397696.174591
0.91 0.92 15 605.608 363278.122336
0.91 0.92 16 664.247 491180.975991
0.91 0.92 17 730.375 596510.600375
0.91 0.92 18 794.153 622675.529591
0.91 0.92 19 833.388 732280.437456
0.92 0.93 0 79.307 5514.986751
0.92 0.93 1 136.91 21086.1759
0.92 0.93 2 232.594 61373.737164
0.92 0.93 3 178.996 33700.293984
0.92 0.93 4 200.127 43457.640871
0.92 0.93 5 183.634 40521.280044
0.92 0.93 6 200.904 45831.156784
0.92 0.93 7 213.875 49224.675375
0.92 0.93 8 241.38 60408.9776
0.92 0.93 9 253.029 71465.012159
0.92 0.93 10 270.446 85021.073084
0.92 0.93 11 318.313 119987.167031
0.92 0.93 12 327.086 116754.636604
0.92 0.93 13 369.283 160117.454911
0.92 0.93 14 400.644 184963.903264
0.92 0.93 15 386.885 182389.383775
0.92 0.93 16 436.375 214632.178375
0.92 0.93 17 437.788 238481.147056
0.92 0.93 18 480.928 241276.408816
0.92 0.93 19 482.984 259802.917744
0.93 0.94 0 82.654 7306.268284
0.93 0.94 1 134.449 18105.941399
0.93 0.94 2 222.96 52548.0504
0.93 0.94 3 170.629 37903.607359
0.93 0.94 4 130.27 15837.8871
0.93 0.94 5 113.002 12942.581996
0.93 0.94 6 113.922 13676.119916
0.93 0.94 7 134.857 21985.750551
0.93 0.94 8 149.126 25835.820124
0.93 0.94 9 164.888 30089.755456
0.93 0.94 10 175.981 30039.364639
0.93 0.94 11 191.435 38691.065775
0.93 0.94 12 212.076 52351.858224
0.93 0.94 13 227.024 57909.401424
0.93 0.94 14 241.816 63043.276144
0.93 0.94 15 256.594 81100.419164
0.93 0.94 16 289.821 96747.280959
0.93 0.94 17 293.153 92153.521591
0.93 0.94 18 309.454 104679.541884
0.93 0.94 19 325.854 118980.048684
0.94 0.95 0 79.985 6745.842775
0.94 0.95 1 124.734 16534.385244
0.94 0.95 2 207.396 50726.071184
0.94 0.95 3 153.52 25129.3316
0.94 0.95 4 194.405 36969.384975
0.94 0.95 5 262.924 66638.490224
0.94 0.95 6 288.647 91850.892391
0.94 0.95 7 290.554 93639.841084
0.94 0.95 8 355.23 130917.7171
0.94 0.95 9 364.774 137604.170924
0.94 0.95 10 422.22 189680.7176
0.94 0.95 11 440.708 230078.008736
0.94 0.95 12 495.115 310440.511775
0.94 0.95 13 546.762 307826.931356
0.94 0.95 14 548.056 342477.392864
0.94 0.95 15 600.297 418096.862791
0.94 0.95 16 648.154 496857.434284
0.94 0.95 17 688.866 574207.526044
0.94 0.95 18 713.232 570992.224176
0.94 0.95 19 753.328 613227.206416
0.95 0.96 0 72.718 4790.820476
0.95 0.96 1 128.314 16672.839404
0.95 0.96 2 211.607 52402.158551
0.95 0.96 3 145.15 23693.9595
0.95 0.96 4 159.186 26219.955404
0.95 0.96 5 187.56 37243.1664
0.95 0.96 6 185.316 38289.472144
0.95 0.96 7 204.159 47985.149719
0.95 0.96 8 215.65 48946.5295
0.95 0.96 9 245.193 71488.055751
0.95 0.96 10 263.387 75568.521231
0.95 0.96 11 295.52 98249.2236
0.95 0.96 12 325.46 111516.7644
0.95 0.96 13 326.106 114766.250764
0.95 0.96 14 371.038 141538.634556
0.95 0.96 15 400.183 164438.317511
0.95 0.96 16 424.326 207138.487724
0.95 0.96 17 403.304 168665.723584
0.95 0.96 18 430.995 206928.112975
0.95 0.96 19 488.815 266447.380775
0.96 0.97 0 80.396 6198.533184
0.96 0.97 1 119.013 15535.758831
0.96 0.97 2 198.88 48606.2256
0.96 0.97 3 139.827 21256.865071
0.96 0.97 4 128.281 15812.436039
0.96 0.97 5 111.403 12573.982591
0.96 0.97 6 110.43 12617.5171
0.96 0.97 7 129.154 17795.106284
0.96 0.97 8 146.81 23126.8639
0.96 0.97 9 152.938 26209.972156
0.96 0.97 10 168.915 30389.441775
0.96 0.97 11 179.582 30378.127276
0.96 0.97 12 209.018 48556.399676
0.96 0.97 13 229.762 56488.067356
0.96 0.97 14 233.833 57848.019111
0.96 0.97 15 256.726 58064.030924
0.96 0.97 16 271.882 87445.944076
0.96 0.97 17 293.255 97979.429975
0.96 0.97 18 283.162 81547.145756
0.96 0.97 19 297.985 92085.210775
0.97 0.98 0 78.136 6219.237504
0.97 0.98 1 110.672 13332.992416
0.97 0.98 2 168.666 37215.380444
0.97 0.98 3 133.999 22694.670999
0.97 0.98 4 95.891 8889.139119
0.97 0.98 5 124.791 15504.443319
0.97 0.98 6 174.181 33824.906239
0.97 0.98 7 165.768 29947.340176
0.97 0.98 8 209.537 44920.040631
0.97 0.98 9 224.336 50672.933104
0.97 0.98 10 252.767 65137.272711
0.97 0.98 11 267.762 67883.637356
0.97 0.98 12 287.381 88835.391839
0.97 0.98 13 306.091 91758.880719
0.97 0.98 14 345.376 120970.720624
0.97 0.98 15 351.405 122900.614975
0.97 0.98 16 387.861 146367.799679
0.97 0.98 17 434.681 191574.225239
0.97 0.98 18 426.347 194227.266591
0.97 0.98 19 440.658 223610.103036
0.98 0.99 0 75.424 5694.456224
0.98 0.99 1 94.287 9411.058631
0.98 0.99 2 141.308 34534.527136
0.98 0.99 3 115.381 16342.363839
0.98 0.99 4 85.13 9885.9831
0.98 0.99 5 87.493 9123.381951
0.98 0.99 6 83.73 7098.1911
0.98 0.99 7 94.744 8968.304464
0.98 0.99 8 100.808 10286.643136
0.98 0.99 9 112.802 12470.960796
0.98 0.99 10 127.544 16528.730064
0.98 0.99 11 126.47 17506.2451
0.98 0.99 12 140.596 19919.688784
0.98 0.99 13 160.565 26288.831775
0.98 0.99 14 165.409 27175.317719
0.98 0.99 15 180.516 34214.589744
0.98 0.99 16 192.593 35209.079351
0.98 0.99 17 198.369 35823.084839
0.98 0.99 18 211.813 46699.770031
0.98 0.99 19 221.127 49580.126871
0.99 1.0 0 71.321 5223.723959
0.99 1.0 1 82.388 6517.731456
0.99 1.0 2 77.277 5434.352271
0.99 1.0 3 55.708 2545.360736
0.99 1.0 4 39.977 1156.476471
0.99 1.0 5 34.568 687.967376
0.99 1.0 6 34.123 741.457871
0.99 1.0 7 41.832 1229.073776
0.99 1.0 8 43.502 1315.121996
0.99 1.0 9 49.945 1477.253975
0.99 1.0 10 54.829 2179.569759
0.99 1.0 11 58.378 2737.477116
0.99 1.0 12 62.195 2749.266975
0.99 1.0 13 67.425 3058.982375
0.99 1.0 14 70.317 3760.098511
0.99 1.0 15 76.015 3760.196775
0.99 1.0 16 80.51 4842.7419
0.99 1.0 17 83.676 4797.399024
0.99 1.0 18 94.005 6435.468975
0.99 1.0 19 96.391 7316.352119
