0.0 0.01 0 112.39 11429.1379
0.0 0.01 1 98.03 9147.3491
0.0 0.01 2 68.54 5101.1484
0.0 0.01 3 54.78 3472.4716
0.0 0.01 4 37.88 706.3856
0.0 0.01 5 31.08 357.1936
0.0 0.01 6 28.08 332.3336
0.0 0.01 7 31.07 420.7451
0.0 0.01 8 33.27 346.0371
0.0 0.01 9 36.97 483.9291
0.0 0.01 10 45.06 1066.5564
0.0 0.01 11 45.06 1166.4964
0.0 0.01 12 51.51 1329.5699
0.0 0.01 13 52.4 1127.6
0.0 0.01 14 48.15 758.3075
0.0 0.01 15 53.45 833.8275
0.0 0.01 16 55.95 1097.2675
0.0 0.01 17 64.87 1688.2531
0.0 0.01 18 72.87 2201.4331
0.0 0.01 19 66.85 1230.6475
0.01 0.02 0 93.36 7756.2104
0.01 0.02 1 119.82 15379.2676
0.01 0.02 2 188.43 46739.8451
0.01 0.02 3 157.32 65347.4976
0.01 0.02 4 93.67 15003.5411
0.01 0.02 5 85.02 9005.4796
0.01 0.02 6 37.6 621.62
0.01 0.02 7 39.14 612.5804
0.01 0.02 8 37.37 539.6131
0.01 0.02 9 44.51 831.5899
0.01 0.02 10 44.34 945.0044
0.01 0.02 11 51.72 869.9216
0.01 0.02 12 50.23 1613.8971
0.01 0.02 13 56.7 1149.77
0.01 0.02 14 56.54 1264.4284
0.01 0.02 15 63.99 2206.5899
0.01 0.02 16 77.73 2486.7771
0.01 0.02 17 68.44 1581.3064
0.01 0.02 18 71.63 2976.9931
0.01 0.02 19 73.01 3444.9899
0.02 0.03 0 108.02 13761.6796
0.02 0.03 1 143.06 21655.3564
0.02 0.03 2 143.27 21197.8371
0.02 0.03 3 125.21 20727.6259
0.02 0.03 4 135.74 17370.3324
0.02 0.03 5 149.21 18061.7259
0.02 0.03 6 76.75 4719.3875
0.02 0.03 7 62.55 2662.9675
0.02 0.03 8 54.59 1467.1819
0.02 0.03 9 63.09 2156.7219
0.02 0.03 10 69.22 4268.2716
0.02 0.03 11 77.09 3927.9819
0.02 0.03 12 71.78 3095.4116
0.02 0.03 13 71.28 4177.8216
0.02 0.03 14 92.77 5308.0971
0.02 0.03 15 114.4 12453.3
0.02 0.03 16 108.82 9792.2076
0.02 0.03 17 98.02 4998.3596
0.02 0.03 18 121.18 12385.5876
0.02 0.03 19 123.95 16771.6875
0.03 0.04 0 97.01 13151.6699
0.03 0.04 1 110.89 18924.0179
0.03 0.04 2 142.38 26034.2556
0.03 0.04 3 145.16 23142.7144
0.03 0.04 4 116.42 17738.3836
0.03 0.04 5 44.82 1389.0076
0.03 0.04 6 38.13 630.7531
0.03 0.04 7 35.2 574.72
0.03 0.04 8 36.65 648.2475
0.03 0.04 9 41.36 881.2904
0.03 0.04 10 42.02 1036.5596
0.03 0.04 11 49.27 1314.0571
0.03 0.04 12 56.04 1158.0184
0.03 0.04 13 60.35 2083.3075
0.03 0.04 14 64.17 2395.5611
0.03 0.04 15 73.24 2458.8824
0.03 0.04 16 75.57 2905.9851
0.03 0.04 17 76.02 2862.6396
0.03 0.04 18 72.26 2096.1324
0.03 0.04 19 83.85 3948.0075
0.04 0.05 0 90.99 6782.6899
0.04 0.05 1 135.78 17217.0716
0.04 0.05 2 174.66 29623.3444
0.04 0.05 3 128.64 14236.6104
0.04 0.05 4 153.92 26483.3536
0.04 0.05 5 76.14 4644.8404
0.04 0.05 6 55.52 1788.9096
0.04 0.05 7 54.69 1589.3739
0.04 0.05 8 51.8 1485.62
0.04 0.05 9 66.69 2602.6339
0.04 0.05 10 69.85 3399.1475
0.04 0.05 11 72.41 4434.8219
0.04 0.05 12 85.89 6575.0179
0.04 0.05 13 87.4 5682.2
0.04 0.05 14 90.04 10725.6584
0.04 0.05 15 96.79 9001.3859
0.04 0.05 16 104.25 9469.5475
0.04 0.05 17 122.29 11535.2659
0.04 0.05 18 133.65 15930.3675
0.04 0.05 19 136.62 16672.3756
0.05 0.06 0 123.67 13245.6811
0.05 0.06 1 159.69 28151.9339
0.05 0.06 2 173.14 35746.9004
0.05 0.06 3 154.56 23133.7464
0.05 0.06 4 187.66 36884.1244
0.05 0.06 5 105.07 11156.2851
0.05 0.06 6 99.03 9114.4291
0.05 0.06 7 76.85 4731.0075
0.05 0.06 8 84.29 4487.4459
0.05 0.06 9 81.33 5601.3811
0.05 0.06 10 113.74 8679.9324
0.05 0.06 11 107.25 6498.3875
0.05 0.06 12 109.59 10852.9019
0.05 0.06 13 125.38 15892.5956
0.05 0.06 14 141.07 24125.4051
0.05 0.06 15 187.7 35080.79
0.05 0.06 16 148.2 28330.44
0.05 0.06 17 151.54 40305.3684
0.05 0.06 18 185.6 29575.44
0.05 0.06 19 188.67 38766.9411
0.06 0.07 0 78.28 10727.6016
0.06 0.07 1 139.3 18098.75
0.06 0.07 2 164.8 34194.84
0.06 0.07 3 140.36 21067.0504
0.06 0.07 4 57.74 3207.8124
0.06 0.07 5 47.62 1204.9956
0.06 0.07 6 35.29 748.3459
0.06 0.07 7 39.81 938.0939
0.06 0.07 8 50.56 2210.7464
0.06 0.07 9 54.56 1934.3464
0.06 0.07 10 56.39 1314.5579
0.06 0.07 11 64.92 2584.9136
0.06 0.07 12 54.25 1288.9075
0.06 0.07 13 72.01 2798.5699
0.06 0.07 14 61.83 2519.2611
0.06 0.07 15 74.68 2620.1176
0.06 0.07 16 73.41 3523.2219
0.06 0.07 17 71.7 2973.27
0.06 0.07 18 82.12 3275.5256
0.06 0.07 19 89.95 5087.8275
0.07 0.08 0 107.98 9334.6796
0.07 0.08 1 146.44 22567.4864
0.07 0.08 2 141.39 19928.2379
0.07 0.08 3 146.41 23946.0819
0.07 0.08 4 94.13 7108.9131
0.07 0.08 5 85.56 5779.7464
0.07 0.08 6 55.38 2232.7156
0.07 0.08 7 68.3 2541.39
0.07 0.08 8 56.33 2059.5611
0.07 0.08 9 56.96 2619.9784
0.07 0.08 10 61.81 2561.1339
0.07 0.08 11 67.12 2115.6656
0.07 0.08 12 78.83 4320.3411
0.07 0.08 13 85.39 5954.5579
0.07 0.08 14 78.2 3980.26
0.07 0.08 15 86.13 7039.8531
0.07 0.08 16 103.58 10329.1436
0.07 0.08 17 119.15 15436.1875
0.07 0.08 18 130.78 15679.9316
0.07 0.08 19 112.48 12137.8696
0.08 0.09 0 103.35 11053.5075
0.08 0.09 1 136.59 15977.8419
0.08 0.09 2 147.76 25179.8824
0.08 0.09 3 191.31 34376.9139
0.08 0.09 4 127.03 14606.6091
0.08 0.09 5 94.9 7795.47
0.08 0.09 6 78.16 4110.7744
0.08 0.09 7 83.16 4505.9944
0.08 0.09 8 74.46 4634.0884
0.08 0.09 9 99.63 6519.6131
0.08 0.09 10 85.53 6451.1291
0.08 0.09 11 110.75 9879.7075
0.08 0.09 12 124.25 17803.1475
0.08 0.09 13 114.1 12637.27
0.08 0.09 14 109.34 11472.4844
0.08 0.09 15 131.98 18549.6996
0.08 0.09 16 149.99 26476.4299
0.08 0.09 17 153.77 20445.5971
0.08 0.09 18 179.56 29689.9064
0.08 0.09 19 162.9 26525.81
0.09 0.1 0 91.93 10968.1251
0.09 0.1 1 159.11 26806.4179
0.09 0.1 2 170.24 27368.6424
0.09 0.1 3 187.74 26071.4324
0.09 0.1 4 108.48 12074.6896
0.09 0.1 5 69.39 5431.0179
0.09 0.1 6 62.43 2525.9051
0.09 0.1 7 57.14 2166.0804
0.09 0.1 8 67.0 2691.88
0.09 0.1 9 74.11 4981.1179
0.09 0.1 10 86.32 5055.8976
0.09 0.1 11 98.05 11907.9475
0.09 0.1 12 122.0 12207.94
0.09 0.1 13 130.74 17101.9324
0.09 0.1 14 115.51 10465.0299
0.09 0.1 15 127.88 12767.0256
0.09 0.1 16 147.74 22918.3724
0.09 0.1 17 147.44 23840.8264
0.09 0.1 18 184.61 29182.6779
0.09 0.1 19 172.48 41393.7496
0.1 0.11 0 106.47 12148.3691
0.1 0.11 1 138.49 17004.6699
0.1 0.11 2 141.93 26912.2051
0.1 0.11 3 213.76 59750.1424
0.1 0.11 4 134.0 19811.34
0.1 0.11 5 102.48 8939.2696
0.1 0.11 6 99.63 8095.2931
0.1 0.11 7 82.42 3828.2036
0.1 0.11 8 88.37 7332.5931
0.1 0.11 9 109.92 13305.9136
0.1 0.11 10 118.08 14465.5136
0.1 0.11 11 152.99 23685.9899
0.1 0.11 12 140.14 18385.0204
0.1 0.11 13 147.28 18890.8616
0.1 0.11 14 176.36 30275.9504
0.1 0.11 15 181.16 63508.2144
0.1 0.11 16 208.01 62567.1699
0.1 0.11 17 213.24 61042.2824
0.1 0.11 18 195.44 59832.1664
0.1 0.11 19 243.62 72177.2356
0.11 0.12 0 96.7 12430.41
0.11 0.12 1 138.18 16547.4076
0.11 0.12 2 175.86 23003.4204
0.11 0.12 3 277.63 84665.1331
0.11 0.12 4 161.16 29231.7144
0.11 0.12 5 91.95 8132.7075
0.11 0.12 6 92.95 7338.9475
0.11 0.12 7 88.43 7593.4451
0.11 0.12 8 112.42 10540.5436
0.11 0.12 9 109.07 11636.0451
0.11 0.12 10 136.62 16493.6356
0.11 0.12 11 148.34 19339.0844
0.11 0.12 12 187.91 34180.4219
0.11 0.12 13 168.99 26313.9699
0.11 0.12 14 166.69 34679.1939
0.11 0.12 15 239.3 81594.83
0.11 0.12 16 223.13 72075.8731
0.11 0.12 17 254.89 59901.0979
0.11 0.12 18 286.29 114248.3859
0.11 0.12 19 311.25 98859.1275
0.12 0.13 0 80.79 5087.3459
0.12 0.13 1 146.94 18146.8164
0.12 0.13 2 160.14 30313.2004
0.12 0.13 3 100.44 9485.5264
0.12 0.13 4 88.9 5676.57
0.12 0.13 5 66.81 3151.3939
0.12 0.13 6 52.79 3062.6059
0.12 0.13 7 48.9 1456.77
0.12 0.13 8 55.22 2228.1916
0.12 0.13 9 56.97 1860.5691
0.12 0.13 10 61.88 2092.7056
0.12 0.13 11 57.88 1702.9656
0.12 0.13 12 63.96 3213.9584
0.12 0.13 13 63.03 2165.6691
0.12 0.13 14 69.28 2768.3816
0.12 0.13 15 67.91 2455.5819
0.12 0.13 16 80.25 3510.5075
0.12 0.13 17 90.16 4473.7344
0.12 0.13 18 86.98 4275.3796
0.12 0.13 19 102.33 5905.8011
0.13 0.14 0 88.8 8544.12
0.13 0.14 1 162.03 21478.6291
0.13 0.14 2 150.15 19173.6275
0.13 0.14 3 83.46 6044.0284
0.13 0.14 4 73.14 5892.0204
0.13 0.14 5 57.75 2237.7075
0.13 0.14 6 63.38 3636.4556
0.13 0.14 7 59.03 2370.6091
0.13 0.14 8 60.65 2790.7875
0.13 0.14 9 68.73 3252.6571
0.13 0.14 10 65.24 3541.1624
0.13 0.14 11 77.99 4843.7699
0.13 0.14 12 81.39 3572.3979
0.13 0.14 13 95.72 8675.4016
0.13 0.14 14 94.78 6857.5516
0.13 0.14 15 96.54 6322.9484
0.13 0.14 16 104.22 6394.8516
0.13 0.14 17 110.78 8443.9716
0.13 0.14 18 118.16 11131.7544
0.13 0.14 19 119.81 13393.3339
0.14 0.15 0 101.37 10435.3931
0.14 0.15 1 148.78 21208.4916
0.14 0.15 2 163.03 20546.3891
0.14 0.15 3 114.77 12312.0371
0.14 0.15 4 87.72 5129.9816
0.14 0.15 5 94.78 8309.7316
0.14 0.15 6 68.62 4477.0356
0.14 0.15 7 66.11 3936.0179
0.14 0.15 8 72.14 3612.8404
0.14 0.15 9 73.35 4035.1475
0.14 0.15 10 76.16 4785.0944
0.14 0.15 11 70.4 4108.04
0.14 0.15 12 104.68 11083.4576
0.14 0.15 13 116.16 12545.4544
0.14 0.15 14 115.82 16774.1276
0.14 0.15 15 127.54 12936.5884
0.14 0.15 16 121.21 12195.9059
0.14 0.15 17 143.83 15149.7011
0.14 0.15 18 135.61 16740.2979
0.14 0.15 19 150.45 19741.8275
0.15 0.16 0 107.08 11912.9936
0.15 0.16 1 130.44 18291.6464
0.15 0.16 2 174.13 35712.3331
0.15 0.16 3 152.59 26004.3019
0.15 0.16 4 109.39 13923.4179
0.15 0.16 5 92.4 4832.78
0.15 0.16 6 64.68 3472.3576
0.15 0.16 7 68.75 2714.4875
0.15 0.16 8 64.82 3414.7676
0.15 0.16 9 70.51 4034.8699
0.15 0.16 10 78.85 5206.1675
0.15 0.16 11 94.86 4256.7604
0.15 0.16 12 111.16 8886.4144
0.15 0.16 13 104.84 9071.3144
0.15 0.16 14 119.69 12723.2539
0.15 0.16 15 117.97 13075.7091
0.15 0.16 16 160.23 31121.5571
0.15 0.16 17 141.75 19474.1475
0.15 0.16 18 140.82 19423.7676
0.15 0.16 19 139.42 16209.6836
0.16 0.17 0 116.23 12280.0171
0.16 0.17 1 146.78 19200.3116
0.16 0.17 2 188.08 34731.5736
0.16 0.17 3 131.76 16977.4424
0.16 0.17 4 116.79 13226.6459
0.16 0.17 5 92.46 6535.8884
0.16 0.17 6 85.01 6631.4099
0.16 0.17 7 68.73 2907.5771
0.16 0.17 8 107.31 9623.2939
0.16 0.17 9 82.07 5798.3651
0.16 0.17 10 96.2 7567.74
0.16 0.17 11 107.47 10513.3891
0.16 0.17 12 127.22 16093.6516
0.16 0.17 13 139.79 22989.5659
0.16 0.17 14 134.66 13131.9444
0.16 0.17 15 151.75 27358.6875
0.16 0.17 16 208.62 28271.5756
0.16 0.17 17 207.61 43356.8779
0.16 0.17 18 249.14 54791.9204
0.16 0.17 19 280.91 76687.5419
0.17 0.18 0 96.03 8470.0891
0.17 0.18 1 131.5 14879.93
0.17 0.18 2 182.85 30946.0275
0.17 0.18 3 170.52 22559.1496
0.17 0.18 4 132.22 18954.2916
0.17 0.18 5 104.27 13305.4371
0.17 0.18 6 92.34 5808.0644
0.17 0.18 7 95.35 6426.0875
0.17 0.18 8 109.67 9912.6011
0.17 0.18 9 113.82 9897.2476
0.17 0.18 10 122.46 12107.1284
0.17 0.18 11 126.69 7854.9139
0.17 0.18 12 150.71 21303.7059
0.17 0.18 13 150.48 21616.5496
0.17 0.18 14 204.54 53584.6084
0.17 0.18 15 149.14 18538.6204
0.17 0.18 16 184.89 33208.2579
0.17 0.18 17 249.02 71808.4596
0.17 0.18 18 218.3 45563.21
0.17 0.18 19 262.33 94373.6611
0.18 0.19 0 98.09 11732.6819
0.18 0.19 1 187.92 32927.7536
0.18 0.19 2 224.19 37389.0139
0.18 0.19 3 161.34 27024.1044
0.18 0.19 4 112.92 16871.4736
0.18 0.19 5 85.4 6133.26
0.18 0.19 6 84.62 8396.0956
0.18 0.19 7 78.49 3997.6699
0.18 0.19 8 82.16 5093.9944
0.18 0.19 9 106.13 12815.1531
0.18 0.19 10 107.91 9088.5819
0.18 0.19 11 116.52 15318.4296
0.18 0.19 12 123.67 12986.6811
0.18 0.19 13 134.82 17226.3876
0.18 0.19 14 160.09 30743.2019
0.18 0.19 15 146.51 34109.6299
0.18 0.19 16 143.25 45074.1275
0.18 0.19 17 172.86 32338.1204
0.18 0.19 18 156.19 25056.6539
0.18 0.19 19 155.4 23562.9
0.19 0.2 0 107.59 10876.6419
0.19 0.2 1 128.56 20308.8064
0.19 0.2 2 191.31 31805.7939
0.19 0.2 3 133.93 11510.5051
0.19 0.2 4 106.37 10401.3731
0.19 0.2 5 79.3 8967.79
0.19 0.2 6 111.78 10869.2316
0.19 0.2 7 109.24 10132.4824
0.19 0.2 8 106.23 12659.4571
0.19 0.2 9 138.21 28098.9659
0.19 0.2 10 135.14 21689.3204
0.19 0.2 11 126.91 19574.5019
0.19 0.2 12 152.02 32404.6996
0.19 0.2 13 121.05 14632.3075
0.19 0.2 14 154.38 26858.6156
0.19 0.2 15 204.58 42201.6436
0.19 0.2 16 207.54 51774.5084
0.19 0.2 17 229.81 65181.8339
0.19 0.2 18 247.96 100055.0984
0.19 0.2 19 238.8 64947.06
0.2 0.21 0 106.48 10026.6496
0.2 0.21 1 134.57 16666.3251
0.2 0.21 2 264.43 53272.2651
0.2 0.21 3 153.61 16635.6979
0.2 0.21 4 116.48 14490.8896
0.2 0.21 5 102.59 8791.5019
0.2 0.21 6 104.44 9201.6464
0.2 0.21 7 101.03 11863.5891
0.2 0.21 8 122.96 13090.2784
0.2 0.21 9 108.77 13029.9971
0.2 0.21 10 119.63 20133.7531
0.2 0.21 11 156.76 26726.0824
0.2 0.21 12 175.17 33311.3411
0.2 0.21 13 165.53 27007.7291
0.2 0.21 14 185.46 49925.7284
0.2 0.21 15 184.08 37723.4936
0.2 0.21 16 262.07 102999.9051
0.2 0.21 17 242.4 75050.9
0.2 0.21 18 298.9 158598.85
0.2 0.21 19 219.96 61543.5584
0.21 0.22 0 88.01 9716.2099
0.21 0.22 1 135.16 19941.0544
0.21 0.22 2 192.78 28625.8316
0.21 0.22 3 183.9 32398.89
0.21 0.22 4 124.33 18918.7811
0.21 0.22 5 126.9 11074.15
0.21 0.22 6 114.34 13107.1844
0.21 0.22 7 104.94 10175.4964
0.21 0.22 8 121.22 11376.1316
0.21 0.22 9 109.73 12830.3571
0.21 0.22 10 140.48 18164.6096
0.21 0.22 11 150.93 24274.1851
0.21 0.22 12 149.77 23348.0171
0.21 0.22 13 272.93 125347.4251
0.21 0.22 14 227.57 56560.5251
0.21 0.22 15 242.63 83575.7731
0.21 0.22 16 206.59 68525.2819
0.21 0.22 17 259.29 86204.1259
0.21 0.22 18 252.11 94986.2779
0.21 0.22 19 331.88 127022.3256
0.22 0.23 0 108.73 10881.8171
0.22 0.23 1 171.59 28871.1819
0.22 0.23 2 241.0 44996.88
0.22 0.23 3 186.91 24973.9619
0.22 0.23 4 139.91 20685.6219
0.22 0.23 5 133.98 15514.1596
0.22 0.23 6 114.89 12171.9379
0.22 0.23 7 114.4 18713.0
0.22 0.23 8 121.13 15074.8731
0.22 0.23 9 129.36 18364.7304
0.22 0.23 10 146.89 21498.3379
0.22 0.23 11 171.45 32374.1875
0.22 0.23 12 169.29 30015.5459
0.22 0.23 13 171.65 32240.0075
0.22 0.23 14 231.88 95717.3456
0.22 0.23 15 201.76 39546.4424
0.22 0.23 16 231.23 58990.4971
0.22 0.23 17 250.93 88859.3851
0.22 0.23 18 287.01 76471.7299
0.22 0.23 19 336.35 173967.4275
0.23 0.24 0 112.94 13663.5564
0.23 0.24 1 150.26 17868.8324
0.23 0.24 2 206.5 42634.31
0.23 0.24 3 175.32 26897.3176
0.23 0.24 4 150.66 30658.0244
0.23 0.24 5 141.2 19406.6
0.23 0.24 6 112.78 8641.9316
0.23 0.24 7 130.05 15259.1475
0.23 0.24 8 131.87 19457.7531
0.23 0.24 9 142.87 17773.1331
0.23 0.24 10 136.41 18528.5219
0.23 0.24 11 151.74 24086.1124
0.23 0.24 12 154.94 20498.8564
0.23 0.24 13 179.75 35856.9275
0.23 0.24 14 197.08 43112.5136
0.23 0.24 15 248.58 51414.0436
0.23 0.24 16 244.68 93245.0776
0.23 0.24 17 280.19 102445.1539
0.23 0.24 18 289.02 121766.9596
0.23 0.24 19 367.09 166169.0219
0.24 0.25 0 90.26 8172.2724
0.24 0.25 1 148.39 19104.9379
0.24 0.25 2 236.46 57544.8884
0.24 0.25 3 167.95 37258.7075
0.24 0.25 4 161.36 25381.8304
0.24 0.25 5 93.05 6609.2075
0.24 0.25 6 126.76 19851.2824
0.24 0.25 7 127.16 19048.7544
0.24 0.25 8 129.72 17138.6816
0.24 0.25 9 100.25 10896.7875
0.24 0.25 10 154.71 25599.2059
0.24 0.25 11 168.02 26640.1596
0.24 0.25 12 225.81 75711.5739
0.24 0.25 13 203.93 42619.3251
0.24 0.25 14 197.46 66600.5484
0.24 0.25 15 241.94 87302.7164
0.24 0.25 16 219.71 67192.4059
0.24 0.25 17 245.74 80402.2524
0.24 0.25 18 347.32 159349.7176
0.24 0.25 19 306.48 195051.3096
0.25 0.26 0 105.86 10006.3804
0.25 0.26 1 157.62 15918.4156
0.25 0.26 2 134.85 15772.3475
0.25 0.26 3 99.43 9978.2251
0.25 0.26 4 67.56 6485.6664
0.25 0.26 5 65.59 4343.4219
0.25 0.26 6 51.4 1888.24
0.25 0.26 7 66.82 3013.1476
0.25 0.26 8 47.03 1920.9291
0.25 0.26 9 65.44 4699.2664
0.25 0.26 10 63.22 2460.8716
0.25 0.26 11 69.26 3335.6924
0.25 0.26 12 75.08 3973.2136
0.25 0.26 13 81.66 4403.1244
0.25 0.26 14 69.35 3519.0875
0.25 0.26 15 88.27 3729.1371
0.25 0.26 16 91.09 5902.1819
0.25 0.26 17 89.95 5186.3075
0.25 0.26 18 90.27 3826.0971
0.25 0.26 19 119.31 8038.6539
0.26 0.27 0 104.39 10792.1779
0.26 0.27 1 176.86 30327.7604
0.26 0.27 2 133.24 14286.3824
0.26 0.27 3 130.17 12390.2211
0.26 0.27 4 82.13 6305.7131
0.26 0.27 5 104.39 12889.1579
0.26 0.27 6 79.64 4760.7304
0.26 0.27 7 58.25 2640.9475
0.26 0.27 8 71.0 4788.96
0.26 0.27 9 63.48 3139.0896
0.26 0.27 10 91.83 7985.4411
0.26 0.27 11 78.26 4343.1124
0.26 0.27 12 108.59 9752.2019
0.26 0.27 13 96.19 8657.5739
0.26 0.27 14 98.56 7121.0464
0.26 0.27 15 91.65 5931.9075
0.26 0.27 16 104.21 9312.4859
0.26 0.27 17 122.29 10932.2259
0.26 0.27 18 127.48 11460.0496
0.26 0.27 19 135.34 18567.1244
0.27 0.28 0 115.48 12454.9096
0.27 0.28 1 138.26 17380.7724
0.27 0.28 2 133.41 12420.0219
0.27 0.28 3 113.8 9753.62
0.27 0.28 4 106.84 8224.9544
0.27 0.28 5 90.4 8852.76
0.27 0.28 6 75.69 5834.7339
0.27 0.28 7 85.52 7055.1896
0.27 0.28 8 90.04 6555.5784
0.27 0.28 9 75.76 5539.3624
0.27 0.28 10 101.5 9364.65
0.27 0.28 11 95.91 6497.1419
0.27 0.28 12 111.09 12871.8419
0.27 0.28 13 128.73 13605.9971
0.27 0.28 14 144.53 15693.3091
0.27 0.28 15 131.16 19119.6144
0.27 0.28 16 159.48 21736.6296
0.27 0.28 17 168.78 30544.2916
0.27 0.28 18 180.91 27114.5619
0.27 0.28 19 191.5 38479.65
0.28 0.29 0 90.78 9924.7716
0.28 0.29 1 159.59 31442.9019
0.28 0.29 2 162.98 22731.0996
0.28 0.29 3 101.87 12497.2931
0.28 0.29 4 106.87 12151.6331
0.28 0.29 5 79.02 4884.3796
0.28 0.29 6 66.96 4477.2984
0.28 0.29 7 77.13 4555.5531
0.28 0.29 8 82.02 7015.4396
0.28 0.29 9 81.4 5634.22
0.28 0.29 10 89.38 7072.3956
0.28 0.29 11 92.54 7486.3484
0.28 0.29 12 88.02 6818.8796
0.28 0.29 13 119.51 11696.1299
0.28 0.29 14 95.3 8357.63
0.28 0.29 15 115.47 8452.5091
0.28 0.29 16 132.79 14613.7859
0.28 0.29 17 132.56 18956.3064
0.28 0.29 18 143.24 18912.6024
0.28 0.29 19 163.68 26278.5576
0.29 0.3 0 100.15 7697.0475
0.29 0.3 1 151.81 17412.9339
0.29 0.3 2 129.84 16838.7144
0.29 0.3 3 134.33 14204.0611
0.29 0.3 4 110.49 13227.3499
0.29 0.3 5 107.46 10167.3084
0.29 0.3 6 75.1 4192.51
0.29 0.3 7 76.56 5066.8064
0.29 0.3 8 86.08 6708.3936
0.29 0.3 9 102.56 8470.8464
0.29 0.3 10 113.25 15051.7675
0.29 0.3 11 125.0 17722.1
0.29 0.3 12 149.27 19253.5971
0.29 0.3 13 163.98 26537.9596
0.29 0.3 14 198.28 37245.8216
0.29 0.3 15 127.3 16367.13
0.29 0.3 16 220.56 84015.2664
0.29 0.3 17 220.23 50612.7571
0.29 0.3 18 240.97 54416.8491
0.29 0.3 19 285.34 100538.0844
0.3 0.31 0 104.18 9639.2076
0.3 0.31 1 166.36 17830.8704
0.3 0.31 2 141.5 16279.11
0.3 0.31 3 120.82 11836.5876
0.3 0.31 4 113.44 11762.5464
0.3 0.31 5 91.51 7074.5499
0.3 0.31 6 91.91 8243.7819
0.3 0.31 7 92.91 7020.6819
0.3 0.31 8 104.98 11432.8996
0.3 0.31 9 105.33 11609.5611
0.3 0.31 10 110.21 13032.9059
0.3 0.31 11 141.66 10336.1044
0.3 0.31 12 129.93 13827.4451
0.3 0.31 13 178.4 44177.24
0.3 0.31 14 167.35 26473.2875
0.3 0.31 15 157.89 31851.1179
0.3 0.31 16 214.3 54643.65
0.3 0.31 17 218.72 54936.1016
0.3 0.31 18 254.48 68320.3296
0.3 0.31 19 262.77 55401.0371
0.31 0.32 0 110.79 15818.3659
0.31 0.32 1 188.04 39785.1984
0.31 0.32 2 156.61 19301.4979
0.31 0.32 3 129.43 16339.5051
0.31 0.32 4 101.56 11239.5064
0.31 0.32 5 73.21 4952.2859
0.31 0.32 6 80.8 5045.18
0.31 0.32 7 65.69 4184.3939
0.31 0.32 8 88.18 7439.8476
0.31 0.32 9 97.15 9824.2275
0.31 0.32 10 83.08 5694.6536
0.31 0.32 11 106.32 9868.4576
0.31 0.32 12 105.73 8562.6971
0.31 0.32 13 110.34 10271.1244
0.31 0.32 14 100.33 16154.0611
0.31 0.32 15 130.16 22157.2344
0.31 0.32 16 126.33 21546.5411
0.31 0.32 17 135.14 15904.9604
0.31 0.32 18 128.72 12627.7416
0.31 0.32 19 126.86 14718.0404
0.32 0.33 0 96.74 8372.4324
0.32 0.33 1 147.62 17096.9356
0.32 0.33 2 147.42 20725.2636
0.32 0.33 3 137.48 14510.4496
0.32 0.33 4 98.8 6863.74
0.32 0.33 5 112.04 11405.7184
0.32 0.33 6 112.3 11611.39
0.32 0.33 7 106.07 13506.0251
0.32 0.33 8 106.88 18366.1056
0.32 0.33 9 114.09 21499.8019
0.32 0.33 10 129.48 25305.7096
0.32 0.33 11 146.78 19589.7516
0.32 0.33 12 184.56 46089.5064
0.32 0.33 13 186.61 35095.9979
0.32 0.33 14 225.28 72132.7016
0.32 0.33 15 221.39 56832.0779
0.32 0.33 16 247.78 97688.5316
0.32 0.33 17 221.33 71404.9611
0.32 0.33 18 287.37 107180.4731
0.32 0.33 19 252.49 88990.6699
0.33 0.34 0 107.28 12026.6616
0.33 0.34 1 170.39 23415.4979
0.33 0.34 2 138.51 22636.2499
0.33 0.34 3 140.03 20196.1091
0.33 0.34 4 112.3 9030.09
0.33 0.34 5 130.33 15510.8411
0.33 0.34 6 97.58 10104.5636
0.33 0.34 7 94.43 9915.4051
0.33 0.34 8 103.68 10856.9376
0.33 0.34 9 130.88 13884.6256
0.33 0.34 10 137.46 18322.9084
0.33 0.34 11 144.98 21427.3596
0.33 0.34 12 180.95 34140.7475
0.33 0.34 13 208.25 46035.9675
0.33 0.34 14 255.15 70126.2875
0.33 0.34 15 235.56 59716.2664
0.33 0.34 16 297.5 97351.75
0.33 0.34 17 305.08 79249.8136
0.33 0.34 18 320.04 165195.6384
0.33 0.34 19 338.12 194736.2256
0.34 0.35 0 99.1 8794.57
0.34 0.35 1 170.34 25933.8444
0.34 0.35 2 164.63 22557.9931
0.34 0.35 3 143.88 24474.8656
0.34 0.35 4 130.83 20127.9611
0.34 0.35 5 105.5 11643.69
0.34 0.35 6 88.82 6193.6876
0.34 0.35 7 82.83 5449.3811
0.34 0.35 8 111.09 10063.7419
0.34 0.35 9 108.72 12234.6816
0.34 0.35 10 118.21 17922.1459
0.34 0.35 11 145.31 16967.1939
0.34 0.35 12 153.71 19340.3259
0.34 0.35 13 171.12 45754.9656
0.34 0.35 14 202.83 38245.6011
0.34 0.35 15 214.1 53007.75
0.34 0.35 16 210.39 43771.8979
0.34 0.35 17 336.5 135498.69
0.34 0.35 18 300.92 134432.2936
0.34 0.35 19 277.85 75296.6875
0.35 0.36 0 95.69 9850.9539
0.35 0.36 1 183.79 38407.6459
0.35 0.36 2 176.81 28320.5939
0.35 0.36 3 154.71 18358.4459
0.35 0.36 4 138.71 17543.0459
0.35 0.36 5 107.94 10875.0764
0.35 0.36 6 115.82 13247.2076
0.35 0.36 7 128.6 14191.02
0.35 0.36 8 106.49 9373.2899
0.35 0.36 9 120.52 15874.5096
0.35 0.36 10 123.49 14641.9499
0.35 0.36 11 165.22 25308.1316
0.35 0.36 12 199.0 50738.5
0.35 0.36 13 164.61 23879.5979
0.35 0.36 14 180.33 34650.9411
0.35 0.36 15 264.88 72940.4056
0.35 0.36 16 295.04 123343.0384
0.35 0.36 17 280.06 92810.2964
0.35 0.36 18 367.68 200966.0576
0.35 0.36 19 373.8 235547.44
0.36 0.37 0 86.0 6113.16
0.36 0.37 1 157.22 32559.4716
0.36 0.37 2 150.69 26426.9539
0.36 0.37 3 179.2 33315.32
0.36 0.37 4 139.14 17538.3404
0.36 0.37 5 106.79 8578.8259
0.36 0.37 6 114.83 13478.0811
0.36 0.37 7 124.13 23660.2531
0.36 0.37 8 128.98 13649.6196
0.36 0.37 9 159.95 29168.6675
0.36 0.37 10 159.31 22537.4939
0.36 0.37 11 168.92 24499.6736
0.36 0.37 12 193.28 43427.2416
0.36 0.37 13 198.84 39147.3544
0.36 0.37 14 297.47 108135.4891
0.36 0.37 15 311.23 84261.8371
0.36 0.37 16 335.01 160066.9299
0.36 0.37 17 303.53 101590.4291
0.36 0.37 18 378.27 156924.0371
0.36 0.37 19 362.13 217314.6531
0.37 0.38 0 123.09 10270.7819
0.37 0.38 1 171.21 29443.7459
0.37 0.38 2 163.3 26884.09
0.37 0.38 3 167.97 29293.4291
0.37 0.38 4 114.16 10651.7944
0.37 0.38 5 86.77 8811.4971
0.37 0.38 6 51.56 1997.3064
0.37 0.38 7 67.8 4617.64
0.37 0.38 8 88.11 8850.9179
0.37 0.38 9 88.58 7245.7836
0.37 0.38 10 99.24 8757.0024
0.37 0.38 11 103.13 11410.0731
0.37 0.38 12 105.45 6866.5475
0.37 0.38 13 124.64 19262.1504
0.37 0.38 14 137.88 23282.4056
0.37 0.38 15 161.17 31529.2411
0.37 0.38 16 146.16 23022.5944
0.37 0.38 17 112.37 18413.2731
0.37 0.38 18 170.14 44140.1204
0.37 0.38 19 161.9 56688.81
0.38 0.39 0 107.27 12019.0371
0.38 0.39 1 177.37 39710.5331
0.38 0.39 2 136.01 21873.1499
0.38 0.39 3 156.66 22921.7844
0.38 0.39 4 105.33 9863.8211
0.38 0.39 5 95.25 7350.0075
0.38 0.39 6 104.38 7987.8556
0.38 0.39 7 108.42 9757.9636
0.38 0.39 8 86.64 11852.0504
0.38 0.39 9 113.1 13995.19
0.38 0.39 10 117.18 11422.9676
0.38 0.39 11 147.29 22369.5859
0.38 0.39 12 144.86 25925.7404
0.38 0.39 13 161.07 33764.7251
0.38 0.39 14 175.07 42828.2251
0.38 0.39 15 176.17 44883.0811
0.38 0.39 16 200.93 59656.3851
0.38 0.39 17 219.66 80112.6444
0.38 0.39 18 313.8 143615.38
0.38 0.39 19 232.17 74223.9411
0.39 0.4 0 109.44 8551.4264
0.39 0.4 1 163.99 25109.8699
0.39 0.4 2 127.74 11047.8524
0.39 0.4 3 154.77 21135.6571
0.39 0.4 4 145.83 18578.1011
0.39 0.4 5 124.34 14656.0044
0.39 0.4 6 108.82 12153.5476
0.39 0.4 7 104.26 13004.6124
0.39 0.4 8 120.0 13271.88
0.39 0.4 9 111.34 17047.7644
0.39 0.4 10 164.3 42370.75
0.39 0.4 11 158.53 37306.3291
0.39 0.4 12 170.85 40811.2275
0.39 0.4 13 174.8 42809.08
0.39 0.4 14 239.41 74087.7819
0.39 0.4 15 184.68 50950.8376
0.39 0.4 16 200.97 62695.0491
0.39 0.4 17 219.13 96326.7331
0.39 0.4 18 364.39 170249.1379
0.39 0.4 19 308.03 178033.6691
0.4 0.41 0 107.56 13678.0664
0.4 0.41 1 171.27 28900.7971
0.4 0.41 2 164.19 23895.0139
0.4 0.41 3 155.77 22796.2571
0.4 0.41 4 150.9 23934.87
0.4 0.41 5 96.02 7718.5796
0.4 0.41 6 103.84 9444.8544
0.4 0.41 7 98.06 8684.1364
0.4 0.41 8 97.54 12551.4484
0.4 0.41 9 122.07 18844.3651
0.4 0.41 10 139.5 40607.79
0.4 0.41 11 175.4 29146.4
0.4 0.41 12 171.64 30219.7904
0.4 0.41 13 198.1 53459.39
0.4 0.41 14 205.02 55710.6996
0.4 0.41 15 189.35 60964.2075
0.4 0.41 16 247.99 78651.5299
0.4 0.41 17 247.92 77275.3736
0.4 0.41 18 303.27 128714.9971
0.4 0.41 19 262.29 96771.9059
0.41 0.42 0 90.18 9974.0676
0.41 0.42 1 162.37 20194.9331
0.41 0.42 2 187.33 37079.3811
0.41 0.42 3 135.17 19051.4811
0.41 0.42 4 146.41 24284.2619
0.41 0.42 5 122.21 13222.1659
0.41 0.42 6 116.49 9441.1899
0.41 0.42 7 147.29 18820.2659
0.41 0.42 8 125.24 20047.1624
0.41 0.42 9 132.97 17374.4691
0.41 0.42 10 143.0 28103.46
0.41 0.42 11 191.97 41519.1291
0.41 0.42 12 228.5 70016.47
0.41 0.42 13 232.42 58724.7036
0.41 0.42 14 239.07 80685.6451
0.41 0.42 15 192.99 46622.8299
0.41 0.42 16 384.07 180698.3851
0.41 0.42 17 381.49 124645.3499
0.41 0.42 18 347.27 186847.7171
0.41 0.42 19 355.78 168991.1516
0.42 0.43 0 102.87 8914.5131
0.42 0.43 1 172.4 25100.96
0.42 0.43 2 148.79 20681.1859
0.42 0.43 3 157.84 28742.7744
0.42 0.43 4 131.72 18228.1616
0.42 0.43 5 98.28 8644.2216
0.42 0.43 6 95.44 12545.1664
0.42 0.43 7 125.26 13787.2124
0.42 0.43 8 123.79 17443.8459
0.42 0.43 9 154.53 30973.2291
0.42 0.43 10 163.38 29802.3756
0.42 0.43 11 250.48 71443.6896
0.42 0.43 12 182.84 46985.8744
0.42 0.43 13 244.9 71442.71
0.42 0.43 14 287.13 84934.5731
0.42 0.43 15 294.91 77339.7219
0.42 0.43 16 260.0 103372.1
0.42 0.43 17 351.4 202883.34
0.42 0.43 18 329.17 158811.2411
0.42 0.43 19 313.84 110619.3144
0.43 0.44 0 119.8 20930.16
0.43 0.44 1 176.87 30555.6331
0.43 0.44 2 136.12 21745.6656
0.43 0.44 3 116.44 12678.2664
0.43 0.44 4 118.83 12240.7811
0.43 0.44 5 114.8 18151.58
0.43 0.44 6 100.89 13305.0779
0.43 0.44 7 96.95 9853.3675
0.43 0.44 8 111.6 11129.94
0.43 0.44 9 108.53 12072.7491
0.43 0.44 10 123.96 13153.9784
0.43 0.44 11 138.52 21369.8696
0.43 0.44 12 190.15 50716.1875
0.43 0.44 13 184.38 50352.0356
0.43 0.44 14 179.33 52235.5011
0.43 0.44 15 252.93 78884.1451
0.43 0.44 16 227.97 120518.1491
0.43 0.44 17 258.19 102566.5339
0.43 0.44 18 250.28 103583.8016
0.43 0.44 19 313.05 122571.9875
0.44 0.45 0 100.62 10582.7556
0.44 0.45 1 188.9 32484.89
0.44 0.45 2 170.93 23235.5051
0.44 0.45 3 142.13 23488.0531
0.44 0.45 4 134.85 25942.9675
0.44 0.45 5 111.75 14676.8275
0.44 0.45 6 111.49 10141.0099
0.44 0.45 7 109.05 15308.1475
0.44 0.45 8 110.22 12639.2116
0.44 0.45 9 171.82 51023.1276
0.44 0.45 10 179.34 46066.4444
0.44 0.45 11 187.25 40797.7475
0.44 0.45 12 198.48 50300.0296
0.44 0.45 13 215.61 53484.8179
0.44 0.45 14 264.38 103565.7956
0.44 0.45 15 212.76 65559.9824
0.44 0.45 16 341.95 168300.0275
0.44 0.45 17 303.09 111225.7819
0.44 0.45 18 465.01 324224.7299
0.44 0.45 19 316.99 240187.1499
0.45 0.46 0 85.83 6600.3811
0.45 0.46 1 181.91 24681.7819
0.45 0.46 2 165.86 27233.3404
0.45 0.46 3 163.62 27447.9756
0.45 0.46 4 157.76 24106.1424
0.45 0.46 5 117.03 18351.5691
0.45 0.46 6 110.48 13060.7896
0.45 0.46 7 118.32 11786.1976
0.45 0.46 8 129.38 19477.9356
0.45 0.46 9 157.44 25153.3464
0.45 0.46 10 162.45 36446.3275
0.45 0.46 11 204.05 76056.8275
0.45 0.46 12 195.39 58783.7179
0.45 0.46 13 226.84 51049.7144
0.45 0.46 14 245.02 80506.6796
0.45 0.46 15 240.71 81848.8459
0.45 0.46 16 260.72 99232.3816
0.45 0.46 17 363.98 326933.2396
0.45 0.46 18 290.25 91843.6475
0.45 0.46 19 383.43 329114.0651
0.46 0.47 0 121.38 11161.1956
0.46 0.47 1 210.7 62153.81
0.46 0.47 2 175.82 31060.8876
0.46 0.47 3 132.0 19214.42
0.46 0.47 4 95.41 9220.2019
0.46 0.47 5 115.79 14153.0859
0.46 0.47 6 101.03 9288.9291
0.46 0.47 7 135.89 19744.5379
0.46 0.47 8 156.49 25350.8499
0.46 0.47 9 149.01 30491.9299
0.46 0.47 10 188.75 52446.3875
0.46 0.47 11 174.5 31968.01
0.46 0.47 12 173.07 45399.3451
0.46 0.47 13 186.62 51367.1356
0.46 0.47 14 277.57 105856.4451
0.46 0.47 15 244.56 88863.6064
0.46 0.47 16 253.79 138983.5259
0.46 0.47 17 303.77 156786.3971
0.46 0.47 18 302.58 196965.8036
0.46 0.47 19 354.94 228226.8164
0.47 0.48 0 92.56 9439.6264
0.47 0.48 1 218.05 41060.2875
0.47 0.48 2 172.35 29145.0675
0.47 0.48 3 166.19 20677.6139
0.47 0.48 4 132.45 25190.9675
0.47 0.48 5 117.75 12120.3475
0.47 0.48 6 126.52 13393.7496
0.47 0.48 7 127.95 16657.4075
0.47 0.48 8 154.98 26397.6796
0.47 0.48 9 157.07 19518.8051
0.47 0.48 10 159.76 36167.2424
0.47 0.48 11 168.24 26510.2224
0.47 0.48 12 246.2 92110.28
0.47 0.48 13 237.8 104793.78
0.47 0.48 14 244.45 104099.7475
0.47 0.48 15 336.22 147324.2316
0.47 0.48 16 297.6 114008.38
0.47 0.48 17 308.89 170604.7379
0.47 0.48 18 390.83 271811.6211
0.47 0.48 19 371.11 210670.0779
0.48 0.49 0 93.79 11804.6459
0.48 0.49 1 231.17 46889.3811
0.48 0.49 2 202.11 29966.5179
0.48 0.49 3 156.75 24246.5675
0.48 0.49 4 119.25 10507.2275
0.48 0.49 5 108.71 11592.2059
0.48 0.49 6 138.06 17749.5764
0.48 0.49 7 116.2 12948.6
0.48 0.49 8 101.36 9872.8104
0.48 0.49 9 153.58 18220.2036
0.48 0.49 10 161.23 30378.1771
0.48 0.49 11 195.94 35367.2964
0.48 0.49 12 184.84 44920.8744
0.48 0.49 13 238.16 79859.6944
0.48 0.49 14 213.67 62778.9211
0.48 0.49 15 301.34 211434.1244
0.48 0.49 16 298.76 120012.5824
0.48 0.49 17 261.94 80223.2564
0.48 0.49 18 412.87 255720.8331
0.48 0.49 19 507.85 446970.0675
0.49 0.5 0 97.88 8759.3856
0.49 0.5 1 184.76 31916.2624
0.49 0.5 2 183.6 53199.5
0.49 0.5 3 134.0 14759.96
0.49 0.5 4 131.45 16037.2875
0.49 0.5 5 87.93 6478.7851
0.49 0.5 6 84.47 7441.7491
0.49 0.5 7 122.29 21195.5659
0.49 0.5 8 114.41 14483.5419
0.49 0.5 9 137.9 21404.41
0.49 0.5 10 125.69 22571.8539
0.49 0.5 11 145.27 35052.9371
0.49 0.5 12 151.86 41416.7404
0.49 0.5 13 150.94 37228.7364
0.49 0.5 14 236.22 85607.8716
0.49 0.5 15 227.96 94435.3784
0.49 0.5 16 224.34 115926.9844
0.49 0.5 17 328.04 149976.3384
0.49 0.5 18 321.18 204041.6876
0.49 0.5 19 282.83 151039.8011
0.5 0.51 0 100.9 12160.73
0.5 0.51 1 205.62 42424.5156
0.5 0.51 2 174.97 27114.8491
0.5 0.51 3 132.04 15143.7984
0.5 0.51 4 96.43 7292.6251
0.5 0.51 5 100.12 9812.7856
0.5 0.51 6 72.41 4889.1219
0.5 0.51 7 70.52 4419.3096
0.5 0.51 8 72.39 3931.4179
0.5 0.51 9 51.21 2073.6859
0.5 0.51 10 70.49 3446.3499
0.5 0.51 11 72.69 3599.2939
0.5 0.51 12 76.2 5055.78
0.5 0.51 13 68.12 3053.3256
0.5 0.51 14 78.83 4129.3611
0.5 0.51 15 91.36 6965.4904
0.5 0.51 16 84.37 4997.4731
0.5 0.51 17 105.14 9669.8004
0.5 0.51 18 110.53 8342.3491
0.5 0.51 19 105.03 8699.1491
0.51 0.52 0 97.7 10370.91
0.51 0.52 1 217.86 50094.9804
0.51 0.52 2 155.32 18597.5576
0.51 0.52 3 132.68 20429.3176
0.51 0.52 4 127.17 11396.0411
0.51 0.52 5 104.83 10031.1811
0.51 0.52 6 69.98 4947.2396
0.51 0.52 7 72.55 3368.2275
0.51 0.52 8 87.51 5469.1299
0.51 0.52 9 70.79 3761.7859
0.51 0.52 10 65.42 3461.8436
0.51 0.52 11 75.27 4537.6771
0.51 0.52 12 94.4 7472.26
0.51 0.52 13 86.62 5969.6956
0.51 0.52 14 102.27 6375.0971
0.51 0.52 15 110.85 10341.5475
0.51 0.52 16 106.6 8774.76
0.51 0.52 17 100.16 9691.6944
0.51 0.52 18 128.07 9745.8451
0.51 0.52 19 121.75 9303.7275
0.52 0.53 0 103.06 9331.2564
0.52 0.53 1 212.13 39249.6731
0.52 0.53 2 209.97 42332.3891
0.52 0.53 3 142.72 18530.5416
0.52 0.53 4 136.61 17350.0179
0.52 0.53 5 96.15 8977.3075
0.52 0.53 6 85.7 6715.11
0.52 0.53 7 69.94 4478.4364
0.52 0.53 8 82.22 7415.4116
0.52 0.53 9 87.36 5533.4304
0.52 0.53 10 73.34 6518.4044
0.52 0.53 11 101.28 9694.8416
0.52 0.53 12 96.9 9224.37
0.52 0.53 13 102.02 8495.3396
0.52 0.53 14 128.44 13469.6664
0.52 0.53 15 127.41 17763.1419
0.52 0.53 16 132.32 14992.3576
0.52 0.53 17 150.25 18658.7275
0.52 0.53 18 165.52 27142.7496
0.52 0.53 19 201.96 50216.5984
0.53 0.54 0 92.87 10297.2731
0.53 0.54 1 170.96 34194.1384
0.53 0.54 2 167.9 25295.47
0.53 0.54 3 136.54 16696.5884
0.53 0.54 4 119.08 17145.1336
0.53 0.54 5 92.48 7329.7496
0.53 0.54 6 89.5 7934.79
0.53 0.54 7 86.58 9196.5836
0.53 0.54 8 82.41 5906.4219
0.53 0.54 9 71.55 4446.9875
0.53 0.54 10 88.32 8525.2176
0.53 0.54 11 82.51 4751.3099
0.53 0.54 12 101.26 9381.1124
0.53 0.54 13 102.51 10633.2299
0.53 0.54 14 111.04 10633.6584
0.53 0.54 15 119.76 10428.4624
0.53 0.54 16 115.02 9464.1396
0.53 0.54 17 124.51 11658.7099
0.53 0.54 18 120.53 14433.4091
0.53 0.54 19 120.71 11964.6259
0.54 0.55 0 95.78 7185.3116
0.54 0.55 1 179.33 29853.2211
0.54 0.55 2 168.12 26287.9456
0.54 0.55 3 137.5 21042.49
0.54 0.55 4 129.21 12869.7259
0.54 0.55 5 104.95 9154.4075
0.54 0.55 6 100.58 8364.1836
0.54 0.55 7 81.26 5337.5324
0.54 0.55 8 96.99 8553.5899
0.54 0.55 9 111.42 18042.3236
0.54 0.55 10 131.75 21174.9675
0.54 0.55 11 149.12 23225.7656
0.54 0.55 12 162.64 28462.8104
0.54 0.55 13 144.67 25629.7611
0.54 0.55 14 150.28 20835.8816
0.54 0.55 15 177.63 30255.1531
0.54 0.55 16 206.72 55688.2816
0.54 0.55 17 185.62 38455.8556
0.54 0.55 18 258.59 87654.7619
0.54 0.55 19 269.5 74944.73
0.55 0.56 0 92.23 9283.0971
0.55 0.56 1 225.26 45644.5324
0.55 0.56 2 157.76 23136.3024
0.55 0.56 3 123.6 11363.16
0.55 0.56 4 120.02 18582.8796
0.55 0.56 5 87.38 4881.6556
0.55 0.56 6 89.61 10815.9179
0.55 0.56 7 71.13 4092.9931
0.55 0.56 8 88.39 8336.3979
0.55 0.56 9 97.67 9140.3011
0.55 0.56 10 101.67 11598.8611
0.55 0.56 11 134.53 19218.9291
0.55 0.56 12 142.87 20941.6731
0.55 0.56 13 134.73 16726.1571
0.55 0.56 14 117.39 10529.0979
0.55 0.56 15 164.83 38586.4211
0.55 0.56 16 176.8 40969.62
0.55 0.56 17 160.74 35989.3724
0.55 0.56 18 227.29 63173.7259
0.55 0.56 19 205.2 56431.62
0.56 0.57 0 88.49 7246.9899
0.56 0.57 1 164.83 32740.8611
0.56 0.57 2 182.05 33123.9875
0.56 0.57 3 131.88 18432.7056
0.56 0.57 4 111.67 13889.4811
0.56 0.57 5 88.64 8039.6904
0.56 0.57 6 82.56 7238.6464
0.56 0.57 7 75.19 6325.0139
0.56 0.57 8 62.74 3538.0124
0.56 0.57 9 75.33 4217.3011
0.56 0.57 10 87.76 7674.1024
0.56 0.57 11 77.54 3893.6684
0.56 0.57 12 79.8 6046.24
0.56 0.57 13 80.48 4128.4696
0.56 0.57 14 100.59 7636.3219
0.56 0.57 15 104.09 15150.6419
0.56 0.57 16 94.31 8020.4739
0.56 0.57 17 119.45 10065.9275
0.56 0.57 18 112.34 8370.8444
0.56 0.57 19 124.77 8016.8571
0.57 0.58 0 111.88 11293.4856
0.57 0.58 1 162.9 24897.27
0.57 0.58 2 180.85 25884.8275
0.57 0.58 3 138.37 21859.3931
0.57 0.58 4 129.38 13894.5156
0.57 0.58 5 98.21 8914.4259
0.57 0.58 6 130.45 11724.9675
0.57 0.58 7 129.79 16983.3059
0.57 0.58 8 134.38 28437.5156
0.57 0.58 9 137.33 26164.5211
0.57 0.58 10 146.94 29614.6564
0.57 0.58 11 149.25 20466.5875
0.57 0.58 12 188.11 66961.9779
0.57 0.58 13 245.99 94434.6699
0.57 0.58 14 223.09 87739.7019
0.57 0.58 15 256.89 81148.5379
0.57 0.58 16 240.23 107803.6971
0.57 0.58 17 284.54 115398.8884
0.57 0.58 18 344.9 184730.37
0.57 0.58 19 312.99 243304.6899
0.58 0.59 0 96.94 8521.1964
0.58 0.59 1 196.33 53561.8411
0.58 0.59 2 153.85 21326.4075
0.58 0.59 3 129.49 25127.8499
0.58 0.59 4 122.49 14060.9699
0.58 0.59 5 106.58 14759.1436
0.58 0.59 6 116.97 19270.3491
0.58 0.59 7 113.2 13619.88
0.58 0.59 8 111.39 15079.9979
0.58 0.59 9 142.17 23357.8011
0.58 0.59 10 185.94 53089.8564
0.58 0.59 11 183.71 41064.3659
0.58 0.59 12 193.75 39537.0675
0.58 0.59 13 197.8 52557.86
0.58 0.59 14 218.38 95223.5556
0.58 0.59 15 266.2 72844.78
0.58 0.59 16 255.78 151492.8116
0.58 0.59 17 319.64 165864.4504
0.58 0.59 18 262.46 121075.3084
0.58 0.59 19 366.05 227817.0675
0.59 0.6 0 82.89 5007.2579
0.59 0.6 1 199.49 40832.0099
0.59 0.6 2 160.77 33043.5971
0.59 0.6 3 107.96 11163.7384
0.59 0.6 4 110.54 10672.1284
0.59 0.6 5 96.15 8588.0475
0.59 0.6 6 91.97 6921.1691
0.59 0.6 7 105.08 9265.0336
0.59 0.6 8 115.07 12130.3851
0.59 0.6 9 125.82 13729.1076
0.59 0.6 10 121.67 20069.2611
0.59 0.6 11 159.85 29210.8075
0.59 0.6 12 157.25 22980.0075
0.59 0.6 13 160.59 22548.7419
0.59 0.6 14 175.98 32043.4396
0.59 0.6 15 184.83 32088.1411
0.59 0.6 16 219.15 55021.5075
0.59 0.6 17 236.85 67190.6075
0.59 0.6 18 269.91 93226.0019
0.59 0.6 19 221.82 49934.8876
0.6 0.61 0 104.84 10612.3744
0.6 0.61 1 177.94 25377.0364
0.6 0.61 2 160.11 29685.4379
0.6 0.61 3 120.7 13984.03
0.6 0.61 4 109.08 17214.6536
0.6 0.61 5 105.29 11438.6859
0.6 0.61 6 118.01 14157.3699
0.6 0.61 7 107.79 12003.0259
0.6 0.61 8 97.67 9303.5811
0.6 0.61 9 143.19 24320.5939
0.6 0.61 10 155.7 31667.73
0.6 0.61 11 147.93 23782.7451
0.6 0.61 12 162.25 28348.4275
0.6 0.61 13 170.5 32096.09
0.6 0.61 14 207.97 53280.3091
0.6 0.61 15 235.72 72783.9016
0.6 0.61 16 205.12 53401.6056
0.6 0.61 17 278.9 75479.93
0.6 0.61 18 251.63 63500.0131
0.6 0.61 19 263.23 72012.2571
0.61 0.62 0 94.89 10059.3779
0.61 0.62 1 168.16 28355.7744
0.61 0.62 2 177.15 28480.9875
0.61 0.62 3 132.04 18154.0784
0.61 0.62 4 96.88 9993.0856
0.61 0.62 5 87.14 5540.8804
0.61 0.62 6 95.63 8628.6731
0.61 0.62 7 88.88 6832.5856
0.61 0.62 8 117.66 11810.7044
0.61 0.62 9 109.9 17176.09
0.61 0.62 10 130.73 17575.3571
0.61 0.62 11 139.34 18425.3444
0.61 0.62 12 159.07 22466.6451
0.61 0.62 13 155.67 25720.5611
0.61 0.62 14 212.6 52439.42
0.61 0.62 15 155.1 27606.53
0.61 0.62 16 216.91 47511.1419
0.61 0.62 17 294.8 108470.44
0.61 0.62 18 238.08 60990.9736
0.61 0.62 19 280.73 87478.1571
0.62 0.63 0 104.11 9984.8979
0.62 0.63 1 151.63 28009.2131
0.62 0.63 2 143.73 26898.5371
0.62 0.63 3 124.7 14187.55
0.62 0.63 4 124.3 12720.59
0.62 0.63 5 82.85 5217.8475
0.62 0.63 6 61.57 3239.0851
0.62 0.63 7 53.1 2363.79
0.62 0.63 8 71.63 4622.1931
0.62 0.63 9 65.58 3255.8036
0.62 0.63 10 59.65 3322.3475
0.62 0.63 11 73.35 4176.7475
0.62 0.63 12 74.38 3108.3356
0.62 0.63 13 78.35 5570.8675
0.62 0.63 14 76.24 4609.6224
0.62 0.63 15 86.58 5084.7836
0.62 0.63 16 88.68 5015.2776
0.62 0.63 17 93.06 7870.8164
0.62 0.63 18 100.19 5806.9939
0.62 0.63 19 88.8 4149.26
0.63 0.64 0 104.82 14221.5076
0.63 0.64 1 151.7 20147.75
0.63 0.64 2 152.44 19946.2464
0.63 0.64 3 154.44 28062.0264
0.63 0.64 4 175.28 36763.8216
0.63 0.64 5 146.65 17463.0675
0.63 0.64 6 133.38 21556.8356
0.63 0.64 7 104.33 12668.2411
0.63 0.64 8 135.09 27211.7419
0.63 0.64 9 130.02 24070.9196
0.63 0.64 10 162.06 44894.5564
0.63 0.64 11 191.79 62919.3259
0.63 0.64 12 194.93 54354.8251
0.63 0.64 13 253.18 142654.1476
0.63 0.64 14 311.72 178342.5216
0.63 0.64 15 242.5 83004.69
0.63 0.64 16 262.81 106600.8939
0.63 0.64 17 263.72 100071.8816
0.63 0.64 18 336.2 190199.36
0.63 0.64 19 367.03 211912.6691
0.64 0.65 0 88.57 7805.1051
0.64 0.65 1 172.15 22901.2075
0.64 0.65 2 122.63 18247.0331
0.64 0.65 3 132.34 18147.5244
0.64 0.65 4 129.9 13435.57
0.64 0.65 5 163.66 32752.1644
0.64 0.65 6 124.21 16048.3859
0.64 0.65 7 123.02 16302.9996
0.64 0.65 8 193.32 56313.2776
0.64 0.65 9 183.06 35957.3564
0.64 0.65 10 159.48 34897.5296
0.64 0.65 11 188.99 36528.2499
0.64 0.65 12 178.33 31945.8811
0.64 0.65 13 209.72 101743.7816
0.64 0.65 14 189.62 50988.0356
0.64 0.65 15 243.44 79303.1464
0.64 0.65 16 260.4 96021.66
0.64 0.65 17 239.84 67586.7144
0.64 0.65 18 225.81 100479.1939
0.64 0.65 19 326.2 158179.64
0.65 0.66 0 92.2 7137.6
0.65 0.66 1 154.79 34367.6459
0.65 0.66 2 146.41 24073.1819
0.65 0.66 3 161.56 34181.6864
0.65 0.66 4 131.59 16565.7819
0.65 0.66 5 120.2 14554.34
0.65 0.66 6 116.69 13998.6539
0.65 0.66 7 100.24 11458.9624
0.65 0.66 8 124.23 14567.7771
0.65 0.66 9 132.73 20737.3171
0.65 0.66 10 139.44 23840.6264
0.65 0.66 11 162.29 36930.8859
0.65 0.66 12 163.86 27644.2404
0.65 0.66 13 190.06 43756.1564
0.65 0.66 14 156.83 44174.3211
0.65 0.66 15 209.64 66543.3104
0.65 0.66 16 253.86 86023.4804
0.65 0.66 17 292.46 110574.4884
0.65 0.66 18 225.81 63654.3739
0.65 0.66 19 329.37 193739.9531
0.66 0.67 0 113.62 9325.8356
0.66 0.67 1 196.54 44800.5884
0.66 0.67 2 142.71 22655.6659
0.66 0.67 3 138.88 36234.3256
0.66 0.67 4 148.53 15874.7491
0.66 0.67 5 113.67 13758.2411
0.66 0.67 6 125.31 17801.2739
0.66 0.67 7 141.66 23099.5044
0.66 0.67 8 139.96 24842.8384
0.66 0.67 9 153.2 26210.38
0.66 0.67 10 215.15 47696.2275
0.66 0.67 11 236.1 66639.23
0.66 0.67 12 231.85 52952.5475
0.66 0.67 13 232.14 100147.8404
0.66 0.67 14 346.94 118398.1764
0.66 0.67 15 309.42 134561.0236
0.66 0.67 16 338.52 104910.2696
0.66 0.67 17 352.72 140212.8616
0.66 0.67 18 443.58 339747.4236
0.66 0.67 19 431.12 221428.6456
0.67 0.68 0 97.09 9977.3019
0.67 0.68 1 158.34 20803.0244
0.67 0.68 2 125.94 16774.2764
0.67 0.68 3 131.06 14784.8364
0.67 0.68 4 119.59 13160.9219
0.67 0.68 5 130.7 17329.51
0.67 0.68 6 105.01 10720.6499
0.67 0.68 7 102.46 10315.4484
0.67 0.68 8 127.64 14980.6304
0.67 0.68 9 148.14 20494.5204
0.67 0.68 10 168.9 32768.89
0.67 0.68 11 182.96 35863.8184
0.67 0.68 12 220.69 61237.1339
0.67 0.68 13 213.04 59323.4784
0.67 0.68 14 239.24 85644.5424
0.67 0.68 15 238.58 69623.6036
0.67 0.68 16 297.83 115006.7811
0.67 0.68 17 354.86 144660.6204
0.67 0.68 18 319.55 102138.8275
0.67 0.68 19 404.73 209011.1571
0.68 0.69 0 108.77 11555.4971
0.68 0.69 1 187.34 29795.7644
0.68 0.69 2 176.68 34881.4376
0.68 0.69 3 156.1 23499.95
0.68 0.69 4 128.02 20869.5396
0.68 0.69 5 87.69 6998.0539
0.68 0.69 6 92.07 8816.0851
0.68 0.69 7 109.07 10167.5251
0.68 0.69 8 92.08 10191.8336
0.68 0.69 9 92.04 9142.2384
0.68 0.69 10 132.57 17365.9051
0.68 0.69 11 124.26 23289.0324
0.68 0.69 12 135.64 25056.4704
0.68 0.69 13 142.86 28304.1404
0.68 0.69 14 152.18 21596.0676
0.68 0.69 15 142.68 21390.2776
0.68 0.69 16 167.18 37640.7676
0.68 0.69 17 204.76 80679.2624
0.68 0.69 18 246.96 70649.3584
0.68 0.69 19 281.51 159962.8099
0.69 0.7 0 92.32 9212.2776
0.69 0.7 1 160.16 25445.8144
0.69 0.7 2 148.66 18431.5644
0.69 0.7 3 132.15 12649.8075
0.69 0.7 4 136.18 14963.4676
0.69 0.7 5 128.39 15605.4579
0.69 0.7 6 150.68 22861.2376
0.69 0.7 7 153.69 20486.2139
0.69 0.7 8 172.83 36261.8611
0.69 0.7 9 141.22 27912.7516
0.69 0.7 10 175.07 48761.4251
0.69 0.7 11 196.18 56545.7476
0.69 0.7 12 207.08 48752.9336
0.69 0.7 13 264.97 128550.3891
0.69 0.7 14 221.04 47804.7384
0.69 0.7 15 258.33 86571.8011
0.69 0.7 16 304.26 144918.6324
0.69 0.7 17 298.18 183723.7476
0.69 0.7 18 333.55 223611.3275
0.69 0.7 19 385.43 232517.6451
0.7 0.71 0 103.44 7315.8664
0.7 0.71 1 153.89 25654.4979
0.7 0.71 2 112.69 9263.0739
0.7 0.71 3 135.57 12612.2651
0.7 0.71 4 91.18 10676.3876
0.7 0.71 5 126.66 18067.3844
0.7 0.71 6 119.36 12196.6504
0.7 0.71 7 84.15 6743.5475
0.7 0.71 8 104.72 9506.9416
0.7 0.71 9 121.65 17826.3675
0.7 0.71 10 148.47 41780.1291
0.7 0.71 11 172.47 35584.2491
0.7 0.71 12 176.8 35811.18
0.7 0.71 13 203.01 55591.0099
0.7 0.71 14 238.09 70123.1419
0.7 0.71 15 229.54 53521.4884
0.7 0.71 16 244.28 105228.8416
0.7 0.71 17 329.04 195662.1784
0.7 0.71 18 284.14 107601.4604
0.7 0.71 19 318.67 131997.4611
0.71 0.72 0 109.55 10528.0875
0.71 0.72 1 168.18 27037.0076
0.71 0.72 2 160.16 18959.1744
0.71 0.72 3 119.81 17307.8539
0.71 0.72 4 104.1 12796.03
0.71 0.72 5 96.49 9574.6499
0.71 0.72 6 84.32 6792.1776
0.71 0.72 7 124.82 18977.2876
0.71 0.72 8 95.98 9480.6796
0.71 0.72 9 130.14 15990.1004
0.71 0.72 10 128.52 12920.8296
0.71 0.72 11 156.86 38897.3804
0.71 0.72 12 166.45 39561.0075
0.71 0.72 13 165.77 25911.5371
0.71 0.72 14 204.56 49701.1064
0.71 0.72 15 177.72 38939.4016
0.71 0.72 16 204.45 58109.0275
0.71 0.72 17 198.94 46023.9964
0.71 0.72 18 232.77 59541.7571
0.71 0.72 19 276.03 75102.8091
0.72 0.73 0 107.2 9277.98
0.72 0.73 1 161.47 31937.5891
0.72 0.73 2 164.5 21653.63
0.72 0.73 3 111.02 13925.6196
0.72 0.73 4 107.54 11197.3084
0.72 0.73 5 111.79 16218.2859
0.72 0.73 6 107.06 13780.8564
0.72 0.73 7 117.43 12907.0651
0.72 0.73 8 141.2 17628.02
0.72 0.73 9 138.07 32042.4651
0.72 0.73 10 141.37 29030.1931
0.72 0.73 11 194.88 52108.4256
0.72 0.73 12 201.69 44019.0939
0.72 0.73 13 258.49 77235.7499
0.72 0.73 14 273.82 93468.9476
0.72 0.73 15 255.7 71732.79
0.72 0.73 16 274.58 103699.0036
0.72 0.73 17 261.33 79614.8211
0.72 0.73 18 303.55 107533.5675
0.72 0.73 19 347.83 134173.7811
0.73 0.74 0 116.61 14206.7779
0.73 0.74 1 161.42 32391.3636
0.73 0.74 2 129.15 19025.7675
0.73 0.74 3 122.45 18228.9875
0.73 0.74 4 86.85 6859.1875
0.73 0.74 5 90.83 10368.4611
0.73 0.74 6 86.15 7581.2875
0.73 0.74 7 80.61 6474.0979
0.73 0.74 8 84.47 5880.2491
0.73 0.74 9 127.4 18929.66
0.73 0.74 10 111.78 12217.6716
0.73 0.74 11 147.24 25439.8224
0.73 0.74 12 134.08 20909.5336
0.73 0.74 13 171.76 24521.4624
0.73 0.74 14 207.62 66721.4156
0.73 0.74 15 231.44 96348.0064
0.73 0.74 16 206.41 56129.3819
0.73 0.74 17 224.41 67342.5019
0.73 0.74 18 345.04 173858.4584
0.73 0.74 19 289.29 96981.5859
0.74 0.75 0 96.34 7338.6044
0.74 0.75 1 139.26 14070.7124
0.74 0.75 2 130.54 19392.8484
0.74 0.75 3 90.94 6878.6564
0.74 0.75 4 67.34 6026.9444
0.74 0.75 5 62.67 3779.6811
0.74 0.75 6 58.51 3538.0099
0.74 0.75 7 68.79 3647.5459
0.74 0.75 8 59.77 3842.4771
0.74 0.75 9 88.46 9069.1684
0.74 0.75 10 71.28 6045.4216
0.74 0.75 11 103.61 15697.2979
0.74 0.75 12 108.23 15546.5571
0.74 0.75 13 142.62 31495.0956
0.74 0.75 14 133.77 26758.5171
0.74 0.75 15 165.14 58016.6404
0.74 0.75 16 195.29 38772.6459
0.74 0.75 17 150.67 35800.5211
0.74 0.75 18 175.13 45851.5931
0.74 0.75 19 208.26 74995.9524
0.75 0.76 0 91.98 7098.5796
0.75 0.76 1 150.4 16940.12
0.75 0.76 2 245.05 54923.3275
0.75 0.76 3 204.49 60429.8899
0.75 0.76 4 178.89 39379.5379
0.75 0.76 5 127.64 13752.4104
0.75 0.76 6 120.1 12716.69
0.75 0.76 7 116.23 14568.2371
0.75 0.76 8 90.72 9253.5816
0.75 0.76 9 122.22 18963.5716
0.75 0.76 10 98.15 9794.1075
0.75 0.76 11 86.7 8781.21
0.75 0.76 12 128.05 14595.5275
0.75 0.76 13 98.05 7892.0475
0.75 0.76 14 108.2 10138.72
0.75 0.76 15 105.76 9491.0824
0.75 0.76 16 133.27 20775.8771
0.75 0.76 17 140.51 19504.1699
0.75 0.76 18 115.79 13592.4059
0.75 0.76 19 143.83 19516.2411
0.76 0.77 0 107.27 13000.4571
0.76 0.77 1 139.36 20278.5904
0.76 0.77 2 195.96 31449.5384
0.76 0.77 3 223.56 53583.2864
0.76 0.77 4 184.26 33137.2324
0.76 0.77 5 137.21 25462.9659
0.76 0.77 6 102.44 11477.8464
0.76 0.77 7 95.21 7873.7659
0.76 0.77 8 78.16 6967.5944
0.76 0.77 9 85.39 7425.6379
0.76 0.77 10 114.9 10507.91
0.76 0.77 11 125.49 14238.4299
0.76 0.77 12 108.48 15120.9496
0.76 0.77 13 122.88 19306.0456
0.76 0.77 14 150.7 24791.17
0.76 0.77 15 148.3 22974.21
0.76 0.77 16 151.08 30927.1936
0.76 0.77 17 134.46 19369.5484
0.76 0.77 18 142.52 22747.9696
0.76 0.77 19 159.39 25033.4179
0.77 0.78 0 111.83 8363.6611
0.77 0.78 1 153.31 34169.2139
0.77 0.78 2 239.76 60155.5224
0.77 0.78 3 243.59 86517.5419
0.77 0.78 4 168.62 28407.7556
0.77 0.78 5 108.83 13316.8611
0.77 0.78 6 101.02 10206.4996
0.77 0.78 7 111.15 14353.4275
0.77 0.78 8 111.46 11552.1684
0.77 0.78 9 109.21 11298.3259
0.77 0.78 10 146.46 22070.1484
0.77 0.78 11 115.3 11826.59
0.77 0.78 12 130.62 18772.8756
0.77 0.78 13 140.43 15528.3051
0.77 0.78 14 174.67 40234.4411
0.77 0.78 15 170.69 33179.5139
0.77 0.78 16 161.54 29966.9284
0.77 0.78 17 169.52 24077.6896
0.77 0.78 18 191.94 35456.5964
0.77 0.78 19 173.0 26644.54
0.78 0.79 0 104.78 8486.1916
0.78 0.79 1 131.63 11932.5531
0.78 0.79 2 200.82 31183.0076
0.78 0.79 3 210.76 38424.2624
0.78 0.79 4 188.36 51175.2504
0.78 0.79 5 146.67 22250.0611
0.78 0.79 6 105.13 14451.1531
0.78 0.79 7 116.31 15747.3539
0.78 0.79 8 97.29 12322.2059
0.78 0.79 9 96.56 10235.8464
0.78 0.79 10 117.92 12227.5736
0.78 0.79 11 133.19 21769.3939
0.78 0.79 12 122.51 18344.1899
0.78 0.79 13 103.72 9587.2816
0.78 0.79 14 152.13 21678.0731
0.78 0.79 15 147.1 20962.57
0.78 0.79 16 146.0 17788.08
0.78 0.79 17 145.1 25922.65
0.78 0.79 18 153.94 22796.6564
0.78 0.79 19 139.89 14948.1179
0.79 0.8 0 95.47 7239.1491
0.79 0.8 1 143.62 21560.0556
0.79 0.8 2 215.54 48238.2484
0.79 0.8 3 189.78 34817.9116
0.79 0.8 4 142.57 23351.4451
0.79 0.8 5 122.72 18063.1616
0.79 0.8 6 164.32 31140.6376
0.79 0.8 7 96.59 9742.6019
0.79 0.8 8 126.36 18089.7504
0.79 0.8 9 150.3 28749.15
0.79 0.8 10 140.41 17708.3619
0.79 0.8 11 147.8 27365.58
0.79 0.8 12 179.0 39164.8
0.79 0.8 13 222.18 49261.6076
0.79 0.8 14 216.72 49888.0216
0.79 0.8 15 181.24 44775.9424
0.79 0.8 16 189.36 43898.5504
0.79 0.8 17 227.4 40848.48
0.79 0.8 18 227.77 64558.4371
0.79 0.8 19 238.7 86879.05
0.8 0.81 0 102.31 11102.5539
0.8 0.81 1 141.5 15871.53
0.8 0.81 2 203.73 42123.1971
0.8 0.81 3 189.67 33695.6611
0.8 0.81 4 136.23 21530.8371
0.8 0.81 5 101.61 13988.1379
0.8 0.81 6 105.63 17593.3331
0.8 0.81 7 109.07 16720.8251
0.8 0.81 8 112.94 19802.8364
0.8 0.81 9 114.87 14829.0331
0.8 0.81 10 120.69 17698.6139
0.8 0.81 11 131.05 15506.4275
0.8 0.81 12 179.22 42620.4916
0.8 0.81 13 187.09 28913.4419
0.8 0.81 14 182.76 30305.6824
0.8 0.81 15 176.04 39349.1384
0.8 0.81 16 169.07 31604.5851
0.8 0.81 17 179.42 40109.3436
0.8 0.81 18 221.87 48185.7331
0.8 0.81 19 233.88 84360.5856
0.81 0.82 0 105.89 9963.7379
0.81 0.82 1 149.68 16836.9176
0.81 0.82 2 184.25 37477.0675
0.81 0.82 3 182.15 43018.0475
0.81 0.82 4 153.88 26427.1856
0.81 0.82 5 136.84 15735.9144
0.81 0.82 6 114.49 15260.1899
0.81 0.82 7 97.42 9377.1036
0.81 0.82 8 100.16 11158.7944
0.81 0.82 9 104.49 13714.8499
0.81 0.82 10 106.99 17082.4299
0.81 0.82 11 121.66 18117.6844
0.81 0.82 12 107.66 11834.2444
0.81 0.82 13 99.95 9682.7475
0.81 0.82 14 104.53 14747.1291
0.81 0.82 15 130.99 13789.7099
0.81 0.82 16 136.07 19784.1051
0.81 0.82 17 114.9 18585.95
0.81 0.82 18 138.72 18615.4616
0.81 0.82 19 159.22 15650.0516
0.82 0.83 0 119.38 16512.6756
0.82 0.83 1 143.55 23042.8875
0.82 0.83 2 189.86 28782.2804
0.82 0.83 3 177.13 37361.4931
0.82 0.83 4 187.19 29432.8539
0.82 0.83 5 209.67 58092.9411
0.82 0.83 6 135.81 18059.6139
0.82 0.83 7 129.79 20567.0859
0.82 0.83 8 151.85 25932.7275
0.82 0.83 9 191.49 53624.2099
0.82 0.83 10 193.69 32999.9939
0.82 0.83 11 214.64 56732.9704
0.82 0.83 12 185.12 43554.2656
0.82 0.83 13 214.28 48064.7416
0.82 0.83 14 283.78 101178.8316
0.82 0.83 15 200.48 44046.9096
0.82 0.83 16 293.45 110437.3075
0.82 0.83 17 301.25 147212.9475
0.82 0.83 18 274.58 87499.3236
0.82 0.83 19 324.73 184292.8771
0.83 0.84 0 98.93 7818.6651
0.83 0.84 1 129.13 14717.9331
0.83 0.84 2 190.82 49170.2476
0.83 0.84 3 202.91 47933.0419
0.83 0.84 4 189.42 33592.8236
0.83 0.84 5 166.82 30990.6476
0.83 0.84 6 139.96 19293.0384
0.83 0.84 7 153.67 27030.4411
0.83 0.84 8 179.22 27124.1316
0.83 0.84 9 211.62 41073.5156
0.83 0.84 10 212.83 55724.6611
0.83 0.84 11 210.37 52748.3331
0.83 0.84 12 197.45 51219.2075
0.83 0.84 13 228.51 61492.3299
0.83 0.84 14 248.37 81595.2331
0.83 0.84 15 235.47 58328.0491
0.83 0.84 16 349.71 137798.1659
0.83 0.84 17 313.34 113103.2644
0.83 0.84 18 321.26 118882.4924
0.83 0.84 19 307.62 158002.7756
0.84 0.85 0 100.88 8168.0456
0.84 0.85 1 139.57 17695.4051
0.84 0.85 2 166.97 22611.3091
0.84 0.85 3 169.92 26061.4936
0.84 0.85 4 174.15 29801.8475
0.84 0.85 5 105.25 9733.0075
0.84 0.85 6 114.55 16864.6675
0.84 0.85 7 124.95 18879.8475
0.84 0.85 8 109.95 19315.8475
0.84 0.85 9 131.1 19946.37
0.84 0.85 10 162.97 27776.7291
0.84 0.85 11 187.52 47284.0496
0.84 0.85 12 163.28 31794.7816
0.84 0.85 13 180.73 72691.2971
0.84 0.85 14 189.78 40838.2716
0.84 0.85 15 243.3 71944.97
0.84 0.85 16 248.41 74477.5619
0.84 0.85 17 284.32 92309.1976
0.84 0.85 18 225.66 56555.2644
0.84 0.85 19 211.67 63790.0411
0.85 0.86 0 100.01 11149.0299
0.85 0.86 1 141.09 18941.8819
0.85 0.86 2 167.63 37052.3931
0.85 0.86 3 173.68 20122.6376
0.85 0.86 4 149.98 24932.2596
0.85 0.86 5 191.54 30323.0484
0.85 0.86 6 124.07 18993.4451
0.85 0.86 7 139.28 21360.8616
0.85 0.86 8 174.91 28787.8619
0.85 0.86 9 145.06 35518.9964
0.85 0.86 10 153.97 24180.5091
0.85 0.86 11 176.65 34406.9875
0.85 0.86 12 182.37 29618.2931
0.85 0.86 13 216.72 49981.1616
0.85 0.86 14 174.9 34195.53
0.85 0.86 15 208.65 48225.6675
0.85 0.86 16 247.75 72167.9075
0.85 0.86 17 225.94 59786.9164
0.85 0.86 18 286.74 129370.3924
0.85 0.86 19 305.7 124120.29
0.86 0.87 0 107.66 9003.9044
0.86 0.87 1 148.68 20387.5976
0.86 0.87 2 183.25 29067.2275
0.86 0.87 3 130.8 13112.6
0.86 0.87 4 106.09 12853.6619
0.86 0.87 5 100.05 9719.4675
0.86 0.87 6 124.4 18049.66
0.86 0.87 7 110.65 13506.1275
0.86 0.87 8 151.22 28140.5716
0.86 0.87 9 158.65 35338.4475
0.86 0.87 10 142.17 25998.4611
0.86 0.87 11 143.15 22305.8875
0.86 0.87 12 160.89 32959.1979
0.86 0.87 13 209.29 44081.5059
0.86 0.87 14 199.73 53236.6771
0.86 0.87 15 245.17 71897.8611
0.86 0.87 16 218.33 56970.8811
0.86 0.87 17 247.15 63470.2275
0.86 0.87 18 219.06 56833.8364
0.86 0.87 19 232.9 61733.61
0.87 0.88 0 114.36 13568.9904
0.87 0.88 1 144.68 19937.5976
0.87 0.88 2 185.81 31934.5139
0.87 0.88 3 144.25 20896.9275
0.87 0.88 4 116.59 13949.5019
0.87 0.88 5 87.24 7752.0624
0.87 0.88 6 84.41 7552.5619
0.87 0.88 7 76.34 6719.4644
0.87 0.88 8 65.54 4690.0684
0.87 0.88 9 80.99 8853.1699
0.87 0.88 10 68.38 5948.2756
0.87 0.88 11 89.91 15083.7219
0.87 0.88 12 100.81 9703.4139
0.87 0.88 13 90.75 11036.6675
0.87 0.88 14 97.05 15602.2075
0.87 0.88 15 85.17 6880.1011
0.87 0.88 16 94.3 16308.81
0.87 0.88 17 96.44 9415.8864
0.87 0.88 18 110.46 11929.4484
0.87 0.88 19 121.19 16443.4339
0.88 0.89 0 97.43 7123.4451
0.88 0.89 1 130.59 14764.2619
0.88 0.89 2 168.96 24707.9184
0.88 0.89 3 207.62 46113.2756
0.88 0.89 4 227.73 48222.7771
0.88 0.89 5 255.59 71101.2619
0.88 0.89 6 175.07 20702.9651
0.88 0.89 7 137.18 19839.3876
0.88 0.89 8 118.71 14976.1859
0.88 0.89 9 147.66 19354.3444
0.88 0.89 10 146.95 25922.2275
0.88 0.89 11 192.94 45173.2564
0.88 0.89 12 151.01 28971.2299
0.88 0.89 13 141.47 18985.0891
0.88 0.89 14 150.02 23444.7596
0.88 0.89 15 158.11 21405.0179
0.88 0.89 16 162.37 22884.1131
0.88 0.89 17 184.42 35067.5636
0.88 0.89 18 165.46 34287.0884
0.88 0.89 19 179.78 45002.6516
0.89 0.9 0 112.21 10030.4459
0.89 0.9 1 131.09 16980.6219
0.89 0.9 2 148.42 17198.5836
0.89 0.9 3 177.33 25716.0611
0.89 0.9 4 207.78 46454.3916
0.89 0.9 5 145.86 28906.9404
0.89 0.9 6 162.59 34915.3219
0.89 0.9 7 167.81 47319.1339
0.89 0.9 8 146.66 31895.1044
0.89 0.9 9 166.31 30974.6539
0.89 0.9 10 146.26 29435.1324
0.89 0.9 11 145.45 20895.1075
0.89 0.9 12 162.0 23810.56
0.89 0.9 13 172.85 31253.0075
0.89 0.9 14 183.16 25875.8144
0.89 0.9 15 182.19 25708.9139
0.89 0.9 16 172.99 21921.5299
0.89 0.9 17 188.66 42842.4044
0.89 0.9 18 213.51 63269.5699
0.89 0.9 19 219.49 55258.9699
0.9 0.91 0 113.09 13215.7419
0.9 0.91 1 159.91 23626.3219
0.9 0.91 2 170.14 27189.2404
0.9 0.91 3 193.53 44353.3691
0.9 0.91 4 217.98 47771.2596
0.9 0.91 5 109.38 13448.9156
0.9 0.91 6 93.1 11118.61
0.9 0.91 7 146.45 26012.7675
0.9 0.91 8 101.93 17585.1451
0.9 0.91 9 134.32 21909.9576
0.9 0.91 10 160.27 39136.5771
0.9 0.91 11 159.59 27618.3219
0.9 0.91 12 121.69 22584.4539
0.9 0.91 13 142.34 22233.5244
0.9 0.91 14 126.06 13145.0364
0.9 0.91 15 163.2 31746.6
0.9 0.91 16 154.87 27211.6331
0.9 0.91 17 144.23 26204.6771
0.9 0.91 18 121.22 15031.0116
0.9 0.91 19 168.79 23008.1059
0.91 0.92 0 83.51 8165.8899
0.91 0.92 1 123.87 11531.4531
0.91 0.92 2 155.58 25604.2036
0.91 0.92 3 185.55 27263.4875
0.91 0.92 4 189.09 33885.0219
0.91 0.92 5 194.74 56233.8524
0.91 0.92 6 266.73 154888.8371
0.91 0.92 7 179.86 33654.7004
0.91 0.92 8 193.72 39688.2216
0.91 0.92 9 212.52 47304.4696
0.91 0.92 10 219.64 57000.0304
0.91 0.92 11 213.64 53448.4904
0.91 0.92 12 239.61 70301.4979
0.91 0.92 13 240.01 79870.3499
0.91 0.92 14 224.01 76191.3699
0.91 0.92 15 245.94 72761.0764
0.91 0.92 16 208.62 61373.2156
0.91 0.92 17 252.85 57344.7875
0.91 0.92 18 309.35 115741.7275
0.91 0.92 19 244.55 77076.9675
0.92 0.93 0 98.12 9698.5256
0.92 0.93 1 124.82 36542.0476
0.92 0.93 2 151.36 16985.1904
0.92 0.93 3 187.46 35927.2084
0.92 0.93 4 152.31 35622.9539
0.92 0.93 5 133.64 28248.6304
0.92 0.93 6 144.23 32619.4771
0.92 0.93 7 148.62 22593.3356
0.92 0.93 8 127.29 16576.0859
0.92 0.93 9 149.35 28567.1275
0.92 0.93 10 153.55 28919.3875
0.92 0.93 11 169.95 33686.5475
0.92 0.93 12 189.18 44930.1676
0.92 0.93 13 186.86 54975.2404
0.92 0.93 14 212.25 50118.5275
0.92 0.93 15 224.6 83721.04
0.92 0.93 16 217.24 51788.7224
0.92 0.93 17 198.88 50001.5456
0.92 0.93 18 240.02 68934.5196
0.92 0.93 19 263.18 63716.5076
0.93 0.94 0 83.72 5378.7816
0.93 0.94 1 130.59 15827.1619
0.93 0.94 2 153.23 24050.0771
0.93 0.94 3 178.94 33302.9764
0.93 0.94 4 105.8 9803.12
0.93 0.94 5 107.09 12528.3019
0.93 0.94 6 90.8 6601.84
0.93 0.94 7 99.56 13854.5264
0.93 0.94 8 90.89 8781.0579
0.93 0.94 9 107.85 17437.9075
0.93 0.94 10 102.59 11287.6419
0.93 0.94 11 110.44 17007.1064
0.93 0.94 12 123.66 15791.9244
0.93 0.94 13 105.69 18332.4539
0.93 0.94 14 112.05 15056.1275
0.93 0.94 15 126.16 22629.2344
0.93 0.94 16 148.5 27751.29
0.93 0.94 17 133.91 24265.4219
0.93 0.94 18 131.36 19903.0504
0.93 0.94 19 148.78 33902.3516
0.94 0.95 0 118.98 11366.2596
0.94 0.95 1 125.29 20041.3659
0.94 0.95 2 146.36 30766.1304
0.94 0.95 3 130.35 18740.8875
0.94 0.95 4 172.01 25831.9899
0.94 0.95 5 276.5 66656.03
0.94 0.95 6 225.75 62368.9475
0.94 0.95 7 207.3 41455.89
0.94 0.95 8 223.71 43055.6059
0.94 0.95 9 176.63 44581.2931
0.94 0.95 10 192.2 44765.42
0.94 0.95 11 169.65 35352.0675
0.94 0.95 12 227.62 63083.3156
0.94 0.95 13 193.52 40454.6296
0.94 0.95 14 202.26 56535.8324
0.94 0.95 15 188.21 44182.8459
0.94 0.95 16 215.26 43057.8324
0.94 0.95 17 253.49 68725.0699
0.94 0.95 18 225.62 83492.2156
0.94 0.95 19 240.34 82872.7644
0.95 0.96 0 105.71 10962.7659
0.95 0.96 1 125.17 16112.2811
0.95 0.96 2 151.5 28875.19
0.95 0.96 3 142.31 21917.2339
0.95 0.96 4 161.68 25830.3376
0.95 0.96 5 170.91 29518.1419
0.95 0.96 6 116.68 14041.3976
0.95 0.96 7 146.74 27457.5324
0.95 0.96 8 157.05 29251.5675
0.95 0.96 9 120.02 14738.7996
0.95 0.96 10 152.79 25036.9059
0.95 0.96 11 159.79 20244.1659
0.95 0.96 12 194.77 39180.1971
0.95 0.96 13 155.5 25940.95
0.95 0.96 14 194.13 40326.3131
0.95 0.96 15 207.43 70395.0651
0.95 0.96 16 200.81 52657.9139
0.95 0.96 17 159.94 40224.4564
0.95 0.96 18 232.12 100346.5856
0.95 0.96 19 226.27 69938.1571
0.96 0.97 0 100.62 6982.6756
0.96 0.97 1 133.0 24244.6
0.96 0.97 2 116.51 20298.2299
0.96 0.97 3 112.29 17254.2859
0.96 0.97 4 145.01 20299.8699
0.96 0.97 5 75.03 5561.1091
0.96 0.97 6 85.32 6403.6776
0.96 0.97 7 87.82 9483.5876
0.96 0.97 8 91.47 8595.1891
0.96 0.97 9 101.06 9909.9964
0.96 0.97 10 109.85 12241.7675
0.96 0.97 11 127.28 17658.5216
0.96 0.97 12 119.67 15987.5411
0.96 0.97 13 163.84 25787.7944
0.96 0.97 14 161.06 23944.6764
0.96 0.97 15 132.66 20121.3844
0.96 0.97 16 195.7 67018.25
0.96 0.97 17 185.03 51371.5891
0.96 0.97 18 167.39 37428.7179
0.96 0.97 19 162.68 30639.3576
0.97 0.98 0 86.62 5945.2756
0.97 0.98 1 109.26 17692.9324
0.97 0.98 2 119.96 13139.7784
0.97 0.98 3 101.92 13701.2336
0.97 0.98 4 94.31 10369.8139
0.97 0.98 5 139.11 16776.6179
0.97 0.98 6 199.57 38071.5451
0.97 0.98 7 156.54 40933.4484
0.97 0.98 8 168.27 29660.5971
0.97 0.98 9 158.67 28222.8611
0.97 0.98 10 185.46 41506.7284
0.97 0.98 11 196.09 42246.8819
0.97 0.98 12 205.96 48389.1984
0.97 0.98 13 166.56 37210.8264
0.97 0.98 14 234.33 48514.6611
0.97 0.98 15 202.27 55848.3971
0.97 0.98 16 236.88 82331.0256
0.97 0.98 17 255.23 82248.4971
0.97 0.98 18 246.18 123449.2076
0.97 0.98 19 239.5 83895.41
0.98 0.99 0 83.76 7969.8824
0.98 0.99 1 112.14 11069.0004
0.98 0.99 2 105.68 12260.5976
0.98 0.99 3 75.07 8911.1451
0.98 0.99 4 81.7 6567.39
0.98 0.99 5 82.4 11246.48
0.98 0.99 6 63.43 3349.3451
0.98 0.99 7 92.1 12232.69
0.98 0.99 8 92.52 8693.4896
0.98 0.99 9 127.56 19152.9264
0.98 0.99 10 110.53 14652.7891
0.98 0.99 11 142.18 26570.9276
0.98 0.99 12 121.34 15357.7044
0.98 0.99 13 110.19 15111.1339
0.98 0.99 14 144.31 43373.7739
0.98 0.99 15 146.87 21777.6131
0.98 0.99 16 184.36 63587.3704
0.98 0.99 17 163.48 30368.2496
0.98 0.99 18 167.27 36514.7571
0.98 0.99 19 136.96 27945.5184
0.99 1.0 0 90.79 7844.4459
0.99 1.0 1 103.06 12163.0964
0.99 1.0 2 68.97 3451.2891
0.99 1.0 3 48.66 1519.9644
0.99 1.0 4 35.46 1198.4884
0.99 1.0 5 29.59 417.0419
0.99 1.0 6 28.1 320.65
0.99 1.0 7 31.37 443.8931
0.99 1.0 8 33.59 425.0619
0.99 1.0 9 36.47 609.1091
0.99 1.0 10 42.95 642.4875
0.99 1.0 11 41.08 995.5136
0.99 1.0 12 43.67 772.0211
0.99 1.0 13 51.51 1610.8499
0.99 1.0 14 50.3 1777.99
0.99 1.0 15 45.51 1132.1099
0.99 1.0 16 55.57 1173.1651
0.99 1.0 17 60.42 1788.3436
0.99 1.0 18 58.08 2053.2736
0.99 1.0 19 63.6 2330.38
