0.0 0.01 0 99.4 9906.6
0.0 0.01 1 95.65 13535.4675
0.0 0.01 2 76.39 5644.7179
0.0 0.01 3 48.47 3147.9891
0.0 0.01 4 35.16 1235.6144
0.0 0.01 5 31.61 409.8379
0.0 0.01 6 27.95 259.7475
0.0 0.01 7 28.14 184.1404
0.0 0.01 8 30.9 399.07
0.0 0.01 9 35.66 503.4644
0.0 0.01 10 38.12 657.1656
0.0 0.01 11 43.17 855.4811
0.0 0.01 12 44.63 954.3531
0.0 0.01 13 45.46 926.4284
0.0 0.01 14 42.55 657.1275
0.0 0.01 15 47.66 1444.6644
0.0 0.01 16 62.3 2113.83
0.0 0.01 17 64.17 2008.9011
0.0 0.01 18 63.65 1778.3875
0.0 0.01 19 67.79 2177.8059
0.01 0.02 0 88.59 5624.7419
0.01 0.02 1 135.15 21069.0675
0.01 0.02 2 121.97 27563.9091
0.01 0.02 3 143.82 32276.3276
0.01 0.02 4 116.87 19480.8531
0.01 0.02 5 35.03 528.2691
0.01 0.02 6 29.57 250.9051
0.01 0.02 7 32.01 320.8099
0.01 0.02 8 34.75 578.7275
0.01 0.02 9 35.83 508.2611
0.01 0.02 10 42.16 906.2944
0.01 0.02 11 43.14 785.2004
0.01 0.02 12 45.61 868.0379
0.01 0.02 13 45.26 1122.8324
0.01 0.02 14 59.69 1631.0139
0.01 0.02 15 57.24 1488.3824
0.01 0.02 16 56.86 1556.2204
0.01 0.02 17 67.97 1856.8291
0.01 0.02 18 72.51 2220.9499
0.01 0.02 19 69.86 2277.2604
0.02 0.03 0 104.05 7532.8875
0.02 0.03 1 151.51 34229.2299
0.02 0.03 2 143.58 35106.5436
0.02 0.03 3 136.76 26148.9824
0.02 0.03 4 142.82 19621.6476
0.02 0.03 5 42.62 1237.0956
0.02 0.03 6 39.39 705.6779
0.02 0.03 7 47.81 1390.1339
0.02 0.03 8 43.11 1187.1379
0.02 0.03 9 49.66 1410.8244
0.02 0.03 10 64.93 2699.5051
0.02 0.03 11 64.56 2282.5664
0.02 0.03 12 72.31 4782.0739
0.02 0.03 13 78.05 6042.1275
0.02 0.03 14 85.61 5563.4579
0.02 0.03 15 76.37 6572.5531
0.02 0.03 16 114.21 11679.8059
0.02 0.03 17 119.7 15532.21
0.02 0.03 18 124.82 24451.0876
0.02 0.03 19 124.23 21003.6771
0.03 0.04 0 103.48 10399.6696
0.03 0.04 1 148.23 33437.3171
0.03 0.04 2 177.93 36973.7651
0.03 0.04 3 132.98 18417.3796
0.03 0.04 4 37.11 1007.0379
0.03 0.04 5 28.13 441.2531
0.03 0.04 6 26.76 329.1224
0.03 0.04 7 29.73 569.4371
0.03 0.04 8 34.25 583.4875
0.03 0.04 9 38.33 888.4811
0.03 0.04 10 35.78 798.7316
0.03 0.04 11 49.87 1512.6931
0.03 0.04 12 40.11 609.0379
0.03 0.04 13 45.2 943.34
0.03 0.04 14 53.42 1201.0436
0.03 0.04 15 54.35 1440.4675
0.03 0.04 16 65.92 2288.0536
0.03 0.04 17 72.01 2737.4099
0.03 0.04 18 75.1 2079.11
0.03 0.04 19 69.58 2525.0436
0.04 0.05 0 114.69 11887.5339
0.04 0.05 1 173.58 39136.8236
0.04 0.05 2 190.04 58338.8584
0.04 0.05 3 134.37 27755.5731
0.04 0.05 4 45.6 2638.32
0.04 0.05 5 41.83 873.7411
0.04 0.05 6 33.16 486.6544
0.04 0.05 7 41.8 814.78
0.04 0.05 8 41.26 1230.7324
0.04 0.05 9 49.34 1215.9044
0.04 0.05 10 53.63 1507.9931
0.04 0.05 11 60.83 2167.1211
0.04 0.05 12 70.38 5398.4556
0.04 0.05 13 80.53 5706.7291
0.04 0.05 14 95.64 10545.6704
0.04 0.05 15 92.39 6781.5979
0.04 0.05 16 101.33 8015.0811
0.04 0.05 17 124.18 17607.6276
0.04 0.05 18 97.48 8756.2096
0.04 0.05 19 128.94 21595.6164
0.05 0.06 0 109.24 8610.4424
0.05 0.06 1 149.37 24882.8731
0.05 0.06 2 194.99 66549.3699
0.05 0.06 3 166.84 30978.5344
0.05 0.06 4 70.2 4426.32
0.05 0.06 5 54.48 2065.1296
0.05 0.06 6 56.25 2746.7875
0.05 0.06 7 58.86 2839.1604
0.05 0.06 8 68.0 3616.34
0.05 0.06 9 80.59 6181.2019
0.05 0.06 10 90.84 7320.9144
0.05 0.06 11 86.33 5304.8811
0.05 0.06 12 117.05 15748.6275
0.05 0.06 13 112.47 15347.3091
0.05 0.06 14 118.73 14313.2171
0.05 0.06 15 145.09 25778.2019
0.05 0.06 16 174.83 36735.0211
0.05 0.06 17 147.81 29691.8539
0.05 0.06 18 174.71 65854.8859
0.05 0.06 19 192.95 65896.3675
0.06 0.07 0 109.38 16072.9356
0.06 0.07 1 151.12 28835.7256
0.06 0.07 2 175.85 27625.8275
0.06 0.07 3 59.01 2949.9299
0.06 0.07 4 36.98 1366.7196
0.06 0.07 5 36.56 756.1664
0.06 0.07 6 28.28 305.1016
0.06 0.07 7 33.17 599.5011
0.06 0.07 8 39.56 876.0464
0.06 0.07 9 42.21 1051.9459
0.06 0.07 10 38.77 740.1771
0.06 0.07 11 48.64 1401.6704
0.06 0.07 12 48.66 1119.6844
0.06 0.07 13 55.16 1589.5944
0.06 0.07 14 53.24 1235.7024
0.06 0.07 15 64.03 2141.9491
0.06 0.07 16 62.61 1980.9379
0.06 0.07 17 68.8 1993.72
0.06 0.07 18 72.55 2413.7275
0.06 0.07 19 79.56 2839.5864
0.07 0.08 0 99.03 9647.4891
0.07 0.08 1 167.55 28598.6075
0.07 0.08 2 188.6 28301.88
0.07 0.08 3 61.84 3299.7144
0.07 0.08 4 53.88 2729.4856
0.07 0.08 5 44.3 929.95
0.07 0.08 6 33.62 774.1556
0.07 0.08 7 36.75 884.8875
0.07 0.08 8 47.65 1207.4675
0.07 0.08 9 55.76 2215.8224
0.07 0.08 10 48.24 1292.4024
0.07 0.08 11 64.83 2304.9611
0.07 0.08 12 62.0 2547.9
0.07 0.08 13 60.12 2100.3256
0.07 0.08 14 74.37 3737.9931
0.07 0.08 15 66.6 2170.98
0.07 0.08 16 96.07 10865.4851
0.07 0.08 17 90.96 6601.2984
0.07 0.08 18 96.62 8291.7556
0.07 0.08 19 117.19 12541.5739
0.08 0.09 0 94.51 11169.3699
0.08 0.09 1 179.74 47804.5524
0.08 0.09 2 172.71 37077.6459
0.08 0.09 3 75.87 4904.2331
0.08 0.09 4 49.22 2131.6916
0.08 0.09 5 48.82 1549.8076
0.08 0.09 6 40.37 1016.8531
0.08 0.09 7 45.06 1408.6164
0.08 0.09 8 56.84 1622.9544
0.08 0.09 9 65.82 3550.3676
0.08 0.09 10 69.17 3327.0211
0.08 0.09 11 76.94 5200.4164
0.08 0.09 12 87.69 9045.7339
0.08 0.09 13 91.79 8568.9259
0.08 0.09 14 125.25 24155.2875
0.08 0.09 15 129.07 27479.9651
0.08 0.09 16 153.4 26251.3
0.08 0.09 17 173.38 32956.7556
0.08 0.09 18 173.32 35793.7576
0.08 0.09 19 207.83 60902.6611
0.09 0.1 0 86.13 6686.2931
0.09 0.1 1 170.9 31743.51
0.09 0.1 2 166.55 25652.5875
0.09 0.1 3 75.15 4584.5475
0.09 0.1 4 55.75 2468.6675
0.09 0.1 5 46.05 1509.2475
0.09 0.1 6 49.91 1611.7219
0.09 0.1 7 55.41 2435.3419
0.09 0.1 8 54.57 2488.6451
0.09 0.1 9 68.83 3262.6211
0.09 0.1 10 72.52 3476.7896
0.09 0.1 11 92.62 9027.6356
0.09 0.1 12 102.78 10163.2516
0.09 0.1 13 93.58 9615.8236
0.09 0.1 14 107.26 14815.7724
0.09 0.1 15 120.54 17474.0284
0.09 0.1 16 128.0 21039.2
0.09 0.1 17 143.2 21469.5
0.09 0.1 18 167.25 36774.6675
0.09 0.1 19 166.78 34307.8916
0.1 0.11 0 110.96 12719.7184
0.1 0.11 1 156.96 34085.3784
0.1 0.11 2 182.23 26038.4771
0.1 0.11 3 82.88 6544.2856
0.1 0.11 4 60.35 4161.6275
0.1 0.11 5 61.23 3266.5971
0.1 0.11 6 71.47 3722.5091
0.1 0.11 7 74.44 4599.5464
0.1 0.11 8 63.81 3577.4339
0.1 0.11 9 93.69 5850.3539
0.1 0.11 10 93.9 11383.03
0.1 0.11 11 113.57 11999.5451
0.1 0.11 12 108.42 15150.9836
0.1 0.11 13 167.43 49752.5651
0.1 0.11 14 195.83 69923.2211
0.1 0.11 15 154.85 33501.6475
0.1 0.11 16 180.71 46096.6059
0.1 0.11 17 233.15 82281.9275
0.1 0.11 18 213.59 72667.4619
0.1 0.11 19 267.23 171416.0171
0.11 0.12 0 95.51 13003.7499
0.11 0.12 1 140.74 19888.2924
0.11 0.12 2 211.13 41043.7731
0.11 0.12 3 92.09 6304.2819
0.11 0.12 4 70.52 4002.6896
0.11 0.12 5 65.25 2880.0675
0.11 0.12 6 66.99 5389.9299
0.11 0.12 7 70.31 5825.8739
0.11 0.12 8 78.07 7073.0251
0.11 0.12 9 95.78 14649.0516
0.11 0.12 10 111.45 16288.8475
0.11 0.12 11 125.58 24074.8636
0.11 0.12 12 113.03 16596.6091
0.11 0.12 13 212.02 70748.3996
0.11 0.12 14 197.75 56480.5875
0.11 0.12 15 182.94 59445.9364
0.11 0.12 16 219.16 71105.3544
0.11 0.12 17 207.56 72269.1464
0.11 0.12 18 285.18 126266.1476
0.11 0.12 19 232.45 99170.1475
0.12 0.13 0 107.05 11591.6675
0.12 0.13 1 194.41 37256.1219
0.12 0.13 2 105.48 9500.5896
0.12 0.13 3 82.43 5319.3451
0.12 0.13 4 53.73 2624.9371
0.12 0.13 5 35.76 802.4024
0.12 0.13 6 36.33 838.1411
0.12 0.13 7 37.47 995.4691
0.12 0.13 8 40.94 1108.3964
0.12 0.13 9 38.8 959.72
0.12 0.13 10 45.78 1340.1916
0.12 0.13 11 51.41 1611.9619
0.12 0.13 12 49.72 1609.0816
0.12 0.13 13 53.94 1892.1164
0.12 0.13 14 63.51 2844.9499
0.12 0.13 15 72.44 2975.1464
0.12 0.13 16 67.03 2033.5291
0.12 0.13 17 66.37 1815.2531
0.12 0.13 18 72.96 4079.0384
0.12 0.13 19 83.57 3537.3851
0.13 0.14 0 114.58 14195.0036
0.13 0.14 1 199.76 44037.1824
0.13 0.14 2 84.97 7378.0291
0.13 0.14 3 48.79 1774.4859
0.13 0.14 4 68.67 4768.2611
0.13 0.14 5 45.07 1642.5651
0.13 0.14 6 42.3 1229.15
0.13 0.14 7 43.69 1393.4939
0.13 0.14 8 55.78 2032.6116
0.13 0.14 9 45.47 998.9891
0.13 0.14 10 54.46 2284.2084
0.13 0.14 11 59.19 3424.8339
0.13 0.14 12 64.92 2961.2336
0.13 0.14 13 78.59 3709.9219
0.13 0.14 14 78.55 4522.6675
0.13 0.14 15 87.51 6453.2299
0.13 0.14 16 93.44 9330.5264
0.13 0.14 17 82.55 5126.1875
0.13 0.14 18 98.87 9450.8731
0.13 0.14 19 112.76 16014.9824
0.14 0.15 0 95.52 7815.8096
0.14 0.15 1 147.35 21789.7675
0.14 0.15 2 81.27 5866.6971
0.14 0.15 3 56.17 2763.6411
0.14 0.15 4 58.41 2292.1019
0.14 0.15 5 44.56 1116.3864
0.14 0.15 6 48.9 2255.03
0.14 0.15 7 40.02 1039.1196
0.14 0.15 8 47.83 2013.3611
0.14 0.15 9 57.76 3063.5624
0.14 0.15 10 59.59 3099.1619
0.14 0.15 11 74.56 3168.3864
0.14 0.15 12 72.58 4113.0836
0.14 0.15 13 86.85 5744.8475
0.14 0.15 14 97.34 9685.9044
0.14 0.15 15 100.86 8039.3804
0.14 0.15 16 114.12 11286.0256
0.14 0.15 17 113.87 10772.3931
0.14 0.15 18 103.65 11930.6675
0.14 0.15 19 143.81 30042.3539
0.15 0.16 0 129.0 15617.76
0.15 0.16 1 158.71 21576.6859
0.15 0.16 2 88.09 8718.8019
0.15 0.16 3 66.44 5341.1464
0.15 0.16 4 63.64 2314.6304
0.15 0.16 5 43.6 1276.56
0.15 0.16 6 38.05 915.9675
0.15 0.16 7 46.77 1328.7971
0.15 0.16 8 50.04 1888.1984
0.15 0.16 9 55.44 3207.9864
0.15 0.16 10 62.25 4461.4075
0.15 0.16 11 73.9 4600.75
0.15 0.16 12 82.23 6177.3971
0.15 0.16 13 84.24 6778.9424
0.15 0.16 14 104.32 10813.6176
0.15 0.16 15 104.13 11817.9731
0.15 0.16 16 127.81 22440.0539
0.15 0.16 17 126.99 20710.6299
0.15 0.16 18 142.28 37162.1816
0.15 0.16 19 124.22 31664.5716
0.16 0.17 0 105.84 9579.8944
0.16 0.17 1 182.73 33073.3371
0.16 0.17 2 78.21 6505.3059
0.16 0.17 3 69.91 6476.2219
0.16 0.17 4 57.13 2338.7531
0.16 0.17 5 57.24 2157.9024
0.16 0.17 6 58.64 2312.7904
0.16 0.17 7 54.11 2544.2579
0.16 0.17 8 81.32 5297.2376
0.16 0.17 9 77.55 10812.5675
0.16 0.17 10 92.48 12868.4496
0.16 0.17 11 108.91 12253.4019
0.16 0.17 12 117.0 18833.12
0.16 0.17 13 139.53 21081.5491
0.16 0.17 14 167.25 35928.0675
0.16 0.17 15 185.3 57599.71
0.16 0.17 16 176.57 40445.4251
0.16 0.17 17 170.28 40659.2216
0.16 0.17 18 233.59 63377.3419
0.16 0.17 19 248.37 156863.4731
0.17 0.18 0 102.6 14321.76
0.17 0.18 1 142.81 20998.4539
0.17 0.18 2 80.18 5989.6676
0.17 0.18 3 67.39 4071.1579
0.17 0.18 4 64.6 3437.76
0.17 0.18 5 54.99 3089.7499
0.17 0.18 6 58.4 3171.82
0.17 0.18 7 61.35 2859.0675
0.17 0.18 8 83.27 5355.5371
0.17 0.18 9 84.33 6294.9611
0.17 0.18 10 119.75 13871.3875
0.17 0.18 11 111.61 16624.6979
0.17 0.18 12 109.25 8911.4675
0.17 0.18 13 157.39 29388.3379
0.17 0.18 14 171.06 30994.2364
0.17 0.18 15 186.95 46200.4675
0.17 0.18 16 169.79 29336.9259
0.17 0.18 17 239.37 102799.0131
0.17 0.18 18 228.58 69522.8436
0.17 0.18 19 253.77 66994.8171
0.18 0.19 0 110.01 9999.9699
0.18 0.19 1 148.37 22974.1331
0.18 0.19 2 84.03 6831.2891
0.18 0.19 3 73.68 4535.3576
0.18 0.19 4 72.14 3796.5604
0.18 0.19 5 60.39 3070.4979
0.18 0.19 6 61.73 2715.9971
0.18 0.19 7 58.68 2464.9376
0.18 0.19 8 69.09 4536.3219
0.18 0.19 9 68.63 5233.8531
0.18 0.19 10 104.88 15403.2456
0.18 0.19 11 90.68 7271.9976
0.18 0.19 12 111.29 17024.2459
0.18 0.19 13 116.69 16578.0339
0.18 0.19 14 141.78 49104.9316
0.18 0.19 15 148.79 33313.6859
0.18 0.19 16 143.74 29192.7924
0.18 0.19 17 145.2 39663.12
0.18 0.19 18 186.56 49859.9664
0.18 0.19 19 218.16 94407.3344
0.19 0.2 0 113.78 16576.3116
0.19 0.2 1 181.88 34643.3056
0.19 0.2 2 93.09 6718.5819
0.19 0.2 3 79.44 6634.4264
0.19 0.2 4 70.18 3482.2476
0.19 0.2 5 76.79 5950.7659
0.19 0.2 6 62.59 3560.3019
0.19 0.2 7 81.44 6951.4464
0.19 0.2 8 82.87 6794.1931
0.19 0.2 9 93.49 15606.5699
0.19 0.2 10 123.29 28117.1059
0.19 0.2 11 119.99 18377.6299
0.19 0.2 12 119.07 14710.5251
0.19 0.2 13 158.47 45113.3091
0.19 0.2 14 134.05 26362.5075
0.19 0.2 15 159.71 43096.6459
0.19 0.2 16 218.81 82549.6939
0.19 0.2 17 253.06 131167.4964
0.19 0.2 18 236.27 103092.0171
0.19 0.2 19 278.69 208923.1139
0.2 0.21 0 86.6 6559.86
0.2 0.21 1 159.96 23479.1384
0.2 0.21 2 75.93 5619.3851
0.2 0.21 3 82.58 6863.0236
0.2 0.21 4 61.42 3506.3436
0.2 0.21 5 57.81 2833.2539
0.2 0.21 6 70.71 5460.5459
0.2 0.21 7 94.89 11019.3379
0.2 0.21 8 108.05 16856.6475
0.2 0.21 9 95.48 12593.7896
0.2 0.21 10 118.67 18092.0411
0.2 0.21 11 148.13 49882.1331
0.2 0.21 12 187.86 51293.9804
0.2 0.21 13 169.86 39760.8804
0.2 0.21 14 160.23 38017.4971
0.2 0.21 15 202.57 99155.4651
0.2 0.21 16 238.94 140555.2164
0.2 0.21 17 189.96 80588.3384
0.2 0.21 18 275.07 146355.2051
0.2 0.21 19 250.54 106916.9484
0.21 0.22 0 109.54 8892.9684
0.21 0.22 1 169.19 40199.8939
0.21 0.22 2 96.69 7169.5939
0.21 0.22 3 92.03 7172.0491
0.21 0.22 4 83.46 6946.7684
0.21 0.22 5 69.11 3409.1179
0.21 0.22 6 64.12 4186.8856
0.21 0.22 7 78.24 4830.8024
0.21 0.22 8 98.56 9232.2064
0.21 0.22 9 131.8 20292.44
0.21 0.22 10 168.73 27569.3371
0.21 0.22 11 159.05 48819.5075
0.21 0.22 12 163.03 42549.2291
0.21 0.22 13 210.02 44204.0196
0.21 0.22 14 213.45 70660.6075
0.21 0.22 15 203.13 81760.0131
0.21 0.22 16 289.82 126849.7076
0.21 0.22 17 227.93 90576.9251
0.21 0.22 18 326.35 230444.7075
0.21 0.22 19 294.34 189425.6244
0.22 0.23 0 103.51 12156.0099
0.22 0.23 1 178.34 39137.5244
0.22 0.23 2 106.31 11259.3939
0.22 0.23 3 87.27 7822.1371
0.22 0.23 4 70.2 4720.92
0.22 0.23 5 71.86 3896.3404
0.22 0.23 6 80.82 6127.5476
0.22 0.23 7 107.7 10319.43
0.22 0.23 8 102.09 13304.9619
0.22 0.23 9 148.77 29076.0571
0.22 0.23 10 133.26 15470.6524
0.22 0.23 11 141.56 37968.7864
0.22 0.23 12 161.02 38836.9396
0.22 0.23 13 186.63 66652.8731
0.22 0.23 14 289.6 138578.5
0.22 0.23 15 246.33 96157.9411
0.22 0.23 16 248.69 98466.0139
0.22 0.23 17 355.22 221188.1916
0.22 0.23 18 262.23 91697.6771
0.22 0.23 19 337.93 221159.9651
0.23 0.24 0 104.49 10302.1299
0.23 0.24 1 161.54 21866.3484
0.23 0.24 2 93.09 9818.9419
0.23 0.24 3 98.4 10310.56
0.23 0.24 4 69.1 3252.61
0.23 0.24 5 68.09 4177.5019
0.23 0.24 6 74.89 6104.7779
0.23 0.24 7 78.54 6761.4084
0.23 0.24 8 89.26 11816.4724
0.23 0.24 9 108.36 11254.8704
0.23 0.24 10 152.09 29226.1419
0.23 0.24 11 144.67 27760.9011
0.23 0.24 12 147.15 37817.3275
0.23 0.24 13 162.7 41037.43
0.23 0.24 14 232.82 66271.5476
0.23 0.24 15 244.45 109704.9875
0.23 0.24 16 252.3 123226.01
0.23 0.24 17 235.31 103405.5339
0.23 0.24 18 368.05 262436.2275
0.23 0.24 19 344.78 215269.1116
0.24 0.25 0 94.59 8548.5619
0.24 0.25 1 157.21 25158.5859
0.24 0.25 2 88.71 7397.3859
0.24 0.25 3 83.51 8125.0299
0.24 0.25 4 76.76 3215.7624
0.24 0.25 5 76.26 5813.4524
0.24 0.25 6 68.82 3546.2076
0.24 0.25 7 64.45 3955.0875
0.24 0.25 8 92.09 11697.8419
0.24 0.25 9 124.11 21905.7179
0.24 0.25 10 97.99 14502.8099
0.24 0.25 11 144.04 47470.5184
0.24 0.25 12 228.71 76695.5259
0.24 0.25 13 178.71 44640.2059
0.24 0.25 14 278.46 115507.0484
0.24 0.25 15 243.81 96691.6539
0.24 0.25 16 286.0 133792.56
0.24 0.25 17 327.97 266453.1691
0.24 0.25 18 284.35 145651.4675
0.24 0.25 19 515.08 472311.5936
0.25 0.26 0 114.88 12673.1656
0.25 0.26 1 89.44 9617.5864
0.25 0.26 2 92.06 7414.1364
0.25 0.26 3 62.97 3935.3891
0.25 0.26 4 56.08 2299.8936
0.25 0.26 5 56.54 3897.9684
0.25 0.26 6 40.65 1794.0675
0.25 0.26 7 42.69 1096.1539
0.25 0.26 8 48.36 2068.4304
0.25 0.26 9 45.66 1331.3044
0.25 0.26 10 55.31 1859.3939
0.25 0.26 11 52.73 1734.9971
0.25 0.26 12 66.28 2169.8816
0.25 0.26 13 60.99 2378.5899
0.25 0.26 14 70.95 3157.9875
0.25 0.26 15 74.19 3384.6139
0.25 0.26 16 65.02 3007.1196
0.25 0.26 17 72.17 2564.7411
0.25 0.26 18 83.42 3715.2036
0.25 0.26 19 80.7 5426.63
0.26 0.27 0 94.91 9617.9819
0.26 0.27 1 104.94 11102.5964
0.26 0.27 2 81.86 8121.2004
0.26 0.27 3 75.75 5018.1475
0.26 0.27 4 60.8 4974.82
0.26 0.27 5 49.05 1623.4675
0.26 0.27 6 38.35 1335.1075
0.26 0.27 7 48.39 1635.5179
0.26 0.27 8 48.46 1880.0684
0.26 0.27 9 57.04 3863.2584
0.26 0.27 10 45.43 1502.0051
0.26 0.27 11 64.35 2310.2675
0.26 0.27 12 63.06 3553.1764
0.26 0.27 13 71.2 4737.48
0.26 0.27 14 78.8 4171.44
0.26 0.27 15 78.5 5051.57
0.26 0.27 16 98.49 13112.7699
0.26 0.27 17 114.17 18210.6811
0.26 0.27 18 99.27 10367.0171
0.26 0.27 19 106.66 12736.7844
0.27 0.28 0 94.32 7965.3176
0.27 0.28 1 117.7 12010.19
0.27 0.28 2 90.15 6629.5275
0.27 0.28 3 85.7 7265.55
0.27 0.28 4 72.93 4624.9251
0.27 0.28 5 50.03 2574.1091
0.27 0.28 6 49.46 1481.0284
0.27 0.28 7 54.44 2001.3664
0.27 0.28 8 55.8 2210.84
0.27 0.28 9 72.81 4206.9739
0.27 0.28 10 73.77 3357.3171
0.27 0.28 11 84.37 6955.8131
0.27 0.28 12 75.98 3867.4996
0.27 0.28 13 121.06 21898.4364
0.27 0.28 14 118.73 12273.1371
0.27 0.28 15 109.45 11337.9675
0.27 0.28 16 134.04 14572.9384
0.27 0.28 17 122.52 20827.8296
0.27 0.28 18 166.89 32944.7179
0.27 0.28 19 185.74 49400.3324
0.28 0.29 0 122.11 12166.6979
0.28 0.29 1 91.44 7484.5064
0.28 0.29 2 106.88 9747.1656
0.28 0.29 3 99.52 8276.7296
0.28 0.29 4 50.84 2865.4144
0.28 0.29 5 54.36 2568.3304
0.28 0.29 6 55.43 2275.0051
0.28 0.29 7 54.13 4237.6731
0.28 0.29 8 66.74 3545.1124
0.28 0.29 9 53.33 2952.9611
0.28 0.29 10 69.97 4440.2691
0.28 0.29 11 78.1 7285.13
0.28 0.29 12 73.82 4126.3676
0.28 0.29 13 91.43 9002.2051
0.28 0.29 14 105.74 12698.6324
0.28 0.29 15 106.1 18711.99
0.28 0.29 16 115.93 12195.8251
0.28 0.29 17 136.17 25388.9411
0.28 0.29 18 125.74 19134.1324
0.28 0.29 19 161.4 67961.28
0.29 0.3 0 97.13 7203.5731
0.29 0.3 1 91.15 9006.2675
0.29 0.3 2 96.29 11480.7859
0.29 0.3 3 92.9 7337.07
0.29 0.3 4 58.41 3380.5419
0.29 0.3 5 49.55 1969.7275
0.29 0.3 6 54.96 2541.9584
0.29 0.3 7 60.64 3474.2704
0.29 0.3 8 67.46 3384.6284
0.29 0.3 9 111.18 20531.8276
0.29 0.3 10 82.36 6013.4504
0.29 0.3 11 133.25 16984.4875
0.29 0.3 12 139.0 19587.44
0.29 0.3 13 139.72 22343.7216
0.29 0.3 14 180.36 34840.8904
0.29 0.3 15 176.41 42454.8419
0.29 0.3 16 226.01 63881.5099
0.29 0.3 17 220.46 64662.3484
0.29 0.3 18 194.2 49885.54
0.29 0.3 19 266.94 101354.9564
0.3 0.31 0 106.93 14337.2851
0.3 0.31 1 103.74 9141.0124
0.3 0.31 2 119.17 18127.3011
0.3 0.31 3 81.3 6007.99
0.3 0.31 4 55.44 3078.7464
0.3 0.31 5 62.34 2707.9044
0.3 0.31 6 63.73 3288.5171
0.3 0.31 7 66.65 2612.7075
0.3 0.31 8 87.82 6492.6076
0.3 0.31 9 72.48 5287.8696
0.3 0.31 10 100.82 11358.6276
0.3 0.31 11 97.95 6518.2075
0.3 0.31 12 112.39 10875.1979
0.3 0.31 13 133.83 20361.5211
0.3 0.31 14 153.97 29180.8091
0.3 0.31 15 189.16 47278.1344
0.3 0.31 16 197.06 60823.5364
0.3 0.31 17 169.33 40337.5611
0.3 0.31 18 239.8 66527.7
0.3 0.31 19 215.46 97650.4684
0.31 0.32 0 101.25 8637.3075
0.31 0.32 1 103.67 10393.5411
0.31 0.32 2 136.16 18041.5144
0.31 0.32 3 79.56 5664.0664
0.31 0.32 4 59.66 3785.8644
0.31 0.32 5 57.82 2383.4276
0.31 0.32 6 55.73 2656.5371
0.31 0.32 7 63.28 2921.0416
0.31 0.32 8 65.46 3284.5484
0.31 0.32 9 69.63 6339.2531
0.31 0.32 10 61.69 3812.2139
0.31 0.32 11 73.23 7204.7971
0.31 0.32 12 107.1 11158.01
0.31 0.32 13 84.99 6026.6699
0.31 0.32 14 108.26 12938.7124
0.31 0.32 15 131.91 34629.7219
0.31 0.32 16 124.61 21956.8579
0.31 0.32 17 142.32 29657.7376
0.31 0.32 18 130.85 22390.1875
0.31 0.32 19 139.1 23817.65
0.32 0.33 0 96.27 8469.9171
0.32 0.33 1 116.95 18182.2475
0.32 0.33 2 105.98 9322.4996
0.32 0.33 3 69.42 4338.5636
0.32 0.33 4 84.02 5610.7396
0.32 0.33 5 90.16 5623.0144
0.32 0.33 6 59.96 3626.6584
0.32 0.33 7 96.27 11809.8771
0.32 0.33 8 121.77 24368.9771
0.32 0.33 9 119.41 21651.4419
0.32 0.33 10 171.18 35607.3076
0.32 0.33 11 146.04 29705.2184
0.32 0.33 12 173.31 43385.4139
0.32 0.33 13 239.42 84031.6436
0.32 0.33 14 288.07 161952.2851
0.32 0.33 15 278.89 139479.8379
0.32 0.33 16 253.53 133588.7291
0.32 0.33 17 298.15 151569.8675
0.32 0.33 18 414.83 306807.1211
0.32 0.33 19 338.61 195004.5579
0.33 0.34 0 104.44 9347.3464
0.33 0.34 1 113.85 14874.8075
0.33 0.34 2 109.95 14359.7075
0.33 0.34 3 93.59 7554.6219
0.33 0.34 4 74.56 5789.7264
0.33 0.34 5 72.2 3725.1
0.33 0.34 6 80.24 6096.3824
0.33 0.34 7 85.78 7692.1716
0.33 0.34 8 119.59 11086.9619
0.33 0.34 9 107.81 11610.1339
0.33 0.34 10 139.06 22479.6564
0.33 0.34 11 156.67 33305.7011
0.33 0.34 12 206.74 49110.4524
0.33 0.34 13 217.32 57436.9376
0.33 0.34 14 277.24 85443.5824
0.33 0.34 15 302.75 123766.9875
0.33 0.34 16 286.88 102750.4256
0.33 0.34 17 364.96 241439.4384
0.33 0.34 18 349.91 244375.9619
0.33 0.34 19 403.71 239841.1659
0.34 0.35 0 97.14 9736.1004
0.34 0.35 1 107.17 13233.7811
0.34 0.35 2 116.41 19278.4219
0.34 0.35 3 74.27 5430.7571
0.34 0.35 4 76.81 4928.0939
0.34 0.35 5 60.94 3385.4564
0.34 0.35 6 66.98 4922.9396
0.34 0.35 7 75.57 6840.3651
0.34 0.35 8 97.11 7958.6579
0.34 0.35 9 112.15 17534.2275
0.34 0.35 10 146.26 21631.3724
0.34 0.35 11 169.71 35271.8459
0.34 0.35 12 161.84 42330.5544
0.34 0.35 13 199.37 68801.5931
0.34 0.35 14 178.33 41794.9611
0.34 0.35 15 214.91 67706.3219
0.34 0.35 16 254.04 102736.5384
0.34 0.35 17 238.83 93102.7411
0.34 0.35 18 382.66 225897.5244
0.34 0.35 19 338.16 179295.3344
0.35 0.36 0 93.45 7075.7475
0.35 0.36 1 100.2 8947.38
0.35 0.36 2 117.96 9121.9984
0.35 0.36 3 103.06 8719.9564
0.35 0.36 4 66.25 4798.4075
0.35 0.36 5 78.38 3930.2156
0.35 0.36 6 79.8 5050.08
0.35 0.36 7 102.96 9040.1384
0.35 0.36 8 101.0 9035.24
0.35 0.36 9 119.07 14379.7851
0.35 0.36 10 126.16 14971.2344
0.35 0.36 11 146.37 22190.2331
0.35 0.36 12 206.24 40250.8624
0.35 0.36 13 173.08 37774.2936
0.35 0.36 14 191.86 44204.5804
0.35 0.36 15 289.19 99982.5139
0.35 0.36 16 241.49 90160.6499
0.35 0.36 17 290.11 95634.7979
0.35 0.36 18 334.93 158424.8251
0.35 0.36 19 489.75 236687.5475
0.36 0.37 0 105.9 14236.13
0.36 0.37 1 110.57 10062.7051
0.36 0.37 2 122.98 11765.6396
0.36 0.37 3 90.14 7916.5804
0.36 0.37 4 69.84 4505.6544
0.36 0.37 5 70.79 4492.6259
0.36 0.37 6 90.47 6653.4891
0.36 0.37 7 75.02 5059.8396
0.36 0.37 8 111.72 11978.0816
0.36 0.37 9 145.41 25039.3419
0.36 0.37 10 135.12 18776.6256
0.36 0.37 11 176.52 45435.2496
0.36 0.37 12 196.99 44367.6499
0.36 0.37 13 217.63 67590.7931
0.36 0.37 14 217.01 46580.0499
0.36 0.37 15 281.72 88348.2216
0.36 0.37 16 316.55 102156.2475
0.36 0.37 17 284.96 95203.7584
0.36 0.37 18 375.02 235479.4996
0.36 0.37 19 429.78 254538.5316
0.37 0.38 0 102.32 8971.2976
0.37 0.38 1 99.16 7054.7144
0.37 0.38 2 122.86 14985.1604
0.37 0.38 3 79.03 4812.7691
0.37 0.38 4 63.35 3575.4075
0.37 0.38 5 47.87 1675.9931
0.37 0.38 6 48.47 2033.3891
0.37 0.38 7 49.53 2029.8691
0.37 0.38 8 67.27 5398.2771
0.37 0.38 9 71.07 7910.7451
0.37 0.38 10 86.12 9727.9456
0.37 0.38 11 94.67 11587.4411
0.37 0.38 12 97.49 12320.4099
0.37 0.38 13 152.42 49449.0436
0.37 0.38 14 97.09 20165.5019
0.37 0.38 15 162.3 38557.73
0.37 0.38 16 160.91 38442.0019
0.37 0.38 17 172.86 50832.0004
0.37 0.38 18 165.75 58470.6075
0.37 0.38 19 202.82 87178.5476
0.38 0.39 0 95.01 8880.1299
0.38 0.39 1 113.01 10485.0299
0.38 0.39 2 90.03 10700.5291
0.38 0.39 3 100.1 9573.71
0.38 0.39 4 93.37 10006.5131
0.38 0.39 5 76.7 6433.51
0.38 0.39 6 96.44 11647.9664
0.38 0.39 7 98.85 21606.0275
0.38 0.39 8 159.85 48364.4275
0.38 0.39 9 153.53 52942.3091
0.38 0.39 10 221.51 77414.2299
0.38 0.39 11 173.17 58141.7011
0.38 0.39 12 194.39 70858.1779
0.38 0.39 13 258.54 157304.2484
0.38 0.39 14 324.51 264854.8899
0.38 0.39 15 353.41 345025.7819
0.38 0.39 16 435.79 377135.1659
0.38 0.39 17 428.4 564282.88
0.38 0.39 18 490.94 845690.0164
0.38 0.39 19 588.65 1481330.0275
0.39 0.4 0 86.56 6129.3664
0.39 0.4 1 113.1 12573.11
0.39 0.4 2 102.27 9703.2571
0.39 0.4 3 99.73 11891.6771
0.39 0.4 4 93.19 8063.3339
0.39 0.4 5 99.54 16610.8884
0.39 0.4 6 86.89 10670.6979
0.39 0.4 7 102.38 11880.8356
0.39 0.4 8 96.96 16844.1784
0.39 0.4 9 117.26 21592.3124
0.39 0.4 10 183.34 77307.1044
0.39 0.4 11 216.52 117803.7096
0.39 0.4 12 179.18 54765.7276
0.39 0.4 13 209.59 121747.4819
0.39 0.4 14 299.69 209386.2339
0.39 0.4 15 284.49 201189.9899
0.39 0.4 16 340.36 295946.4304
0.39 0.4 17 290.06 218616.4164
0.39 0.4 18 495.08 812162.3336
0.39 0.4 19 469.67 715984.3211
0.4 0.41 0 100.12 8519.2456
0.4 0.41 1 106.68 8977.1376
0.4 0.41 2 119.12 9448.5656
0.4 0.41 3 126.35 11321.3475
0.4 0.41 4 92.28 9539.1016
0.4 0.41 5 85.72 11153.7816
0.4 0.41 6 83.59 9083.7419
0.4 0.41 7 100.83 23010.1411
0.4 0.41 8 132.02 38197.8796
0.4 0.41 9 171.01 67075.9899
0.4 0.41 10 137.12 60508.0256
0.4 0.41 11 174.9 84292.63
0.4 0.41 12 286.98 261310.3596
0.4 0.41 13 296.97 172332.3891
0.4 0.41 14 251.18 155708.4876
0.4 0.41 15 407.58 752754.3436
0.4 0.41 16 325.57 263403.4451
0.4 0.41 17 471.45 531099.4475
0.4 0.41 18 583.69 765588.0139
0.4 0.41 19 337.19 326697.3139
0.41 0.42 0 100.01 8742.8899
0.41 0.42 1 97.26 9371.4724
0.41 0.42 2 96.98 7140.0196
0.41 0.42 3 93.19 8248.1339
0.41 0.42 4 91.98 9714.5796
0.41 0.42 5 102.06 14904.9964
0.41 0.42 6 105.74 21316.4924
0.41 0.42 7 163.13 57437.2531
0.41 0.42 8 171.39 39527.1379
0.41 0.42 9 198.03 95663.0091
0.41 0.42 10 220.99 88179.7699
0.41 0.42 11 226.9 93458.27
0.41 0.42 12 250.01 109260.8299
0.41 0.42 13 321.88 202791.2856
0.41 0.42 14 360.38 538969.9156
0.41 0.42 15 460.03 649609.8091
0.41 0.42 16 480.1 698915.11
0.41 0.42 17 610.08 647867.4936
0.41 0.42 18 625.51 803726.6699
0.41 0.42 19 756.59 1368739.7019
0.42 0.43 0 107.25 10101.8675
0.42 0.43 1 118.61 16190.6979
0.42 0.43 2 112.11 14296.8779
0.42 0.43 3 106.72 8844.3816
0.42 0.43 4 90.5 9369.17
0.42 0.43 5 96.77 12613.9171
0.42 0.43 6 93.17 13224.6811
0.42 0.43 7 148.2 57334.34
0.42 0.43 8 110.54 35467.8084
0.42 0.43 9 221.07 77365.1451
0.42 0.43 10 206.86 60811.5004
0.42 0.43 11 232.26 84491.7524
0.42 0.43 12 313.86 291535.2604
0.42 0.43 13 362.02 269655.6396
0.42 0.43 14 422.76 333089.7824
0.42 0.43 15 329.81 242047.9739
0.42 0.43 16 466.62 538495.5156
0.42 0.43 17 530.8 1191706.14
0.42 0.43 18 665.76 1188414.7024
0.42 0.43 19 616.57 1033124.2051
0.43 0.44 0 117.13 13407.9331
0.43 0.44 1 111.53 10724.1491
0.43 0.44 2 101.91 12034.7619
0.43 0.44 3 100.16 8754.7744
0.43 0.44 4 82.39 7211.6579
0.43 0.44 5 87.62 16694.1756
0.43 0.44 6 72.5 7301.05
0.43 0.44 7 130.42 26112.6236
0.43 0.44 8 145.28 56990.7016
0.43 0.44 9 192.0 61348.68
0.43 0.44 10 216.72 106620.5216
0.43 0.44 11 276.12 190157.5656
0.43 0.44 12 303.04 348243.6984
0.43 0.44 13 291.62 165053.6556
0.43 0.44 14 451.04 434441.2584
0.43 0.44 15 340.19 378380.6139
0.43 0.44 16 396.95 467938.6875
0.43 0.44 17 576.62 995983.8356
0.43 0.44 18 495.33 617183.3811
0.43 0.44 19 474.21 502114.0059
0.44 0.45 0 96.44 9928.7464
0.44 0.45 1 94.14 7611.1604
0.44 0.45 2 117.46 9526.6684
0.44 0.45 3 86.59 6365.0819
0.44 0.45 4 101.66 9239.1244
0.44 0.45 5 92.78 10027.9916
0.44 0.45 6 90.25 18088.9075
0.44 0.45 7 133.4 26256.96
0.44 0.45 8 186.59 89909.3219
0.44 0.45 9 206.39 55861.4179
0.44 0.45 10 149.47 39048.2691
0.44 0.45 11 265.22 151591.7716
0.44 0.45 12 297.0 215125.68
0.44 0.45 13 404.55 342292.4475
0.44 0.45 14 437.98 400357.8596
0.44 0.45 15 434.48 525882.7696
0.44 0.45 16 475.37 622742.0531
0.44 0.45 17 409.03 452500.8491
0.44 0.45 18 729.78 1041750.5916
0.44 0.45 19 627.99 795761.2099
0.45 0.46 0 108.83 9223.1811
0.45 0.46 1 113.47 10368.6291
0.45 0.46 2 107.39 10207.3379
0.45 0.46 3 111.11 12011.4779
0.45 0.46 4 96.19 6347.8739
0.45 0.46 5 104.33 18412.5011
0.45 0.46 6 120.97 19310.4891
0.45 0.46 7 125.98 27246.1996
0.45 0.46 8 139.54 45621.8284
0.45 0.46 9 161.01 55596.7699
0.45 0.46 10 235.47 127751.9091
0.45 0.46 11 245.28 124792.7816
0.45 0.46 12 314.27 189964.6171
0.45 0.46 13 293.53 243727.8091
0.45 0.46 14 241.97 134620.8491
0.45 0.46 15 517.15 633583.6275
0.45 0.46 16 583.19 837997.2739
0.45 0.46 17 611.66 851147.7244
0.45 0.46 18 478.19 913143.7539
0.45 0.46 19 642.46 1039613.9484
0.46 0.47 0 107.7 9793.05
0.46 0.47 1 126.21 11839.7459
0.46 0.47 2 97.91 7506.5419
0.46 0.47 3 95.97 12170.2491
0.46 0.47 4 107.83 17441.6411
0.46 0.47 5 95.93 12236.8251
0.46 0.47 6 97.07 13105.9051
0.46 0.47 7 164.45 103811.5875
0.46 0.47 8 112.42 19916.3836
0.46 0.47 9 195.97 100924.5491
0.46 0.47 10 221.66 104335.2444
0.46 0.47 11 261.48 174473.2696
0.46 0.47 12 288.51 182232.6499
0.46 0.47 13 264.71 154866.1259
0.46 0.47 14 586.07 554689.7451
0.46 0.47 15 482.92 569960.6936
0.46 0.47 16 598.33 893530.6011
0.46 0.47 17 536.71 659895.7459
0.46 0.47 18 609.65 1040168.3475
0.46 0.47 19 626.1 1612087.67
0.47 0.48 0 98.85 10709.1475
0.47 0.48 1 90.7 8379.79
0.47 0.48 2 95.4 10810.58
0.47 0.48 3 92.46 10866.6884
0.47 0.48 4 102.99 8518.9299
0.47 0.48 5 76.84 8752.9144
0.47 0.48 6 97.72 13932.6216
0.47 0.48 7 151.63 30764.3731
0.47 0.48 8 190.98 58395.0796
0.47 0.48 9 204.17 70159.5411
0.47 0.48 10 228.72 70395.4616
0.47 0.48 11 246.48 158447.2296
0.47 0.48 12 362.7 299180.99
0.47 0.48 13 363.93 348043.8251
0.47 0.48 14 451.84 406797.7344
0.47 0.48 15 541.76 552333.8424
0.47 0.48 16 560.47 717824.4691
0.47 0.48 17 670.52 936798.1496
0.47 0.48 18 644.84 1257572.2544
0.47 0.48 19 612.67 1080461.1811
0.48 0.49 0 103.75 8921.0875
0.48 0.49 1 94.08 7120.7336
0.48 0.49 2 100.14 8121.3204
0.48 0.49 3 90.45 9065.3475
0.48 0.49 4 84.76 7648.9024
0.48 0.49 5 84.87 7855.7931
0.48 0.49 6 72.08 7049.8736
0.48 0.49 7 144.7 32423.39
0.48 0.49 8 174.51 56713.0099
0.48 0.49 9 160.7 63242.61
0.48 0.49 10 236.43 113158.6851
0.48 0.49 11 259.97 170955.8091
0.48 0.49 12 401.43 439522.6651
0.48 0.49 13 276.1 206064.45
0.48 0.49 14 341.49 293389.6899
0.48 0.49 15 317.92 212679.3536
0.48 0.49 16 472.53 524297.7891
0.48 0.49 17 537.91 663509.3219
0.48 0.49 18 493.5 758439.23
0.48 0.49 19 704.36 1882470.9904
0.49 0.5 0 88.93 6974.8051
0.49 0.5 1 106.5 13262.07
0.49 0.5 2 97.29 13366.5459
0.49 0.5 3 89.11 9049.2179
0.49 0.5 4 55.91 4199.7219
0.49 0.5 5 107.17 18267.7411
0.49 0.5 6 90.23 14049.3371
0.49 0.5 7 167.15 55853.0075
0.49 0.5 8 151.84 41478.2544
0.49 0.5 9 125.76 24392.0824
0.49 0.5 10 213.69 106514.5539
0.49 0.5 11 258.55 130783.2475
0.49 0.5 12 286.73 207635.7171
0.49 0.5 13 377.52 394038.8896
0.49 0.5 14 454.63 503893.4731
0.49 0.5 15 409.8 335856.06
0.49 0.5 16 580.15 853122.6475
0.49 0.5 17 577.72 659159.6216
0.49 0.5 18 683.94 1194645.3164
0.49 0.5 19 734.79 1590216.8259
0.5 0.51 0 103.47 10404.1891
0.5 0.51 1 161.44 22042.1664
0.5 0.51 2 87.29 8932.1059
0.5 0.51 3 77.75 8208.2875
0.5 0.51 4 62.33 5624.3411
0.5 0.51 5 49.63 2621.0931
0.5 0.51 6 43.62 2298.4356
0.5 0.51 7 36.65 872.6475
0.5 0.51 8 48.61 1911.8379
0.5 0.51 9 49.3 1504.03
0.5 0.51 10 45.89 1767.3779
0.5 0.51 11 55.0 1854.9
0.5 0.51 12 60.54 2865.5684
0.5 0.51 13 53.03 1504.6091
0.5 0.51 14 50.51 1613.0299
0.5 0.51 15 60.72 2036.9216
0.5 0.51 16 69.18 2757.6476
0.5 0.51 17 69.79 4145.4059
0.5 0.51 18 70.83 2287.1011
0.5 0.51 19 81.13 3623.9531
0.51 0.52 0 104.92 10500.1736
0.51 0.52 1 155.93 27771.4051
0.51 0.52 2 151.77 29805.6371
0.51 0.52 3 115.92 18606.9336
0.51 0.52 4 80.64 9284.4704
0.51 0.52 5 42.93 2207.4251
0.51 0.52 6 40.69 1314.7739
0.51 0.52 7 41.96 1611.6184
0.51 0.52 8 42.62 1390.1756
0.51 0.52 9 41.01 1637.6299
0.51 0.52 10 49.37 1634.2331
0.51 0.52 11 60.84 3245.6944
0.51 0.52 12 52.72 2206.9416
0.51 0.52 13 59.54 3159.4684
0.51 0.52 14 59.29 2571.6659
0.51 0.52 15 71.78 4596.2316
0.51 0.52 16 71.18 2837.6276
0.51 0.52 17 64.79 2236.2059
0.51 0.52 18 76.52 3934.9296
0.51 0.52 19 87.18 6283.7076
0.52 0.53 0 102.7 9833.17
0.52 0.53 1 173.53 32461.2891
0.52 0.53 2 127.18 25939.5076
0.52 0.53 3 110.04 20625.8784
0.52 0.53 4 92.7 15639.07
0.52 0.53 5 46.7 1865.69
0.52 0.53 6 49.91 2530.7419
0.52 0.53 7 59.25 2175.6475
0.52 0.53 8 55.98 2586.3996
0.52 0.53 9 55.54 2302.1284
0.52 0.53 10 63.58 2986.2036
0.52 0.53 11 71.2 4359.4
0.52 0.53 12 83.27 6655.6371
0.52 0.53 13 79.88 5022.1856
0.52 0.53 14 107.73 15675.7771
0.52 0.53 15 93.63 7993.0131
0.52 0.53 16 97.67 8251.4611
0.52 0.53 17 124.17 12708.4411
0.52 0.53 18 122.0 13185.7
0.52 0.53 19 108.99 10756.7099
0.53 0.54 0 91.98 8305.7996
0.53 0.54 1 169.15 36987.0675
0.53 0.54 2 134.15 19607.2675
0.53 0.54 3 104.25 14146.6275
0.53 0.54 4 62.04 3832.5384
0.53 0.54 5 61.3 4506.09
0.53 0.54 6 50.01 3668.6099
0.53 0.54 7 61.78 2911.5316
0.53 0.54 8 48.38 2133.9756
0.53 0.54 9 48.76 1570.7424
0.53 0.54 10 67.5 3099.13
0.53 0.54 11 62.43 3515.6451
0.53 0.54 12 62.08 3110.6936
0.53 0.54 13 72.42 4095.8836
0.53 0.54 14 87.85 6481.3875
0.53 0.54 15 74.24 3850.1024
0.53 0.54 16 80.54 4128.7684
0.53 0.54 17 80.97 4425.1891
0.53 0.54 18 86.15 5977.1275
0.53 0.54 19 99.41 5458.8019
0.54 0.55 0 86.75 8495.8275
0.54 0.55 1 170.0 40815.16
0.54 0.55 2 139.86 30272.1604
0.54 0.55 3 82.48 9484.8896
0.54 0.55 4 61.3 3571.55
0.54 0.55 5 57.7 3023.99
0.54 0.55 6 58.54 3278.7484
0.54 0.55 7 71.13 4255.2131
0.54 0.55 8 67.34 5187.5044
0.54 0.55 9 71.29 8090.7059
0.54 0.55 10 98.83 20573.9811
0.54 0.55 11 113.82 20517.0476
0.54 0.55 12 114.01 15696.3699
0.54 0.55 13 142.14 26920.2204
0.54 0.55 14 122.71 40913.0259
0.54 0.55 15 141.45 32254.2675
0.54 0.55 16 172.22 39770.0516
0.54 0.55 17 212.44 66059.2864
0.54 0.55 18 205.37 50406.2731
0.54 0.55 19 220.56 94977.6464
0.55 0.56 0 90.42 6500.2636
0.55 0.56 1 161.24 36925.6224
0.55 0.56 2 134.7 23094.07
0.55 0.56 3 105.04 12347.0184
0.55 0.56 4 58.5 2233.91
0.55 0.56 5 51.83 2253.5811
0.55 0.56 6 50.36 2775.3704
0.55 0.56 7 52.29 2808.3859
0.55 0.56 8 66.3 5239.03
0.55 0.56 9 85.68 6195.3776
0.55 0.56 10 92.75 8877.3475
0.55 0.56 11 95.86 16548.4204
0.55 0.56 12 104.12 13791.7456
0.55 0.56 13 85.82 7143.0476
0.55 0.56 14 139.93 21752.9851
0.55 0.56 15 124.6 14374.16
0.55 0.56 16 168.75 51479.9475
0.55 0.56 17 179.73 58354.8771
0.55 0.56 18 194.05 42650.8475
0.55 0.56 19 176.89 40516.7779
0.56 0.57 0 101.64 9631.2504
0.56 0.57 1 144.01 19346.3499
0.56 0.57 2 114.15 17025.2075
0.56 0.57 3 73.94 6674.3164
0.56 0.57 4 68.39 7042.5979
0.56 0.57 5 62.98 3110.0796
0.56 0.57 6 64.69 5133.9339
0.56 0.57 7 43.56 1687.1464
0.56 0.57 8 44.09 1502.8419
0.56 0.57 9 51.37 1585.4731
0.56 0.57 10 58.29 2223.7859
0.56 0.57 11 67.43 3472.3651
0.56 0.57 12 66.89 3334.7379
0.56 0.57 13 73.49 4152.0699
0.56 0.57 14 62.12 3290.8056
0.56 0.57 15 67.71 2985.5859
0.56 0.57 16 77.02 4084.8996
0.56 0.57 17 78.97 3014.6891
0.56 0.57 18 88.86 4613.4604
0.56 0.57 19 87.44 3476.7864
0.57 0.58 0 104.5 9111.61
0.57 0.58 1 183.64 27341.6104
0.57 0.58 2 129.08 21082.1936
0.57 0.58 3 95.99 8102.6299
0.57 0.58 4 80.16 6130.8944
0.57 0.58 5 90.71 8744.0459
0.57 0.58 6 74.81 11323.8539
0.57 0.58 7 121.34 25314.8644
0.57 0.58 8 132.52 35734.8696
0.57 0.58 9 155.46 57760.0484
0.57 0.58 10 175.41 38647.8819
0.57 0.58 11 218.33 167061.9411
0.57 0.58 12 281.22 156825.2316
0.57 0.58 13 251.21 120778.5659
0.57 0.58 14 349.16 384737.5144
0.57 0.58 15 375.4 336362.54
0.57 0.58 16 497.17 956222.0011
0.57 0.58 17 436.18 648393.6876
0.57 0.58 18 681.59 1045161.5619
0.57 0.58 19 746.74 1483838.4124
0.58 0.59 0 86.38 4736.7556
0.58 0.59 1 160.35 22442.1875
0.58 0.59 2 121.23 23102.2971
0.58 0.59 3 83.03 5273.6491
0.58 0.59 4 88.22 8439.3316
0.58 0.59 5 86.96 11067.3384
0.58 0.59 6 94.6 13715.6
0.58 0.59 7 109.92 18274.9336
0.58 0.59 8 116.63 15267.6131
0.58 0.59 9 161.09 46062.3419
0.58 0.59 10 130.68 29378.4776
0.58 0.59 11 247.86 98206.8404
0.58 0.59 12 230.83 94099.9611
0.58 0.59 13 306.73 235162.9171
0.58 0.59 14 300.71 258904.6059
0.58 0.59 15 411.03 330269.6091
0.58 0.59 16 451.77 399403.2171
0.58 0.59 17 439.71 528453.3459
0.58 0.59 18 413.22 344192.2916
0.58 0.59 19 605.39 1088023.9179
0.59 0.6 0 93.07 8600.6051
0.59 0.6 1 160.12 52017.9256
0.59 0.6 2 96.49 13394.0299
0.59 0.6 3 81.36 5809.8904
0.59 0.6 4 72.98 5243.4796
0.59 0.6 5 62.55 5109.4875
0.59 0.6 6 77.92 6120.4536
0.59 0.6 7 62.97 4553.4691
0.59 0.6 8 90.84 7634.7344
0.59 0.6 9 96.72 10376.4816
0.59 0.6 10 104.62 15101.3356
0.59 0.6 11 131.12 23441.9656
0.59 0.6 12 147.91 40561.0419
0.59 0.6 13 173.44 41698.3464
0.59 0.6 14 204.92 84515.7736
0.59 0.6 15 167.39 45409.3379
0.59 0.6 16 205.98 71693.5196
0.59 0.6 17 198.5 59209.13
0.59 0.6 18 234.82 75798.8476
0.59 0.6 19 308.75 137984.0075
0.6 0.61 0 115.39 10903.5379
0.6 0.61 1 171.2 21729.98
0.6 0.61 2 129.93 21188.7851
0.6 0.61 3 83.23 7779.3771
0.6 0.61 4 62.34 5098.7444
0.6 0.61 5 63.57 3692.7451
0.6 0.61 6 76.34 6842.7444
0.6 0.61 7 78.18 6245.8076
0.6 0.61 8 94.85 9614.0675
0.6 0.61 9 100.49 17086.5299
0.6 0.61 10 148.31 35104.6539
0.6 0.61 11 141.52 31187.7696
0.6 0.61 12 148.26 26913.9524
0.6 0.61 13 168.07 34118.8651
0.6 0.61 14 196.98 66520.3196
0.6 0.61 15 267.21 111513.9859
0.6 0.61 16 268.75 79060.9475
0.6 0.61 17 297.72 148702.8616
0.6 0.61 18 252.48 188060.1496
0.6 0.61 19 268.08 118393.2536
0.61 0.62 0 98.07 8398.8051
0.61 0.62 1 139.05 20973.7875
0.61 0.62 2 142.89 18354.2979
0.61 0.62 3 79.04 6635.7784
0.61 0.62 4 64.89 2745.8379
0.61 0.62 5 50.08 2284.3536
0.61 0.62 6 57.85 3177.6275
0.61 0.62 7 64.28 3282.3416
0.61 0.62 8 83.56 7175.8064
0.61 0.62 9 108.22 16449.1916
0.61 0.62 10 133.22 19473.1916
0.61 0.62 11 127.34 20454.5444
0.61 0.62 12 176.17 34575.3411
0.61 0.62 13 227.08 70620.3736
0.61 0.62 14 197.31 68323.6939
0.61 0.62 15 204.96 55121.7384
0.61 0.62 16 270.43 118727.5651
0.61 0.62 17 269.62 123193.8356
0.61 0.62 18 296.63 124899.6131
0.61 0.62 19 387.1 237393.57
0.62 0.63 0 107.5 8366.55
0.62 0.63 1 150.56 22178.2264
0.62 0.63 2 113.66 12755.9444
0.62 0.63 3 98.43 11285.1651
0.62 0.63 4 68.96 4716.8384
0.62 0.63 5 40.95 1875.1675
0.62 0.63 6 38.83 1322.2411
0.62 0.63 7 33.33 631.9611
0.62 0.63 8 36.83 845.7811
0.62 0.63 9 43.52 1398.2296
0.62 0.63 10 49.81 1592.9939
0.62 0.63 11 52.81 1407.6139
0.62 0.63 12 54.56 1989.4664
0.62 0.63 13 49.1 1440.97
0.62 0.63 14 48.94 1521.4764
0.62 0.63 15 60.29 2591.7859
0.62 0.63 16 52.77 1358.9971
0.62 0.63 17 65.5 3233.79
0.62 0.63 18 66.51 2511.4499
0.62 0.63 19 72.56 2830.4864
0.63 0.64 0 86.11 7023.5179
0.63 0.64 1 159.73 21429.8971
0.63 0.64 2 109.76 11975.7624
0.63 0.64 3 129.75 17184.8275
0.63 0.64 4 171.35 52245.8075
0.63 0.64 5 260.63 113291.2731
0.63 0.64 6 290.21 225587.4259
0.63 0.64 7 364.3 467279.91
0.63 0.64 8 345.88 361074.7056
0.63 0.64 9 462.69 669533.0739
0.63 0.64 10 316.07 376070.9451
0.63 0.64 11 541.9 816828.99
0.63 0.64 12 518.34 697834.3644
0.63 0.64 13 602.05 1148135.4875
0.63 0.64 14 624.41 1283897.2619
0.63 0.64 15 611.15 910530.8075
0.63 0.64 16 850.44 2227695.7664
0.63 0.64 17 650.27 1809056.0971
0.63 0.64 18 824.03 3020218.9491
0.63 0.64 19 755.02 1505206.5196
0.64 0.65 0 81.68 8093.7176
0.64 0.65 1 149.67 25777.3211
0.64 0.65 2 121.19 12002.7139
0.64 0.65 3 127.7 16656.69
0.64 0.65 4 111.98 24274.4796
0.64 0.65 5 193.07 73990.3051
0.64 0.65 6 188.19 87517.7539
0.64 0.65 7 187.92 81360.2136
0.64 0.65 8 189.82 125797.9276
0.64 0.65 9 228.28 201582.9816
0.64 0.65 10 329.77 300686.6771
0.64 0.65 11 524.88 1319095.6656
0.64 0.65 12 362.71 575772.3059
0.64 0.65 13 400.25 442001.8475
0.64 0.65 14 543.96 629405.9184
0.64 0.65 15 580.12 707704.7856
0.64 0.65 16 667.95 1443581.9675
0.64 0.65 17 981.96 2655672.3384
0.64 0.65 18 1080.08 6722304.0136
0.64 0.65 19 983.91 3446510.4219
0.65 0.66 0 99.98 7523.9996
0.65 0.66 1 145.27 24750.5571
0.65 0.66 2 115.3 15071.33
0.65 0.66 3 99.97 9975.2491
0.65 0.66 4 114.63 20366.5331
0.65 0.66 5 129.46 22629.2284
0.65 0.66 6 127.17 42087.9411
0.65 0.66 7 103.2 20864.96
0.65 0.66 8 164.15 69927.6075
0.65 0.66 9 271.32 199352.8376
0.65 0.66 10 225.2 160647.08
0.65 0.66 11 317.83 436827.6211
0.65 0.66 12 332.73 397613.5971
0.65 0.66 13 332.6 442715.48
0.65 0.66 14 442.4 425213.54
0.65 0.66 15 343.92 291894.2936
0.65 0.66 16 548.2 817562.14
0.65 0.66 17 556.67 914226.9411
0.65 0.66 18 654.83 1601454.3611
0.65 0.66 19 658.51 1498494.4699
0.66 0.67 0 93.08 6902.9536
0.66 0.67 1 124.52 20573.3496
0.66 0.67 2 97.78 9687.4316
0.66 0.67 3 102.65 9604.6075
0.66 0.67 4 127.94 26282.0364
0.66 0.67 5 123.34 22774.7444
0.66 0.67 6 107.87 24510.6331
0.66 0.67 7 236.29 110771.4459
0.66 0.67 8 278.36 207416.1104
0.66 0.67 9 293.48 265373.5896
0.66 0.67 10 372.3 269856.43
0.66 0.67 11 291.58 307244.9436
0.66 0.67 12 416.69 634211.0739
0.66 0.67 13 381.42 320275.1636
0.66 0.67 14 654.21 974922.6659
0.66 0.67 15 641.15 905173.9075
0.66 0.67 16 578.25 577773.6675
0.66 0.67 17 582.28 896156.2416
0.66 0.67 18 804.14 1586628.2804
0.66 0.67 19 987.56 2815406.8264
0.67 0.68 0 103.55 13674.4675
0.67 0.68 1 150.41 27936.3419
0.67 0.68 2 128.07 15979.7651
0.67 0.68 3 110.31 11755.8739
0.67 0.68 4 96.76 11525.1224
0.67 0.68 5 100.21 9952.9259
0.67 0.68 6 115.68 23464.1776
0.67 0.68 7 126.52 23320.4296
0.67 0.68 8 168.32 75364.5176
0.67 0.68 9 148.21 51789.3459
0.67 0.68 10 144.8 43177.4
0.67 0.68 11 251.1 135716.69
0.67 0.68 12 249.59 166351.6819
0.67 0.68 13 273.25 154540.1475
0.67 0.68 14 551.66 995642.1244
0.67 0.68 15 504.14 669012.2404
0.67 0.68 16 500.14 764304.4004
0.67 0.68 17 447.92 519195.1336
0.67 0.68 18 554.03 846937.9891
0.67 0.68 19 724.81 1482038.5539
0.68 0.69 0 108.87 11446.6931
0.68 0.69 1 149.69 20606.8339
0.68 0.69 2 121.1 17295.91
0.68 0.69 3 103.03 10120.0691
0.68 0.69 4 78.78 6949.1116
0.68 0.69 5 72.55 5809.5075
0.68 0.69 6 74.17 6068.7811
0.68 0.69 7 83.55 7679.1675
0.68 0.69 8 101.9 27745.59
0.68 0.69 9 102.15 16690.4875
0.68 0.69 10 136.67 30797.4411
0.68 0.69 11 126.51 39148.5499
0.68 0.69 12 174.22 52620.0316
0.68 0.69 13 161.55 45576.6275
0.68 0.69 14 206.23 97585.3571
0.68 0.69 15 220.89 72273.8779
0.68 0.69 16 230.53 89581.0091
0.68 0.69 17 244.57 144601.1051
0.68 0.69 18 309.6 190599.62
0.68 0.69 19 404.39 292656.3179
0.69 0.7 0 84.15 8787.0475
0.69 0.7 1 139.11 20596.8579
0.69 0.7 2 126.99 17160.6699
0.69 0.7 3 118.25 18792.7675
0.69 0.7 4 88.17 14007.2811
0.69 0.7 5 159.74 49862.3324
0.69 0.7 6 174.87 69922.6531
0.69 0.7 7 358.93 331248.6851
0.69 0.7 8 352.29 238037.4459
0.69 0.7 9 256.27 199664.2571
0.69 0.7 10 427.27 926354.1971
0.69 0.7 11 449.33 696242.0211
0.69 0.7 12 550.95 919605.0275
0.69 0.7 13 493.51 516926.8299
0.69 0.7 14 579.66 959014.1444
0.69 0.7 15 784.52 2276976.0296
0.69 0.7 16 646.21 1249469.8659
0.69 0.7 17 980.19 3630926.4939
0.69 0.7 18 837.09 1698852.5419
0.69 0.7 19 1125.85 4223706.6475
0.7 0.71 0 108.31 11654.1539
0.7 0.71 1 145.56 22298.6864
0.7 0.71 2 107.3 9104.61
0.7 0.71 3 99.66 17054.1844
0.7 0.71 4 68.48 6121.0496
0.7 0.71 5 125.3 23237.61
0.7 0.71 6 154.98 40595.1796
0.7 0.71 7 112.42 31150.8036
0.7 0.71 8 220.21 100582.6459
0.7 0.71 9 208.47 82702.7291
0.7 0.71 10 257.96 126914.4384
0.7 0.71 11 256.53 213466.9691
0.7 0.71 12 351.97 336495.3691
0.7 0.71 13 410.73 645686.0571
0.7 0.71 14 355.35 443826.0275
0.7 0.71 15 496.38 670169.0756
0.7 0.71 16 422.26 594577.7124
0.7 0.71 17 624.7 1184513.29
0.7 0.71 18 618.62 1163467.1756
0.7 0.71 19 651.84 1266058.6144
0.71 0.72 0 84.0 6179.9
0.71 0.72 1 160.7 21826.01
0.71 0.72 2 82.62 10991.3956
0.71 0.72 3 101.27 11763.3971
0.71 0.72 4 81.03 5635.0691
0.71 0.72 5 62.89 4267.2979
0.71 0.72 6 82.88 7620.1456
0.71 0.72 7 82.18 7708.8276
0.71 0.72 8 98.09 15997.5619
0.71 0.72 9 123.49 26547.6299
0.71 0.72 10 131.06 28757.6964
0.71 0.72 11 146.56 37812.6864
0.71 0.72 12 165.99 32089.3099
0.71 0.72 13 167.14 44446.4204
0.71 0.72 14 196.26 65684.9324
0.71 0.72 15 226.38 83867.7556
0.71 0.72 16 251.74 84253.8924
0.71 0.72 17 238.77 80689.1571
0.71 0.72 18 303.32 267107.2376
0.71 0.72 19 393.57 489675.5251
0.72 0.73 0 117.77 13369.1971
0.72 0.73 1 149.93 24590.2251
0.72 0.73 2 99.1 11004.69
0.72 0.73 3 81.2 8557.96
0.72 0.73 4 81.53 8398.7091
0.72 0.73 5 67.07 4870.9051
0.72 0.73 6 127.43 31800.0451
0.72 0.73 7 159.05 64833.0875
0.72 0.73 8 174.35 44132.0475
0.72 0.73 9 235.65 127120.0675
0.72 0.73 10 220.83 153009.7611
0.72 0.73 11 356.28 366461.4416
0.72 0.73 12 319.63 249489.6131
0.72 0.73 13 464.17 348250.7411
0.72 0.73 14 487.87 527171.8931
0.72 0.73 15 584.74 959059.7324
0.72 0.73 16 479.86 1043929.0804
0.72 0.73 17 477.43 770312.3451
0.72 0.73 18 713.66 1447538.3244
0.72 0.73 19 871.43 3180559.4851
0.73 0.74 0 99.08 7234.8936
0.73 0.74 1 158.87 30034.7331
0.73 0.74 2 94.91 13070.8019
0.73 0.74 3 85.88 12810.7856
0.73 0.74 4 75.18 6667.5276
0.73 0.74 5 64.66 4017.2044
0.73 0.74 6 68.83 4120.2011
0.73 0.74 7 70.48 6246.4896
0.73 0.74 8 91.83 20381.5611
0.73 0.74 9 108.37 19647.1731
0.73 0.74 10 109.52 12091.4296
0.73 0.74 11 121.38 25507.0956
0.73 0.74 12 143.52 30393.4296
0.73 0.74 13 125.42 18796.9036
0.73 0.74 14 206.69 58221.0739
0.73 0.74 15 215.44 80432.4864
0.73 0.74 16 243.54 117066.6684
0.73 0.74 17 337.04 148844.6384
0.73 0.74 18 259.89 131748.0979
0.73 0.74 19 269.54 81564.7884
0.74 0.75 0 92.53 7769.9891
0.74 0.75 1 121.62 13936.7356
0.74 0.75 2 71.35 4519.0875
0.74 0.75 3 80.8 5729.68
0.74 0.75 4 58.68 2501.3176
0.74 0.75 5 44.0 2886.74
0.74 0.75 6 49.3 2753.59
0.74 0.75 7 51.65 2066.1875
0.74 0.75 8 59.75 5555.1875
0.74 0.75 9 70.41 6925.9819
0.74 0.75 10 80.82 8550.6876
0.74 0.75 11 94.42 14213.1836
0.74 0.75 12 115.85 17344.2475
0.74 0.75 13 140.26 33456.5124
0.74 0.75 14 147.14 30700.4604
0.74 0.75 15 168.52 87533.2296
0.74 0.75 16 189.99 86735.2099
0.74 0.75 17 169.88 51081.7456
0.74 0.75 18 211.36 94141.7104
0.74 0.75 19 185.61 73355.5979
0.75 0.76 0 111.2 13242.66
0.75 0.76 1 130.98 18305.6396
0.75 0.76 2 115.91 9700.6019
0.75 0.76 3 121.83 13938.9211
0.75 0.76 4 87.69 7728.2539
0.75 0.76 5 77.94 6775.2764
0.75 0.76 6 98.55 13488.2275
0.75 0.76 7 102.68 19161.1376
0.75 0.76 8 94.45 20032.3075
0.75 0.76 9 124.95 36616.6275
0.75 0.76 10 96.28 16137.4616
0.75 0.76 11 122.52 34423.8496
0.75 0.76 12 177.28 115526.4216
0.75 0.76 13 159.64 82942.9904
0.75 0.76 14 165.93 68027.9051
0.75 0.76 15 136.37 43251.0731
0.75 0.76 16 175.81 111009.5339
0.75 0.76 17 169.14 134368.3004
0.75 0.76 18 222.98 227050.1196
0.75 0.76 19 147.55 70354.2675
0.76 0.77 0 103.71 11985.9059
0.76 0.77 1 134.2 18281.92
0.76 0.77 2 120.56 14552.2464
0.76 0.77 3 98.75 6522.0275
0.76 0.77 4 85.16 6197.7744
0.76 0.77 5 72.74 6232.7724
0.76 0.77 6 94.49 11544.7699
0.76 0.77 7 81.17 12025.5211
0.76 0.77 8 68.84 7883.4544
0.76 0.77 9 109.18 27999.7276
0.76 0.77 10 110.9 34669.33
0.76 0.77 11 136.78 102625.9916
0.76 0.77 12 152.76 79686.1824
0.76 0.77 13 119.52 47900.7696
0.76 0.77 14 142.03 141226.3291
0.76 0.77 15 124.22 43757.6716
0.76 0.77 16 181.52 167535.8696
0.76 0.77 17 174.16 121875.3944
0.76 0.77 18 149.71 67752.4459
0.76 0.77 19 165.59 80718.7419
0.77 0.78 0 112.88 9788.8856
0.77 0.78 1 120.94 10673.3564
0.77 0.78 2 113.02 13661.6996
0.77 0.78 3 105.08 11613.5336
0.77 0.78 4 79.28 8353.4416
0.77 0.78 5 85.68 11191.1976
0.77 0.78 6 78.76 8641.3024
0.77 0.78 7 84.38 8586.7156
0.77 0.78 8 105.58 19341.6436
0.77 0.78 9 86.39 10652.0579
0.77 0.78 10 101.7 13356.37
0.77 0.78 11 137.05 38217.4475
0.77 0.78 12 138.38 65081.0756
0.77 0.78 13 155.52 80935.5696
0.77 0.78 14 152.24 71374.2024
0.77 0.78 15 214.36 171759.3304
0.77 0.78 16 183.75 77933.3675
0.77 0.78 17 183.16 80220.9344
0.77 0.78 18 290.37 328700.5931
0.77 0.78 19 213.75 137489.1875
0.78 0.79 0 106.87 13204.2531
0.78 0.79 1 155.79 25098.4859
0.78 0.79 2 125.53 15488.4891
0.78 0.79 3 108.61 8717.4579
0.78 0.79 4 90.39 9666.9179
0.78 0.79 5 107.32 11117.1176
0.78 0.79 6 103.74 20854.5324
0.78 0.79 7 109.29 20624.2659
0.78 0.79 8 101.01 17352.3499
0.78 0.79 9 110.67 24825.3411
0.78 0.79 10 134.16 52229.5144
0.78 0.79 11 119.79 51078.2259
0.78 0.79 12 147.5 84717.75
0.78 0.79 13 162.74 116326.1924
0.78 0.79 14 103.21 18260.2459
0.78 0.79 15 129.1 30797.01
0.78 0.79 16 135.94 66038.3364
0.78 0.79 17 198.9 143899.45
0.78 0.79 18 225.69 306251.6139
0.78 0.79 19 191.77 185651.3771
0.79 0.8 0 89.61 8256.4379
0.79 0.8 1 135.03 16078.6891
0.79 0.8 2 117.88 15100.9456
0.79 0.8 3 106.53 11769.8091
0.79 0.8 4 102.07 7010.5451
0.79 0.8 5 86.53 8519.3691
0.79 0.8 6 82.25 9590.8875
0.79 0.8 7 89.56 8982.5664
0.79 0.8 8 135.3 35497.35
0.79 0.8 9 114.95 29576.5475
0.79 0.8 10 197.26 93503.9324
0.79 0.8 11 156.16 40926.7744
0.79 0.8 12 211.17 85156.5611
0.79 0.8 13 218.78 87046.9716
0.79 0.8 14 262.42 158314.3436
0.79 0.8 15 275.64 159827.4704
0.79 0.8 16 335.8 333027.48
0.79 0.8 17 260.86 167960.0204
0.79 0.8 18 282.89 116054.4179
0.79 0.8 19 390.26 252704.1324
0.8 0.81 0 106.87 7576.8931
0.8 0.81 1 130.92 16667.8336
0.8 0.81 2 111.63 12055.6731
0.8 0.81 3 90.68 8848.7376
0.8 0.81 4 105.48 14134.4896
0.8 0.81 5 74.97 8846.1891
0.8 0.81 6 88.32 15652.5976
0.8 0.81 7 87.17 9986.4411
0.8 0.81 8 83.28 11163.3216
0.8 0.81 9 103.45 19941.6475
0.8 0.81 10 176.53 50987.4091
0.8 0.81 11 142.36 28345.7104
0.8 0.81 12 124.05 39305.3675
0.8 0.81 13 197.14 96761.0204
0.8 0.81 14 189.18 74277.3476
0.8 0.81 15 181.15 56287.1075
0.8 0.81 16 202.77 73509.2571
0.8 0.81 17 234.38 168789.7556
0.8 0.81 18 257.68 182883.9376
0.8 0.81 19 298.22 187309.9716
0.81 0.82 0 92.98 8247.8396
0.81 0.82 1 128.95 13184.2275
0.81 0.82 2 107.16 12901.9544
0.81 0.82 3 118.5 15378.79
0.81 0.82 4 90.15 6130.6675
0.81 0.82 5 104.41 9716.7019
0.81 0.82 6 97.15 11349.7675
0.81 0.82 7 123.51 21345.5499
0.81 0.82 8 145.79 67455.8459
0.81 0.82 9 97.03 21466.9691
0.81 0.82 10 104.92 29112.5736
0.81 0.82 11 105.94 38524.8964
0.81 0.82 12 104.39 22280.6579
0.81 0.82 13 132.59 67887.0219
0.81 0.82 14 155.39 63212.8579
0.81 0.82 15 134.81 27778.9339
0.81 0.82 16 144.02 49632.6996
0.81 0.82 17 136.24 82063.3424
0.81 0.82 18 164.27 165756.4171
0.81 0.82 19 158.23 72118.9171
0.82 0.83 0 107.4 10495.82
0.82 0.83 1 130.59 16901.9619
0.82 0.83 2 126.53 22486.2491
0.82 0.83 3 118.67 17499.1611
0.82 0.83 4 133.83 13936.4211
0.82 0.83 5 123.85 21092.0075
0.82 0.83 6 108.22 17180.7116
0.82 0.83 7 165.96 38399.3384
0.82 0.83 8 171.89 38687.5579
0.82 0.83 9 160.36 34224.3704
0.82 0.83 10 205.51 98232.6099
0.82 0.83 11 250.01 96420.0299
0.82 0.83 12 296.87 121123.0531
0.82 0.83 13 333.21 238729.6059
0.82 0.83 14 260.37 139658.0531
0.82 0.83 15 313.96 210247.8584
0.82 0.83 16 420.76 302528.6624
0.82 0.83 17 400.35 558637.0275
0.82 0.83 18 344.16 251044.9544
0.82 0.83 19 534.3 585365.91
0.83 0.84 0 101.39 9344.8579
0.83 0.84 1 155.36 22273.9504
0.83 0.84 2 125.01 13802.0699
0.83 0.84 3 114.98 15525.4396
0.83 0.84 4 127.18 20583.7076
0.83 0.84 5 119.9 16369.83
0.83 0.84 6 100.39 18635.0179
0.83 0.84 7 167.34 43763.4444
0.83 0.84 8 168.01 38943.4499
0.83 0.84 9 160.03 36346.4891
0.83 0.84 10 182.45 69465.7475
0.83 0.84 11 261.31 139142.4739
0.83 0.84 12 262.48 125063.6496
0.83 0.84 13 310.1 184018.39
0.83 0.84 14 294.07 243381.0251
0.83 0.84 15 309.96 172192.8784
0.83 0.84 16 422.92 310132.0736
0.83 0.84 17 375.88 324243.7656
0.83 0.84 18 415.21 297503.1259
0.83 0.84 19 460.25 521364.6275
0.84 0.85 0 98.04 5947.9184
0.84 0.85 1 127.26 14501.2924
0.84 0.85 2 123.11 16242.9179
0.84 0.85 3 145.44 18922.8064
0.84 0.85 4 119.81 19436.0739
0.84 0.85 5 91.82 11469.0276
0.84 0.85 6 89.84 12312.9544
0.84 0.85 7 123.71 27414.1059
0.84 0.85 8 116.09 16411.0419
0.84 0.85 9 89.35 10809.1075
0.84 0.85 10 126.52 34994.3496
0.84 0.85 11 175.33 69103.4011
0.84 0.85 12 146.78 39523.9316
0.84 0.85 13 200.48 91761.8896
0.84 0.85 14 277.22 221978.6316
0.84 0.85 15 301.96 465500.7984
0.84 0.85 16 298.34 179066.0844
0.84 0.85 17 281.79 147925.2459
0.84 0.85 18 350.21 379201.9459
0.84 0.85 19 383.68 361077.9376
0.85 0.86 0 90.45 8773.3475
0.85 0.86 1 105.57 7939.8651
0.85 0.86 2 128.8 15480.6
0.85 0.86 3 129.92 18034.1936
0.85 0.86 4 96.51 10573.5099
0.85 0.86 5 100.86 10748.8204
0.85 0.86 6 112.87 23855.5331
0.85 0.86 7 127.24 22767.7424
0.85 0.86 8 135.16 24104.8544
0.85 0.86 9 126.56 26776.4664
0.85 0.86 10 206.39 106317.4779
0.85 0.86 11 225.7 82865.67
0.85 0.86 12 214.63 101655.7531
0.85 0.86 13 269.02 239425.7596
0.85 0.86 14 299.47 159118.5491
0.85 0.86 15 278.03 121484.5691
0.85 0.86 16 347.04 334258.0584
0.85 0.86 17 238.69 166104.6339
0.85 0.86 18 336.19 335654.0939
0.85 0.86 19 346.84 268705.6744
0.86 0.87 0 99.46 10603.0284
0.86 0.87 1 99.68 14247.5176
0.86 0.87 2 117.59 12876.7819
0.86 0.87 3 98.05 11926.6075
0.86 0.87 4 104.84 16702.5944
0.86 0.87 5 120.83 27862.0411
0.86 0.87 6 128.77 28024.8971
0.86 0.87 7 83.27 11558.3971
0.86 0.87 8 120.54 23456.9284
0.86 0.87 9 159.78 50283.1316
0.86 0.87 10 158.51 54190.7699
0.86 0.87 11 193.79 54967.3259
0.86 0.87 12 205.34 77104.2044
0.86 0.87 13 206.4 89106.26
0.86 0.87 14 222.9 124428.53
0.86 0.87 15 297.52 284839.1096
0.86 0.87 16 340.74 401557.5124
0.86 0.87 17 305.51 191282.3299
0.86 0.87 18 339.66 208094.0244
0.86 0.87 19 419.51 463497.5099
0.87 0.88 0 98.68 10077.8376
0.87 0.88 1 129.94 12293.0764
0.87 0.88 2 135.8 20097.16
0.87 0.88 3 129.43 14267.0451
0.87 0.88 4 98.06 8571.8764
0.87 0.88 5 88.02 11174.8596
0.87 0.88 6 87.09 16613.2219
0.87 0.88 7 102.52 15138.6096
0.87 0.88 8 105.4 26156.76
0.87 0.88 9 108.2 29415.58
0.87 0.88 10 101.56 36700.9264
0.87 0.88 11 121.35 42435.1075
0.87 0.88 12 171.43 106054.9251
0.87 0.88 13 105.68 33977.2776
0.87 0.88 14 126.91 71510.3019
0.87 0.88 15 142.03 55558.3691
0.87 0.88 16 171.26 122496.7524
0.87 0.88 17 145.55 85573.4675
0.87 0.88 18 147.15 72648.9875
0.87 0.88 19 150.02 51629.8996
0.88 0.89 0 82.02 5208.6996
0.88 0.89 1 138.88 25755.0456
0.88 0.89 2 162.4 27888.68
0.88 0.89 3 207.95 42707.8275
0.88 0.89 4 209.29 44726.4459
0.88 0.89 5 143.79 30873.2859
0.88 0.89 6 103.78 15842.4916
0.88 0.89 7 150.01 27289.0099
0.88 0.89 8 125.28 18917.8616
0.88 0.89 9 155.45 47021.2675
0.88 0.89 10 272.25 150779.5275
0.88 0.89 11 139.73 29683.4771
0.88 0.89 12 206.32 94705.0976
0.88 0.89 13 199.98 131884.2796
0.88 0.89 14 206.01 144742.6299
0.88 0.89 15 135.0 33420.32
0.88 0.89 16 214.37 87326.0331
0.88 0.89 17 247.06 189196.6364
0.88 0.89 18 271.78 292242.6116
0.88 0.89 19 291.16 476957.8944
0.89 0.9 0 112.65 9043.9075
0.89 0.9 1 143.98 17673.3596
0.89 0.9 2 206.56 57928.3664
0.89 0.9 3 183.31 42044.6539
0.89 0.9 4 173.48 43493.9096
0.89 0.9 5 166.36 37849.7304
0.89 0.9 6 126.57 17164.6851
0.89 0.9 7 158.51 32022.8699
0.89 0.9 8 156.28 39049.9616
0.89 0.9 9 202.1 63114.65
0.89 0.9 10 178.98 68376.3196
0.89 0.9 11 198.49 76277.6699
0.89 0.9 12 192.83 138740.8611
0.89 0.9 13 173.56 84731.3664
0.89 0.9 14 195.87 136966.6531
0.89 0.9 15 235.66 176190.9844
0.89 0.9 16 201.33 102590.1811
0.89 0.9 17 219.88 167950.2256
0.89 0.9 18 254.98 140739.6196
0.89 0.9 19 192.49 160604.7499
0.9 0.91 0 86.74 8220.2324
0.9 0.91 1 154.75 26017.7275
0.9 0.91 2 208.91 48355.7019
0.9 0.91 3 192.77 32070.5371
0.9 0.91 4 115.83 17661.3211
0.9 0.91 5 110.08 16586.9136
0.9 0.91 6 100.1 14815.23
0.9 0.91 7 131.72 36422.5216
0.9 0.91 8 96.37 15420.2531
0.9 0.91 9 119.05 44349.9675
0.9 0.91 10 196.33 73514.0411
0.9 0.91 11 231.61 135565.7179
0.9 0.91 12 154.71 59722.9059
0.9 0.91 13 207.78 159671.5516
0.9 0.91 14 190.13 92534.4531
0.9 0.91 15 258.83 243785.8811
0.9 0.91 16 149.45 75895.9475
0.9 0.91 17 256.62 302067.3956
0.9 0.91 18 252.79 205667.1659
0.9 0.91 19 211.52 177731.8896
0.91 0.92 0 90.95 9067.7875
0.91 0.92 1 122.92 12930.6136
0.91 0.92 2 193.06 32102.3364
0.91 0.92 3 164.11 27546.5779
0.91 0.92 4 184.34 55442.2244
0.91 0.92 5 215.0 67954.88
0.91 0.92 6 226.19 97120.4939
0.91 0.92 7 207.28 55212.7416
0.91 0.92 8 217.82 78687.2076
0.91 0.92 9 279.38 106708.5156
0.91 0.92 10 168.42 51894.1236
0.91 0.92 11 311.65 188385.3675
0.91 0.92 12 347.73 260825.2171
0.91 0.92 13 279.96 153898.9984
0.91 0.92 14 382.71 317486.8259
0.91 0.92 15 290.67 167768.0011
0.91 0.92 16 429.65 688709.5675
0.91 0.92 17 393.45 657664.1875
0.91 0.92 18 392.68 426633.7376
0.91 0.92 19 420.17 319866.4011
0.92 0.93 0 101.88 10824.1856
0.92 0.93 1 108.14 10571.7004
0.92 0.93 2 210.47 53907.8691
0.92 0.93 3 167.95 43165.3875
0.92 0.93 4 158.46 45262.9684
0.92 0.93 5 180.32 45785.3776
0.92 0.93 6 137.5 21146.77
0.92 0.93 7 143.38 42466.9956
0.92 0.93 8 176.11 58048.3379
0.92 0.93 9 183.49 80878.3099
0.92 0.93 10 178.95 78958.5475
0.92 0.93 11 220.2 92625.2
0.92 0.93 12 221.9 191486.27
0.92 0.93 13 215.01 88360.9299
0.92 0.93 14 250.08 182224.5936
0.92 0.93 15 199.65 162201.8075
0.92 0.93 16 324.32 331679.2976
0.92 0.93 17 387.4 376017.96
0.92 0.93 18 408.07 410439.1451
0.92 0.93 19 373.87 392545.4931
0.93 0.94 0 111.26 12154.7924
0.93 0.94 1 110.55 10866.7875
0.93 0.94 2 201.45 41948.7675
0.93 0.94 3 104.46 12952.8284
0.93 0.94 4 93.18 9399.5276
0.93 0.94 5 80.27 12823.0171
0.93 0.94 6 84.26 11448.2324
0.93 0.94 7 126.82 35935.6676
0.93 0.94 8 112.42 35862.3236
0.93 0.94 9 106.39 22571.2779
0.93 0.94 10 171.28 77712.4416
0.93 0.94 11 139.83 86105.8211
0.93 0.94 12 149.2 109836.28
0.93 0.94 13 190.6 137122.4
0.93 0.94 14 199.78 135106.0916
0.93 0.94 15 211.7 195330.43
0.93 0.94 16 272.35 223013.7675
0.93 0.94 17 201.49 189191.1899
0.93 0.94 18 275.89 302090.3179
0.93 0.94 19 309.38 378569.1956
0.94 0.95 0 104.93 10454.0851
0.94 0.95 1 101.15 7709.0675
0.94 0.95 2 158.98 23269.1796
0.94 0.95 3 249.87 60979.2131
0.94 0.95 4 228.38 58031.0756
0.94 0.95 5 255.77 74718.2571
0.94 0.95 6 209.08 66963.6536
0.94 0.95 7 208.91 59096.8419
0.94 0.95 8 213.79 64678.8259
0.94 0.95 9 261.77 78412.3371
0.94 0.95 10 238.32 121190.8176
0.94 0.95 11 259.45 179490.8275
0.94 0.95 12 265.28 186447.4816
0.94 0.95 13 241.62 163181.4356
0.94 0.95 14 318.96 166866.4984
0.94 0.95 15 272.19 216079.0539
0.94 0.95 16 351.6 307501.48
0.94 0.95 17 305.53 304851.9091
0.94 0.95 18 304.91 188228.7819
0.94 0.95 19 255.21 125741.5259
0.95 0.96 0 100.58 11335.3636
0.95 0.96 1 111.38 10626.6556
0.95 0.96 2 187.61 29464.6379
0.95 0.96 3 190.87 37600.3331
0.95 0.96 4 193.15 37835.9075
0.95 0.96 5 211.71 56177.4059
0.95 0.96 6 196.25 61242.1075
0.95 0.96 7 212.4 87105.68
0.95 0.96 8 202.09 79304.0019
0.95 0.96 9 215.03 106162.0891
0.95 0.96 10 213.26 75192.5324
0.95 0.96 11 208.7 162125.09
0.95 0.96 12 224.15 123944.7675
0.95 0.96 13 209.43 82992.3051
0.95 0.96 14 282.01 213371.5699
0.95 0.96 15 268.84 151459.4744
0.95 0.96 16 271.53 238174.6491
0.95 0.96 17 365.86 462919.4604
0.95 0.96 18 350.85 279584.5475
0.95 0.96 19 256.71 209932.7459
0.96 0.97 0 98.95 7441.0075
0.96 0.97 1 86.22 7514.3916
0.96 0.97 2 146.14 20683.5204
0.96 0.97 3 214.93 36628.2451
0.96 0.97 4 101.24 10478.3024
0.96 0.97 5 112.29 11236.6859
0.96 0.97 6 126.79 25311.6259
0.96 0.97 7 125.05 22476.8075
0.96 0.97 8 136.18 38700.1076
0.96 0.97 9 147.47 47415.4491
0.96 0.97 10 198.36 66150.2304
0.96 0.97 11 164.63 83037.0731
0.96 0.97 12 173.87 58750.2731
0.96 0.97 13 207.08 147299.4336
0.96 0.97 14 264.03 358533.4891
0.96 0.97 15 279.03 249068.5691
0.96 0.97 16 267.12 274814.3256
0.96 0.97 17 276.61 310357.4979
0.96 0.97 18 276.4 262703.82
0.96 0.97 19 323.71 532211.5459
0.97 0.98 0 92.81 9550.3539
0.97 0.98 1 87.16 5368.0944
0.97 0.98 2 138.2 41801.6
0.97 0.98 3 173.39 34064.2179
0.97 0.98 4 162.32 30433.4576
0.97 0.98 5 180.43 65690.6051
0.97 0.98 6 273.81 118328.8939
0.97 0.98 7 254.6 83852.36
0.97 0.98 8 233.29 74074.9859
0.97 0.98 9 253.44 94780.3064
0.97 0.98 10 297.57 187443.3251
0.97 0.98 11 328.85 271446.3675
0.97 0.98 12 263.36 113254.7904
0.97 0.98 13 323.62 268138.4956
0.97 0.98 14 250.18 145583.9876
0.97 0.98 15 234.75 279125.9275
0.97 0.98 16 292.56 326100.0664
0.97 0.98 17 461.35 1366341.5275
0.97 0.98 18 251.94 127601.2964
0.97 0.98 19 332.64 383801.9904
0.98 0.99 0 80.05 5038.6075
0.98 0.99 1 85.01 6401.0499
0.98 0.99 2 105.97 11162.8291
0.98 0.99 3 132.56 23850.7664
0.98 0.99 4 128.27 23283.9971
0.98 0.99 5 109.91 17254.1819
0.98 0.99 6 109.82 22407.7276
0.98 0.99 7 107.34 24201.7044
0.98 0.99 8 194.8 69864.28
0.98 0.99 9 142.43 33835.9851
0.98 0.99 10 169.15 95534.4275
0.98 0.99 11 232.69 157703.5739
0.98 0.99 12 168.73 52418.8171
0.98 0.99 13 260.11 154415.1179
0.98 0.99 14 264.97 228865.9691
0.98 0.99 15 319.24 295462.2424
0.98 0.99 16 250.43 141244.4251
0.98 0.99 17 291.4 285365.52
0.98 0.99 18 169.27 65226.7171
0.98 0.99 19 285.72 322250.1416
0.99 1.0 0 110.26 10820.0124
0.99 1.0 1 76.73 7858.4771
0.99 1.0 2 65.88 2986.9656
0.99 1.0 3 50.76 1789.5624
0.99 1.0 4 47.67 1741.2411
0.99 1.0 5 46.1 2722.11
0.99 1.0 6 43.13 2776.5331
0.99 1.0 7 57.62 7077.0156
0.99 1.0 8 72.6 11822.1
0.99 1.0 9 55.63 6510.0131
0.99 1.0 10 79.08 21749.0736
0.99 1.0 11 72.46 16931.3484
0.99 1.0 12 70.72 12873.3816
0.99 1.0 13 63.21 9789.7659
0.99 1.0 14 108.86 54150.5804
0.99 1.0 15 97.88 33100.1256
0.99 1.0 16 82.45 20545.1075
0.99 1.0 17 127.26 126383.5724
0.99 1.0 18 170.57 112449.6051
0.99 1.0 19 135.51 105867.2099
