0.0 0.01 0 74.173 4947.791071
0.0 0.01 1 95.309 8977.579519
0.0 0.01 2 70.918 5153.987276
0.0 0.01 3 48.483 2384.673711
0.0 0.01 4 31.562 723.764156
0.0 0.01 5 25.772 284.988016
0.0 0.01 6 25.484 267.151744
0.0 0.01 7 28.158 342.087036
0.0 0.01 8 31.093 397.932351
0.0 0.01 9 34.63 535.4911
0.0 0.01 10 37.718 631.594476
0.0 0.01 11 43.047 880.492791
0.0 0.01 12 44.192 877.221136
0.0 0.01 13 46.905 1090.923975
0.0 0.01 14 51.728 1159.084016
0.0 0.01 15 53.8 1184.93
0.0 0.01 16 57.97 1539.7231
0.0 0.01 17 61.824 1876.357024
0.0 0.01 18 65.342 2113.177036
0.0 0.01 19 69.773 2348.437471
0.01 0.02 0 77.925 5869.821375
0.01 0.02 1 155.308 35938.535136
0.01 0.02 2 121.147 21803.535391
0.01 0.02 3 82.088 10170.820256
0.01 0.02 4 59.981 4084.750639
0.01 0.02 5 47.294 1553.439564
0.01 0.02 6 40.272 941.420016
0.01 0.02 7 45.027 1031.562271
0.01 0.02 8 49.276 1251.255824
0.01 0.02 9 53.268 1587.296176
0.01 0.02 10 59.928 2028.354816
0.01 0.02 11 63.033 2123.535911
0.01 0.02 12 70.508 2698.173936
0.01 0.02 13 74.065 3011.200775
0.01 0.02 14 77.006 3122.099964
0.01 0.02 15 83.398 3991.271596
0.01 0.02 16 91.484 4295.183744
0.01 0.02 17 98.435 5142.031775
0.01 0.02 18 97.762 4908.327356
0.01 0.02 19 107.67 6891.5111
0.02 0.03 0 81.068 6535.037376
0.02 0.03 1 159.659 34221.010719
0.02 0.03 2 120.408 18850.005536
0.02 0.03 3 80.71 7049.1699
0.02 0.03 4 63.001 3713.168999
0.02 0.03 5 57.757 2727.791951
0.02 0.03 6 76.819 4244.702239
0.02 0.03 7 84.462 5810.996556
0.02 0.03 8 90.255 6603.741975
0.02 0.03 9 100.704 8600.990384
0.02 0.03 10 109.328 8846.502416
0.02 0.03 11 114.972 10328.907216
0.02 0.03 12 134.972 13416.503216
0.02 0.03 13 142.435 14995.683775
0.02 0.03 14 158.09 20792.2719
0.02 0.03 15 160.218 22156.046476
0.02 0.03 16 174.048 23899.835696
0.02 0.03 17 186.749 26887.431999
0.02 0.03 18 192.352 29026.958096
0.02 0.03 19 196.173 32559.229071
0.03 0.04 0 79.312 5540.474656
0.03 0.04 1 166.604 33742.537184
0.03 0.04 2 125.632 17124.948576
0.03 0.04 3 85.699 6839.900399
0.03 0.04 4 65.641 3741.704119
0.03 0.04 5 65.939 4181.513279
0.03 0.04 6 64.225 3583.814375
0.03 0.04 7 68.28 3840.3316
0.03 0.04 8 78.205 5183.900975
0.03 0.04 9 85.044 5743.200064
0.03 0.04 10 89.037 6110.027631
0.03 0.04 11 99.764 8452.996304
0.03 0.04 12 108.721 10257.215159
0.03 0.04 13 112.383 10781.142311
0.03 0.04 14 128.07 12847.1191
0.03 0.04 15 132.748 14555.982496
0.03 0.04 16 143.269 17684.398639
0.03 0.04 17 149.372 17422.977616
0.03 0.04 18 159.032 19929.828976
0.03 0.04 19 162.262 22136.891356
0.04 0.05 0 81.941 6758.879519
0.04 0.05 1 164.787 33319.477631
0.04 0.05 2 119.713 16298.034631
0.04 0.05 3 89.645 8805.172975
0.04 0.05 4 79.549 5208.051599
0.04 0.05 5 91.888 7888.857456
0.04 0.05 6 90.154 7403.404284
0.04 0.05 7 98.3 7254.138
0.04 0.05 8 111.045 10648.194975
0.04 0.05 9 113.984 11861.547744
0.04 0.05 10 131.525 14323.031375
0.04 0.05 11 143.141 17058.617119
0.04 0.05 12 157.661 25431.830079
0.04 0.05 13 167.402 26135.474396
0.04 0.05 14 172.316 24312.126144
0.04 0.05 15 187.447 26414.261191
0.04 0.05 16 213.147 38088.227391
0.04 0.05 17 208.282 36172.566476
0.04 0.05 18 222.825 44072.908375
0.04 0.05 19 227.86 46823.8904
0.05 0.06 0 78.162 6453.085756
0.05 0.06 1 173.679 33530.979959
0.05 0.06 2 124.414 16113.498604
0.05 0.06 3 91.776 7904.013824
0.05 0.06 4 92.858 8777.615836
0.05 0.06 5 108.383 9779.950311
0.05 0.06 6 124.864 14999.765504
0.05 0.06 7 136.567 18190.329511
0.05 0.06 8 149.827 22273.319071
0.05 0.06 9 168.723 25360.302271
0.05 0.06 10 174.104 28911.273184
0.05 0.06 11 191.179 30112.258959
0.05 0.06 12 210.11 36898.7959
0.05 0.06 13 224.964 46376.446704
0.05 0.06 14 242.718 51741.876476
0.05 0.06 15 265.589 61079.514079
0.05 0.06 16 284.884 79935.482544
0.05 0.06 17 306.592 90711.547536
0.05 0.06 18 315.44 92125.8204
0.05 0.06 19 322.108 96462.560336
0.06 0.07 0 81.381 6334.199839
0.06 0.07 1 158.022 28635.175516
0.06 0.07 2 129.036 16530.276704
0.06 0.07 3 84.101 6591.878799
0.06 0.07 4 91.871 8368.928359
0.06 0.07 5 72.005 5504.646975
0.06 0.07 6 69.806 4451.806364
0.06 0.07 7 76.326 5366.945724
0.06 0.07 8 86.451 6787.581599
0.06 0.07 9 90.187 6791.714031
0.06 0.07 10 101.02 8631.1836
0.06 0.07 11 108.478 10280.601516
0.06 0.07 12 118.216 12222.513344
0.06 0.07 13 129.611 14150.065679
0.06 0.07 14 136.131 15662.531839
0.06 0.07 15 147.185 20222.434775
0.06 0.07 16 157.627 21525.061871
0.06 0.07 17 159.841 23464.575719
0.06 0.07 18 177.928 26920.770816
0.06 0.07 19 176.735 26804.172775
0.07 0.08 0 78.707 6286.069151
0.07 0.08 1 162.822 29496.596316
0.07 0.08 2 122.627 15585.151871
0.07 0.08 3 96.722 8680.664716
0.07 0.08 4 117.665 13257.116775
0.07 0.08 5 103.338 10090.009756
0.07 0.08 6 102.289 9640.031479
0.07 0.08 7 117.653 13293.390591
0.07 0.08 8 120.397 14552.179391
0.07 0.08 9 136.412 18715.698256
0.07 0.08 10 158.226 25564.822924
0.07 0.08 11 154.993 23147.342951
0.07 0.08 12 172.583 28715.879111
0.07 0.08 13 194.561 35120.910279
0.07 0.08 14 209.665 47844.978775
0.07 0.08 15 213.158 45132.059036
0.07 0.08 16 229.402 53791.176396
0.07 0.08 17 246.78 59246.5176
0.07 0.08 18 245.155 62156.034975
0.07 0.08 19 273.245 71163.956975
0.08 0.09 0 79.371 6015.931359
0.08 0.09 1 166.45 27165.4095
0.08 0.09 2 114.304 12854.979584
0.08 0.09 3 107.052 11556.351296
0.08 0.09 4 117.852 13559.948096
0.08 0.09 5 119.989 13516.256879
0.08 0.09 6 152.481 23927.797639
0.08 0.09 7 161.256 24949.702464
0.08 0.09 8 178.356 33627.577264
0.08 0.09 9 198.843 40040.628351
0.08 0.09 10 213.922 43602.041916
0.08 0.09 11 232.581 51041.097439
0.08 0.09 12 250.478 55422.719516
0.08 0.09 13 280.251 73056.419999
0.08 0.09 14 298.576 77967.252224
0.08 0.09 15 321.269 95018.144639
0.08 0.09 16 329.703 104679.246791
0.08 0.09 17 353.036 113524.616704
0.08 0.09 18 375.353 128244.710391
0.08 0.09 19 382.128 138254.135616
0.09 0.1 0 81.337 7135.215431
0.09 0.1 1 155.331 26163.131439
0.09 0.1 2 123.902 14815.752396
0.09 0.1 3 115.603 12076.503391
0.09 0.1 4 128.714 17650.606204
0.09 0.1 5 117.39 13589.5339
0.09 0.1 6 116.452 13597.359696
0.09 0.1 7 126.286 13768.844204
0.09 0.1 8 138.04 17466.1944
0.09 0.1 9 155.183 21499.817511
0.09 0.1 10 174.999 28962.662999
0.09 0.1 11 189.844 37065.851664
0.09 0.1 12 212.661 48569.238079
0.09 0.1 13 234.104 59547.255184
0.09 0.1 14 231.165 48896.689775
0.09 0.1 15 259.95 71281.1695
0.09 0.1 16 278.223 71096.145271
0.09 0.1 17 280.613 88692.091231
0.09 0.1 18 290.403 73812.026591
0.09 0.1 19 327.312 111070.734656
0.1 0.11 0 83.969 6797.516039
0.1 0.11 1 167.044 30858.802064
0.1 0.11 2 130.041 15924.191319
0.1 0.11 3 129.814 16969.701404
0.1 0.11 4 138.129 18516.390359
0.1 0.11 5 150.476 23315.553424
0.1 0.11 6 171.761 29931.371879
0.1 0.11 7 180.404 32067.258784
0.1 0.11 8 195.498 40250.593996
0.1 0.11 9 215.141 47012.125119
0.1 0.11 10 232.924 51409.048224
0.1 0.11 11 262.341 72077.502719
0.1 0.11 12 260.474 64431.169324
0.1 0.11 13 288.11 93577.0579
0.1 0.11 14 323.598 105042.968396
0.1 0.11 15 343.12 122486.4916
0.1 0.11 16 356.536 142869.756704
0.1 0.11 17 388.356 136004.227264
0.1 0.11 18 392.543 166750.980151
0.1 0.11 19 423.232 180052.302176
0.11 0.12 0 84.198 7216.032796
0.11 0.12 1 155.927 26446.187671
0.11 0.12 2 125.296 15773.946384
0.11 0.12 3 141.523 17894.691471
0.11 0.12 4 149.602 20937.139596
0.11 0.12 5 170.747 26340.574991
0.11 0.12 6 200.709 39972.622319
0.11 0.12 7 205.636 44015.745504
0.11 0.12 8 232.679 52379.035959
0.11 0.12 9 262.332 72584.649776
0.11 0.12 10 291.515 90090.989775
0.11 0.12 11 301.388 94205.811456
0.11 0.12 12 322.62 112030.8476
0.11 0.12 13 349.358 115912.805836
0.11 0.12 14 379.475 138175.383375
0.11 0.12 15 437.095 184192.647975
0.11 0.12 16 446.526 203725.045324
0.11 0.12 17 459.742 219389.019436
0.11 0.12 18 478.274 230711.720924
0.11 0.12 19 514.228 273458.906016
0.12 0.13 0 88.507 7939.471951
0.12 0.13 1 160.875 26373.041375
0.12 0.13 2 128.84 17525.4644
0.12 0.13 3 127.84 16761.8484
0.12 0.13 4 104.073 9960.295671
0.12 0.13 5 88.354 8060.226684
0.12 0.13 6 76.284 4816.341344
0.12 0.13 7 76.094 5438.831164
0.12 0.13 8 85.704 6565.840384
0.12 0.13 9 99.352 8895.624096
0.12 0.13 10 105.924 10966.960224
0.12 0.13 11 114.521 13035.561559
0.12 0.13 12 120.049 13834.154599
0.12 0.13 13 135.715 16610.221775
0.12 0.13 14 146.96 19798.4084
0.12 0.13 15 156.921 21969.182759
0.12 0.13 16 168.674 27613.589724
0.12 0.13 17 177.041 28519.939319
0.12 0.13 18 182.7 31891.322
0.12 0.13 19 196.353 41973.712391
0.13 0.14 0 80.761 7427.615879
0.13 0.14 1 162.409 27621.429719
0.13 0.14 2 126.913 15106.883431
0.13 0.14 3 146.293 24315.059151
0.13 0.14 4 120.614 14365.705004
0.13 0.14 5 112.824 13161.489024
0.13 0.14 6 119.003 13955.616991
0.13 0.14 7 137.907 20615.658351
0.13 0.14 8 156.935 27041.834775
0.13 0.14 9 168.055 30486.863975
0.13 0.14 10 177.894 34019.152764
0.13 0.14 11 210.464 45599.906704
0.13 0.14 12 208.141 40484.057119
0.13 0.14 13 232.787 55675.705631
0.13 0.14 14 260.056 66855.364864
0.13 0.14 15 267.41 73373.8919
0.13 0.14 16 280.186 77933.669404
0.13 0.14 17 296.633 88320.238311
0.13 0.14 18 298.818 90500.804876
0.13 0.14 19 342.919 124743.904439
0.14 0.15 0 87.947 8366.656191
0.14 0.15 1 172.07 30416.9551
0.14 0.15 2 139.55 18445.1435
0.14 0.15 3 155.22 26066.6316
0.14 0.15 4 140.533 19577.848911
0.14 0.15 5 136.639 17866.124679
0.14 0.15 6 149.464 22088.436704
0.14 0.15 7 157.632 26422.946576
0.14 0.15 8 173.053 31885.916191
0.14 0.15 9 195.703 40151.712791
0.14 0.15 10 215.645 47125.302975
0.14 0.15 11 252.399 67026.677799
0.14 0.15 12 243.81 64731.7019
0.14 0.15 13 257.017 70234.194711
0.14 0.15 14 289.603 87987.369391
0.14 0.15 15 312.554 95066.233084
0.14 0.15 16 338.248 121712.622496
0.14 0.15 17 338.968 107894.028976
0.14 0.15 18 375.048 162813.457696
0.14 0.15 19 369.952 163424.473696
0.15 0.16 0 86.047 6976.372791
0.15 0.16 1 159.831 24603.044439
0.15 0.16 2 142.99 22968.0579
0.15 0.16 3 171.326 29311.417724
0.15 0.16 4 154.388 24572.421456
0.15 0.16 5 137.825 18430.220375
0.15 0.16 6 144.634 17615.396044
0.15 0.16 7 157.845 24867.076975
0.15 0.16 8 164.784 28444.771344
0.15 0.16 9 178.831 35271.574439
0.15 0.16 10 202.592 40548.721536
0.15 0.16 11 225.754 55541.915484
0.15 0.16 12 221.069 54641.014239
0.15 0.16 13 243.125 61293.625375
0.15 0.16 14 274.048 83235.963696
0.15 0.16 15 294.191 89465.532519
0.15 0.16 16 305.485 95940.649775
0.15 0.16 17 332.533 109411.318911
0.15 0.16 18 352.388 126419.617456
0.15 0.16 19 361.66 134527.8184
0.16 0.17 0 87.114 7185.797004
0.16 0.17 1 153.991 23258.794919
0.16 0.17 2 145.419 20695.207439
0.16 0.17 3 174.75 30436.0875
0.16 0.17 4 166.843 27245.764351
0.16 0.17 5 175.085 30965.509775
0.16 0.17 6 210.357 49893.829551
0.16 0.17 7 208.205 44681.330975
0.16 0.17 8 242.764 57221.856304
0.16 0.17 9 272.15 81427.9175
0.16 0.17 10 279.29 82954.0959
0.16 0.17 11 329.895 118251.945975
0.16 0.17 12 352.819 139459.966239
0.16 0.17 13 384.737 159142.141831
0.16 0.17 14 409.115 158587.633775
0.16 0.17 15 428.345 186356.855975
0.16 0.17 16 455.994 199542.649964
0.16 0.17 17 468.59 221962.0339
0.16 0.17 18 480.702 207031.765196
0.16 0.17 19 537.331 299210.443439
0.17 0.18 0 88.402 7296.874396
0.17 0.18 1 158.093 24146.230351
0.17 0.18 2 154.849 24301.012199
0.17 0.18 3 167.979 26567.782559
0.17 0.18 4 188.968 34000.548976
0.17 0.18 5 213.969 51000.530039
0.17 0.18 6 219.05 49745.7835
0.17 0.18 7 245.218 58113.232476
0.17 0.18 8 269.682 70318.398876
0.17 0.18 9 293.477 89821.407471
0.17 0.18 10 351.109 132899.015119
0.17 0.18 11 371.203 136314.803791
0.17 0.18 12 388.951 168774.264599
0.17 0.18 13 450.615 205895.640775
0.17 0.18 14 454.457 207521.204151
0.17 0.18 15 489.529 235408.161159
0.17 0.18 16 481.506 226395.235964
0.17 0.18 17 551.82 289891.2776
0.17 0.18 18 591.087 391155.437431
0.17 0.18 19 624.633 468521.320311
0.18 0.19 0 92.164 8373.509104
0.18 0.19 1 176.346 36970.912284
0.18 0.19 2 169.157 30183.070351
0.18 0.19 3 167.087 28474.071431
0.18 0.19 4 174.753 28998.005991
0.18 0.19 5 167.254 29188.517484
0.18 0.19 6 153.012 24131.507856
0.18 0.19 7 160.412 28516.854256
0.18 0.19 8 182.744 35248.286464
0.18 0.19 9 198.139 38940.461679
0.18 0.19 10 211.773 45326.709471
0.18 0.19 11 224.71 52138.8179
0.18 0.19 12 246.317 67315.386511
0.18 0.19 13 249.042 63637.258236
0.18 0.19 14 275.434 80296.895644
0.18 0.19 15 306.433 95496.551511
0.18 0.19 16 323.635 106624.289775
0.18 0.19 17 354.177 132866.391671
0.18 0.19 18 351.703 146075.824791
0.18 0.19 19 369.173 139354.583071
0.19 0.2 0 92.673 9015.158071
0.19 0.2 1 170.518 31376.773676
0.19 0.2 2 174.25 30783.1795
0.19 0.2 3 178.263 32590.997831
0.19 0.2 4 180.843 32346.374351
0.19 0.2 5 174.011 33583.974879
0.19 0.2 6 195.627 39495.573871
0.19 0.2 7 195.737 36179.729831
0.19 0.2 8 228.926 53045.574524
0.19 0.2 9 248.767 70192.454711
0.19 0.2 10 279.719 69811.606039
0.19 0.2 11 303.581 94460.107439
0.19 0.2 12 335.706 121590.589564
0.19 0.2 13 362.457 139698.812151
0.19 0.2 14 370.965 149885.117775
0.19 0.2 15 401.296 159383.766384
0.19 0.2 16 402.359 187495.386119
0.19 0.2 17 434.953 190006.982791
0.19 0.2 18 468.445 225126.410975
0.19 0.2 19 505.632 284153.638576
0.2 0.21 0 86.329 7410.942759
0.2 0.21 1 165.102 26951.379596
0.2 0.21 2 179.306 32535.052364
0.2 0.21 3 191.864 40885.519504
0.2 0.21 4 200.649 43853.843799
0.2 0.21 5 204.792 40739.196736
0.2 0.21 6 205.037 49262.645631
0.2 0.21 7 227.163 55169.782431
0.2 0.21 8 256.773 71147.341471
0.2 0.21 9 285.672 88006.146416
0.2 0.21 10 324.196 119231.339584
0.2 0.21 11 350.575 134771.890375
0.2 0.21 12 389.292 165671.250736
0.2 0.21 13 396.485 192454.421775
0.2 0.21 14 419.072 185110.590816
0.2 0.21 15 447.702 221743.505196
0.2 0.21 16 478.345 234106.675975
0.2 0.21 17 537.204 304279.894384
0.2 0.21 18 544.582 306493.823276
0.2 0.21 19 583.12 367169.1696
0.21 0.22 0 83.209 6925.789319
0.21 0.22 1 167.94 29174.0064
0.21 0.22 2 197.502 35641.287996
0.21 0.22 3 195.478 40422.749516
0.21 0.22 4 216.027 51884.254271
0.21 0.22 5 234.523 58822.499471
0.21 0.22 6 242.868 58455.440576
0.21 0.22 7 256.313 68930.215031
0.21 0.22 8 276.175 78512.460375
0.21 0.22 9 278.417 78635.513111
0.21 0.22 10 315.786 106761.568204
0.21 0.22 11 349.328 125449.608416
0.21 0.22 12 355.964 138650.854704
0.21 0.22 13 399.694 162767.974364
0.21 0.22 14 424.889 193493.812679
0.21 0.22 15 426.016 201993.207744
0.21 0.22 16 463.116 217968.292544
0.21 0.22 17 516.003 279012.796991
0.21 0.22 18 523.548 304478.721696
0.21 0.22 19 556.142 362942.521836
0.22 0.23 0 91.665 9118.596775
0.22 0.23 1 161.073 24911.445671
0.22 0.23 2 190.487 36885.735831
0.22 0.23 3 209.466 41088.918844
0.22 0.23 4 227.428 49682.220816
0.22 0.23 5 237.644 56377.125264
0.22 0.23 6 254.385 64440.080775
0.22 0.23 7 287.078 84693.885916
0.22 0.23 8 313.315 103097.691775
0.22 0.23 9 362.119 155699.732839
0.22 0.23 10 374.768 138902.844176
0.22 0.23 11 405.448 194946.599296
0.22 0.23 12 450.059 217546.567519
0.22 0.23 13 458.289 212661.465479
0.22 0.23 14 518.451 314147.577599
0.22 0.23 15 528.41 281015.0579
0.22 0.23 16 557.005 358355.334975
0.22 0.23 17 617.769 409539.199639
0.22 0.23 18 645.018 449132.801676
0.22 0.23 19 695.228 569143.428016
0.23 0.24 0 95.092 8599.463536
0.23 0.24 1 155.697 25172.531191
0.23 0.24 2 213.042 42750.964236
0.23 0.24 3 215.687 45703.209031
0.23 0.24 4 241.607 57775.254551
0.23 0.24 5 253.157 71096.714351
0.23 0.24 6 278.188 76850.486656
0.23 0.24 7 303.117 99475.597311
0.23 0.24 8 322.782 114442.370476
0.23 0.24 9 347.709 131344.690319
0.23 0.24 10 377.876 149175.992624
0.23 0.24 11 405.763 173561.124831
0.23 0.24 12 462.203 222474.667791
0.23 0.24 13 516.36 295380.8684
0.23 0.24 14 551.335 308791.888775
0.23 0.24 15 534.997 321838.674991
0.23 0.24 16 604.137 432072.450231
0.23 0.24 17 634.817 453567.405511
0.23 0.24 18 693.505 548330.469975
0.23 0.24 19 701.679 528293.983959
0.24 0.25 0 95.609 10112.606119
0.24 0.25 1 158.379 25356.455359
0.24 0.25 2 228.721 51210.891159
0.24 0.25 3 230.273 56905.446471
0.24 0.25 4 253.195 65814.994975
0.24 0.25 5 290.008 90421.571936
0.24 0.25 6 327.432 113230.829376
0.24 0.25 7 371.438 167246.094156
0.24 0.25 8 373.023 146729.332471
0.24 0.25 9 464.015 222800.548775
0.24 0.25 10 513.801 278612.083399
0.24 0.25 11 535.893 288557.085551
0.24 0.25 12 607.243 359939.835951
0.24 0.25 13 589.071 413789.481959
0.24 0.25 14 674.068 471600.549376
0.24 0.25 15 753.081 600021.048439
0.24 0.25 16 768.833 603191.785111
0.24 0.25 17 788.041 704348.321319
0.24 0.25 18 879.314 833665.049404
0.24 0.25 19 900.438 901525.140156
0.25 0.26 0 89.434 7922.863644
0.25 0.26 1 163.982 29305.269676
0.25 0.26 2 187.622 38475.137116
0.25 0.26 3 150.224 21946.141824
0.25 0.26 4 113.697 14652.189191
0.25 0.26 5 98.766 11700.817244
0.25 0.26 6 111.406 14504.201164
0.25 0.26 7 118.743 15359.978951
0.25 0.26 8 129.497 20754.577991
0.25 0.26 9 143.477 28788.093471
0.25 0.26 10 154.663 30243.579431
0.25 0.26 11 179.29 40095.6459
0.25 0.26 12 185.317 39400.286511
0.25 0.26 13 187.312 43166.360656
0.25 0.26 14 205.006 50443.821964
0.25 0.26 15 237.275 68131.531375
0.25 0.26 16 237.639 77161.724679
0.25 0.26 17 265.68 93391.3696
0.25 0.26 18 284.632 101000.040576
0.25 0.26 19 280.351 90206.745799
0.26 0.27 0 89.44 8029.2644
0.26 0.27 1 175.611 29720.457679
0.26 0.27 2 185.106 36157.360764
0.26 0.27 3 170.679 32013.459959
0.26 0.27 4 136.582 19891.335276
0.26 0.27 5 134.465 21142.696775
0.26 0.27 6 137.368 21354.046576
0.26 0.27 7 143.94 22027.5164
0.26 0.27 8 159.187 30609.128031
0.26 0.27 9 169.838 32221.871756
0.26 0.27 10 186.816 41046.094144
0.26 0.27 11 206.602 49695.043596
0.26 0.27 12 214.405 55219.736975
0.26 0.27 13 254.771 68766.108559
0.26 0.27 14 268.938 75964.156156
0.26 0.27 15 271.787 75476.223631
0.26 0.27 16 292.118 94163.714076
0.26 0.27 17 295.706 94738.223564
0.26 0.27 18 351.33 145865.1531
0.26 0.27 19 353.768 167963.784176
0.27 0.28 0 89.945 8388.747975
0.27 0.28 1 167.257 28030.050951
0.27 0.28 2 195.824 40022.071024
0.27 0.28 3 173.644 31307.145264
0.27 0.28 4 160.689 26887.096279
0.27 0.28 5 162.093 26746.790351
0.27 0.28 6 195.728 35404.830016
0.27 0.28 7 206.216 48047.955344
0.27 0.28 8 233.678 54793.970316
0.27 0.28 9 257.517 72112.013711
0.27 0.28 10 277.045 75703.918975
0.27 0.28 11 298.016 89579.549744
0.27 0.28 12 353.299 157595.389599
0.27 0.28 13 353.583 129922.079111
0.27 0.28 14 372.861 149511.497679
0.27 0.28 15 407.107 177504.125551
0.27 0.28 16 464.415 213601.882775
0.27 0.28 17 448.682 199730.680876
0.27 0.28 18 502.88 249373.6916
0.27 0.28 19 516.643 302760.825551
0.28 0.29 0 92.147 8238.171391
0.28 0.29 1 161.608 27035.730336
0.28 0.29 2 198.19 38616.2859
0.28 0.29 3 180.96 35765.1504
0.28 0.29 4 159.744 24010.250464
0.28 0.29 5 154.888 29021.101456
0.28 0.29 6 160.675 27435.591375
0.28 0.29 7 174.718 30998.152476
0.28 0.29 8 186.457 35979.314151
0.28 0.29 9 206.963 46196.763631
0.28 0.29 10 224.654 56685.878284
0.28 0.29 11 253.547 62110.197791
0.28 0.29 12 276.059 78774.667519
0.28 0.29 13 302.06 95973.0604
0.28 0.29 14 314.958 100714.580236
0.28 0.29 15 330.515 105376.233775
0.28 0.29 16 334.05 112858.7195
0.28 0.29 17 362.207 146281.984151
0.28 0.29 18 435.45 196499.7715
0.28 0.29 19 395.678 159940.218316
0.29 0.3 0 92.086 9130.062604
0.29 0.3 1 174.815 33659.698775
0.29 0.3 2 210.169 42015.398439
0.29 0.3 3 184.021 34046.566559
0.29 0.3 4 181.994 38099.857964
0.29 0.3 5 199.486 36610.205804
0.29 0.3 6 206.44 46562.2604
0.29 0.3 7 215.79 47660.3639
0.29 0.3 8 234.387 57933.925231
0.29 0.3 9 281.353 79225.592391
0.29 0.3 10 296.93 90045.9511
0.29 0.3 11 308.236 98862.888304
0.29 0.3 12 343.309 119672.287519
0.29 0.3 13 349.069 127173.338239
0.29 0.3 14 403.897 164391.280391
0.29 0.3 15 427.668 194040.099776
0.29 0.3 16 470.508 259461.405936
0.29 0.3 17 466.878 221483.393116
0.29 0.3 18 498.269 259620.468639
0.29 0.3 19 512.191 270337.774519
0.3 0.31 0 93.36 8531.5904
0.3 0.31 1 174.989 28573.680879
0.3 0.31 2 200.076 47165.926224
0.3 0.31 3 181.129 30468.940359
0.3 0.31 4 193.487 38137.781831
0.3 0.31 5 212.238 42147.959356
0.3 0.31 6 233.987 58241.480831
0.3 0.31 7 260.98 71283.7256
0.3 0.31 8 292.759 89994.880919
0.3 0.31 9 329.596 105863.200784
0.3 0.31 10 389.806 179371.180364
0.3 0.31 11 384.368 145882.466576
0.3 0.31 12 415.231 183206.175639
0.3 0.31 13 454.464 244010.612704
0.3 0.31 14 480.148 259224.960096
0.3 0.31 15 535.645 289939.818975
0.3 0.31 16 568.275 297929.963375
0.3 0.31 17 542.663 308042.671431
0.3 0.31 18 591.793 329916.700151
0.3 0.31 19 642.319 440803.081239
0.31 0.32 0 92.269 9460.300639
0.31 0.32 1 169.208 30816.272736
0.31 0.32 2 198.626 43705.468124
0.31 0.32 3 179.642 33608.325836
0.31 0.32 4 177.173 33687.179071
0.31 0.32 5 157.736 26722.808304
0.31 0.32 6 161.209 24722.351319
0.31 0.32 7 168.983 30187.986711
0.31 0.32 8 193.108 34682.558336
0.31 0.32 9 211.885 47732.323775
0.31 0.32 10 216.229 45109.918559
0.31 0.32 11 247.774 63649.022924
0.31 0.32 12 284.72 84843.1916
0.31 0.32 13 296.329 98730.358759
0.31 0.32 14 294.979 89292.410559
0.31 0.32 15 332.657 111667.093351
0.31 0.32 16 347.497 122704.809991
0.31 0.32 17 367.479 150560.943559
0.31 0.32 18 411.552 161214.337296
0.31 0.32 19 413.958 174874.056236
0.32 0.33 0 91.664 8889.761104
0.32 0.33 1 169.37 30128.6071
0.32 0.33 2 204.783 48990.965911
0.32 0.33 3 186.961 36111.295479
0.32 0.33 4 198.404 45296.464784
0.32 0.33 5 210.54 45553.3104
0.32 0.33 6 205.111 40384.170679
0.32 0.33 7 220.493 45687.977951
0.32 0.33 8 258.151 69142.336199
0.32 0.33 9 261.931 71116.126239
0.32 0.33 10 292.44 83162.2104
0.32 0.33 11 326.771 118685.702559
0.32 0.33 12 350.034 126266.598844
0.32 0.33 13 382.17 148332.2691
0.32 0.33 14 404.793 163932.564151
0.32 0.33 15 444.387 214614.709231
0.32 0.33 16 449.409 195541.163719
0.32 0.33 17 480.721 227822.489159
0.32 0.33 18 520.855 287187.615975
0.32 0.33 19 556.4 348837.31
0.33 0.34 0 91.608 7585.668336
0.33 0.34 1 171.35 29258.8975
0.33 0.34 2 208.19 40550.6979
0.33 0.34 3 190.766 35820.811244
0.33 0.34 4 200.238 42003.761356
0.33 0.34 5 237.26 63830.6124
0.33 0.34 6 272.581 71207.759439
0.33 0.34 7 293.563 87876.540031
0.33 0.34 8 324.165 106821.803775
0.33 0.34 9 348.228 120037.148016
0.33 0.34 10 396.587 170469.528431
0.33 0.34 11 418.527 179818.179271
0.33 0.34 12 474.013 258034.658831
0.33 0.34 13 476.44 244767.3144
0.33 0.34 14 539.521 335629.839559
0.33 0.34 15 533.713 323311.096631
0.33 0.34 16 633.168 421281.639776
0.33 0.34 17 616.18 398062.7236
0.33 0.34 18 669.172 444232.822416
0.33 0.34 19 693.47 532065.2711
0.34 0.35 0 93.079 8696.120759
0.34 0.35 1 164.04 28990.0824
0.34 0.35 2 189.466 38941.030844
0.34 0.35 3 206.146 41583.978684
0.34 0.35 4 211.488 44673.555856
0.34 0.35 5 228.031 54747.148039
0.34 0.35 6 216.394 48653.782764
0.34 0.35 7 235.278 51608.690716
0.34 0.35 8 265.01 65798.6419
0.34 0.35 9 304.277 100802.798271
0.34 0.35 10 330.459 118425.702319
0.34 0.35 11 354.228 134750.522016
0.34 0.35 12 351.854 129476.878684
0.34 0.35 13 391.898 151931.739596
0.34 0.35 14 424.962 215022.252556
0.34 0.35 15 464.8 257551.006
0.34 0.35 16 511.345 288684.645975
0.34 0.35 17 504.367 298286.460311
0.34 0.35 18 536.986 294925.859804
0.34 0.35 19 578.689 384434.818279
0.35 0.36 0 94.509 8987.145919
0.35 0.36 1 179.43 31356.1431
0.35 0.36 2 206.899 45479.508799
0.35 0.36 3 222.435 47714.109775
0.35 0.36 4 223.214 46553.796204
0.35 0.36 5 263.318 78226.110876
0.35 0.36 6 287.732 89460.548176
0.35 0.36 7 319.366 104733.322044
0.35 0.36 8 366.302 141805.276796
0.35 0.36 9 354.496 127390.323984
0.35 0.36 10 367.274 134749.764924
0.35 0.36 11 374.484 148420.163744
0.35 0.36 12 431.989 202941.220879
0.35 0.36 13 497.155 274197.638975
0.35 0.36 14 544.689 308915.872279
0.35 0.36 15 582.221 378530.398159
0.35 0.36 16 628.566 401834.825644
0.35 0.36 17 644.49 502225.8899
0.35 0.36 18 662.009 486812.698919
0.35 0.36 19 671.479 469756.443559
0.36 0.37 0 90.673 8216.102071
0.36 0.37 1 167.839 33409.229079
0.36 0.37 2 196.728 37217.810016
0.36 0.37 3 234.333 61198.974111
0.36 0.37 4 243.295 62760.063975
0.36 0.37 5 263.296 72376.834384
0.36 0.37 6 292.833 91595.377111
0.36 0.37 7 341.464 110604.048704
0.36 0.37 8 366.16 138596.6324
0.36 0.37 9 422.617 197076.700311
0.36 0.37 10 435.664 189969.053104
0.36 0.37 11 460.285 239789.473775
0.36 0.37 12 525.367 255626.274311
0.36 0.37 13 558.453 317813.579791
0.36 0.37 14 605.909 400744.088719
0.36 0.37 15 642.887 406135.160231
0.36 0.37 16 665.941 519845.085519
0.36 0.37 17 770.659 593550.324719
0.36 0.37 18 764.353 596794.770391
0.36 0.37 19 791.919 620089.832439
0.37 0.38 0 90.529 8017.025159
0.37 0.38 1 175.642 30453.615836
0.37 0.38 2 199.861 42545.459679
0.37 0.38 3 206.654 42371.450284
0.37 0.38 4 187.668 36437.939776
0.37 0.38 5 153.795 22957.282975
0.37 0.38 6 143.682 20336.650876
0.37 0.38 7 147.608 21444.258336
0.37 0.38 8 157.114 20982.735004
0.37 0.38 9 175.81 34368.4099
0.37 0.38 10 202.446 39994.067084
0.37 0.38 11 195.016 34714.821744
0.37 0.38 12 213.116 48377.184544
0.37 0.38 13 234.836 56449.029104
0.37 0.38 14 262.911 64597.301079
0.37 0.38 15 268.433 85521.763511
0.37 0.38 16 279.565 72260.789775
0.37 0.38 17 305.133 104609.463311
0.37 0.38 18 319.861 111989.465679
0.37 0.38 19 332.603 123579.565391
0.38 0.39 0 97.31 9514.4479
0.38 0.39 1 179.894 31228.140764
0.38 0.39 2 188.857 34978.610551
0.38 0.39 3 201.166 45286.436444
0.38 0.39 4 192.847 36844.145591
0.38 0.39 5 176.953 34543.306791
0.38 0.39 6 198.969 46134.204039
0.38 0.39 7 206.022 44723.471516
0.38 0.39 8 235.02 56834.3216
0.38 0.39 9 255.554 66320.763084
0.38 0.39 10 298.414 89166.632604
0.38 0.39 11 312.42 100033.5136
0.38 0.39 12 330.145 124995.267975
0.38 0.39 13 373.938 154051.428156
0.38 0.39 14 382.051 156631.948399
0.38 0.39 15 407.267 175881.663711
0.38 0.39 16 468.959 223225.393319
0.38 0.39 17 482.85 287697.0695
0.38 0.39 18 508.746 270256.159484
0.38 0.39 19 547.261 307594.788879
0.39 0.4 0 94.393 8882.666551
0.39 0.4 1 173.857 31175.096551
0.39 0.4 2 189.598 36131.292396
0.39 0.4 3 210.985 45404.308775
0.39 0.4 4 198.051 42679.810399
0.39 0.4 5 186.534 35463.756844
0.39 0.4 6 215.661 46526.140079
0.39 0.4 7 242.78 57759.0916
0.39 0.4 8 277.204 74120.990384
0.39 0.4 9 280.195 86855.728975
0.39 0.4 10 321.155 99842.250975
0.39 0.4 11 348.577 133146.346071
0.39 0.4 12 379.891 131759.559119
0.39 0.4 13 412.689 187992.456279
0.39 0.4 14 409.303 155411.595191
0.39 0.4 15 456.601 236592.029799
0.39 0.4 16 488.192 255992.571136
0.39 0.4 17 494.248 245147.822496
0.39 0.4 18 537.189 314742.477279
0.39 0.4 19 551.522 326038.689516
0.4 0.41 0 95.264 9355.494304
0.4 0.41 1 189.072 34002.544816
0.4 0.41 2 188.723 37362.420271
0.4 0.41 3 210.408 49836.291536
0.4 0.41 4 214.489 44907.223879
0.4 0.41 5 193.87 39777.0491
0.4 0.41 6 199.559 39527.750519
0.4 0.41 7 206.64 48122.8564
0.4 0.41 8 232.628 59769.897616
0.4 0.41 9 261.923 75034.141071
0.4 0.41 10 277.309 76965.083519
0.4 0.41 11 290.339 85312.000079
0.4 0.41 12 334.391 110313.242119
0.4 0.41 13 352.677 139668.868671
0.4 0.41 14 351.686 128245.221404
0.4 0.41 15 412.967 166846.103911
0.4 0.41 16 422.241 179406.866919
0.4 0.41 17 434.452 174215.253696
0.4 0.41 18 491.101 251005.054799
0.4 0.41 19 490.615 251705.854775
0.41 0.42 0 96.483 8805.397711
0.41 0.42 1 195.408 38213.917536
0.41 0.42 2 212.856 44300.161264
0.41 0.42 3 219.956 53744.484064
0.41 0.42 4 235.571 57038.056959
0.41 0.42 5 239.398 60796.235596
0.41 0.42 6 279.488 80513.427856
0.41 0.42 7 287.528 84389.991216
0.41 0.42 8 325.743 103687.478951
0.41 0.42 9 341.48 116009.2456
0.41 0.42 10 375.41 147043.2199
0.41 0.42 11 429.063 214318.839031
0.41 0.42 12 440.56 229600.8324
0.41 0.42 13 466.584 226665.812944
0.41 0.42 14 527.464 293530.876704
0.41 0.42 15 547.296 301634.652384
0.41 0.42 16 585.52 342909.3836
0.41 0.42 17 610.096 384820.694784
0.41 0.42 18 623.876 385152.222624
0.41 0.42 19 704.232 576285.072176
0.42 0.43 0 96.024 8912.427424
0.42 0.43 1 172.273 31182.004471
0.42 0.43 2 205.832 43549.813776
0.42 0.43 3 212.633 48896.322311
0.42 0.43 4 229.014 58976.179804
0.42 0.43 5 258.71 68178.7619
0.42 0.43 6 258.644 69314.117264
0.42 0.43 7 300.893 91848.131551
0.42 0.43 8 328.562 115861.188156
0.42 0.43 9 355.381 129520.359839
0.42 0.43 10 405.307 181119.352751
0.42 0.43 11 430.419 206421.431439
0.42 0.43 12 435.081 186903.952439
0.42 0.43 13 490.251 240717.445999
0.42 0.43 14 523.274 307341.770924
0.42 0.43 15 578.675 336978.643375
0.42 0.43 16 595.063 349811.775031
0.42 0.43 17 630.208 410457.252736
0.42 0.43 18 669.908 471712.787536
0.42 0.43 19 701.256 608234.256464
0.43 0.44 0 98.874 10295.594124
0.43 0.44 1 177.382 35234.828076
0.43 0.44 2 201.974 46962.437324
0.43 0.44 3 212.708 44252.802736
0.43 0.44 4 247.087 58497.157431
0.43 0.44 5 230.632 54781.152576
0.43 0.44 6 212.716 46134.523344
0.43 0.44 7 214.849 43843.426199
0.43 0.44 8 226.84 57243.1624
0.43 0.44 9 248.886 67547.605004
0.43 0.44 10 277.276 77549.437824
0.43 0.44 11 287.956 83801.266064
0.43 0.44 12 295.961 92719.477479
0.43 0.44 13 334.208 131848.108736
0.43 0.44 14 351.64 126455.9644
0.43 0.44 15 382.576 153825.382224
0.43 0.44 16 413.714 182729.354204
0.43 0.44 17 427.191 191624.558519
0.43 0.44 18 476.88 234123.0956
0.43 0.44 19 489.716 246604.941344
0.44 0.45 0 97.888 9457.579456
0.44 0.45 1 192.648 39252.208096
0.44 0.45 2 197.539 37983.834479
0.44 0.45 3 215.192 46818.537136
0.44 0.45 4 219.398 44211.893596
0.44 0.45 5 213.001 45447.344999
0.44 0.45 6 227.449 50290.739399
0.44 0.45 7 247.094 67296.177164
0.44 0.45 8 272.275 74863.831375
0.44 0.45 9 315.762 107978.459356
0.44 0.45 10 333.876 112559.350624
0.44 0.45 11 381.225 173014.276375
0.44 0.45 12 385.969 157631.274039
0.44 0.45 13 408.892 185176.350336
0.44 0.45 14 449.847 211078.213591
0.44 0.45 15 496.607 287845.244551
0.44 0.45 16 536.723 308783.560271
0.44 0.45 17 549.371 317366.675359
0.44 0.45 18 582.224 326216.621824
0.44 0.45 19 611.625 416128.440375
0.45 0.46 0 98.135 9156.878775
0.45 0.46 1 195.347 39031.228591
0.45 0.46 2 213.926 51139.938524
0.45 0.46 3 220.042 49525.780236
0.45 0.46 4 241.52 59971.8436
0.45 0.46 5 240.206 67048.459564
0.45 0.46 6 244.01 64630.5199
0.45 0.46 7 268.247 71216.893991
0.45 0.46 8 297.316 87909.264144
0.45 0.46 9 308.863 107305.486231
0.45 0.46 10 350.047 124104.684791
0.45 0.46 11 388.032 157841.746976
0.45 0.46 12 433.876 206974.840624
0.45 0.46 13 485.094 241747.075164
0.45 0.46 14 496.801 236449.721399
0.45 0.46 15 517.324 276316.613024
0.45 0.46 16 534.956 325569.622064
0.45 0.46 17 580.48 359933.5876
0.45 0.46 18 596.277 360621.880271
0.45 0.46 19 592.288 403030.695056
0.46 0.47 0 95.979 10916.012559
0.46 0.47 1 186.6 37537.012
0.46 0.47 2 219.584 52070.356944
0.46 0.47 3 222.065 56970.380775
0.46 0.47 4 231.13 57165.9111
0.46 0.47 5 259.203 71113.175791
0.46 0.47 6 270.298 80846.079196
0.46 0.47 7 287.747 79710.954991
0.46 0.47 8 291.043 86692.561151
0.46 0.47 9 317.172 101496.918416
0.46 0.47 10 336.8 114282.176
0.46 0.47 11 352.485 137900.985775
0.46 0.47 12 395.265 167219.942775
0.46 0.47 13 419.832 181354.169776
0.46 0.47 14 441.126 197374.324124
0.46 0.47 15 491.617 251359.676311
0.46 0.47 16 516.478 307862.099516
0.46 0.47 17 570.042 325939.666236
0.46 0.47 18 550.706 321697.583564
0.46 0.47 19 607.606 368545.710764
0.47 0.48 0 99.561 10668.508279
0.47 0.48 1 178.788 31686.489056
0.47 0.48 2 218.746 43761.317484
0.47 0.48 3 221.759 55139.734919
0.47 0.48 4 224.283 47059.090911
0.47 0.48 5 251.9 66293.76
0.47 0.48 6 273.892 80583.860336
0.47 0.48 7 302.708 98534.398736
0.47 0.48 8 321.504 103736.029984
0.47 0.48 9 357.793 126491.834151
0.47 0.48 10 382.217 160446.941911
0.47 0.48 11 460.296 231081.838384
0.47 0.48 12 461.002 212256.079996
0.47 0.48 13 500.852 249596.674096
0.47 0.48 14 525.055 287219.103975
0.47 0.48 15 577.424 329484.098224
0.47 0.48 16 603.245 380552.498975
0.47 0.48 17 619.645 431284.962975
0.47 0.48 18 657.561 439258.892279
0.47 0.48 19 676.47 484353.8351
0.48 0.49 0 99.328 9433.620416
0.48 0.49 1 183.385 33161.994775
0.48 0.49 2 221.772 52300.132016
0.48 0.49 3 228.279 53463.721159
0.48 0.49 4 243.075 63177.283375
0.48 0.49 5 262.149 72804.510799
0.48 0.49 6 269.759 70559.032919
0.48 0.49 7 267.334 78332.882444
0.48 0.49 8 291.847 83227.083591
0.48 0.49 9 351.765 129066.715775
0.48 0.49 10 377.917 151216.052111
0.48 0.49 11 401.785 159549.916775
0.48 0.49 12 454.423 216610.658071
0.48 0.49 13 479.661 249888.074079
0.48 0.49 14 525.248 295637.864496
0.48 0.49 15 512.208 274102.556736
0.48 0.49 16 554.077 310777.115071
0.48 0.49 17 595.821 441840.846959
0.48 0.49 18 652.227 462332.583471
0.48 0.49 19 651.789 414037.526479
0.49 0.5 0 94.745 9392.039975
0.49 0.5 1 203.985 41957.202775
0.49 0.5 2 223.426 52567.030524
0.49 0.5 3 236.115 57546.723775
0.49 0.5 4 252.384 64250.000544
0.49 0.5 5 250.054 62203.251084
0.49 0.5 6 293.954 93468.933884
0.49 0.5 7 335.434 110472.421644
0.49 0.5 8 341.782 126647.352476
0.49 0.5 9 403.763 159159.016831
0.49 0.5 10 446.44 203650.9784
0.49 0.5 11 488.912 247302.268256
0.49 0.5 12 521.319 287087.049239
0.49 0.5 13 557.718 322858.880476
0.49 0.5 14 580.785 377312.796775
0.49 0.5 15 622.935 429001.270775
0.49 0.5 16 678.847 542812.623591
0.49 0.5 17 723.461 533420.808479
0.49 0.5 18 717.532 508964.534976
0.49 0.5 19 795.257 623816.430951
0.5 0.51 0 97.016 10234.549744
0.5 0.51 1 204.402 42718.480396
0.5 0.51 2 224.15 47197.1555
0.5 0.51 3 235.409 57171.479719
0.5 0.51 4 253.184 64527.708144
0.5 0.51 5 259.329 70457.496759
0.5 0.51 6 300.267 96128.845711
0.5 0.51 7 324.27 103485.1271
0.5 0.51 8 359.913 141542.383431
0.5 0.51 9 404.766 179444.281244
0.5 0.51 10 428.989 188694.248879
0.5 0.51 11 476.759 232911.344919
0.5 0.51 12 506.624 306501.722624
0.5 0.51 13 548.729 304010.435559
0.5 0.51 14 590.877 349618.737871
0.5 0.51 15 652.611 403442.467679
0.5 0.51 16 700.812 462746.522656
0.5 0.51 17 688.174 480033.533724
0.5 0.51 18 770.948 587827.815296
0.5 0.51 19 776.56 625576.1804
0.51 0.52 0 98.423 10288.500071
0.51 0.52 1 202.734 37509.863244
0.51 0.52 2 222.882 56372.966076
0.51 0.52 3 242.706 58832.965564
0.51 0.52 4 245.334 59138.954444
0.51 0.52 5 258.943 65512.949751
0.51 0.52 6 262.156 69877.499664
0.51 0.52 7 269.603 79701.301391
0.51 0.52 8 293.65 89606.9015
0.51 0.52 9 336.683 122334.160511
0.51 0.52 10 363.627 128189.461871
0.51 0.52 11 377.903 159800.381591
0.51 0.52 12 439.329 217608.614759
0.51 0.52 13 463.168 223998.783776
0.51 0.52 14 501.667 248231.654111
0.51 0.52 15 522.89 281440.5539
0.51 0.52 16 577.169 318111.048439
0.51 0.52 17 591.743 358933.520951
0.51 0.52 18 622.755 436849.634975
0.51 0.52 19 647.68 448555.3276
0.52 0.53 0 95.692 9812.483136
0.52 0.53 1 194.112 34612.347456
0.52 0.53 2 228.768 51085.372176
0.52 0.53 3 215.694 43612.216364
0.52 0.53 4 224.087 52724.087431
0.52 0.53 5 231.969 55590.434039
0.52 0.53 6 248.905 65781.773975
0.52 0.53 7 277.943 82674.475751
0.52 0.53 8 284.752 81956.286496
0.52 0.53 9 353.988 136830.231856
0.52 0.53 10 378.887 142202.406231
0.52 0.53 11 399.281 175505.624039
0.52 0.53 12 443.358 177980.367836
0.52 0.53 13 461.551 225977.677399
0.52 0.53 14 511.95 272124.0715
0.52 0.53 15 577.56 333073.6924
0.52 0.53 16 587.79 368452.9239
0.52 0.53 17 625.097 378524.561591
0.52 0.53 18 629.028 411712.075216
0.52 0.53 19 672.789 412832.106479
0.53 0.54 0 93.473 8773.781271
0.53 0.54 1 194.003 34634.822991
0.53 0.54 2 210.962 42849.102556
0.53 0.54 3 217.347 49376.962591
0.53 0.54 4 220.348 47926.892896
0.53 0.54 5 265.34 74827.5284
0.53 0.54 6 253.379 69641.049359
0.53 0.54 7 281.81 77921.3919
0.53 0.54 8 279.83 82592.1111
0.53 0.54 9 290.374 89019.138124
0.53 0.54 10 332.875 106686.335375
0.53 0.54 11 376.882 150687.664076
0.53 0.54 12 361.667 145414.288111
0.53 0.54 13 417.161 194984.019079
0.53 0.54 14 431.366 209348.258044
0.53 0.54 15 463.483 221914.005711
0.53 0.54 16 476.339 235899.348079
0.53 0.54 17 504.253 232067.792991
0.53 0.54 18 554.656 323650.697664
0.53 0.54 19 585.209 384229.827319
0.54 0.55 0 99.555 8721.266975
0.54 0.55 1 178.214 29243.214204
0.54 0.55 2 200.547 42927.361791
0.54 0.55 3 194.898 37070.875596
0.54 0.55 4 218.82 49125.1496
0.54 0.55 5 233.4 59296.612
0.54 0.55 6 249.258 68001.397436
0.54 0.55 7 248.355 65114.166975
0.54 0.55 8 293.842 92207.311036
0.54 0.55 9 305.899 89120.410799
0.54 0.55 10 353.131 109611.337839
0.54 0.55 11 383.0 139788.582
0.54 0.55 12 417.051 184788.272399
0.54 0.55 13 449.24 212217.9504
0.54 0.55 14 485.758 271462.699436
0.54 0.55 15 505.093 285787.558351
0.54 0.55 16 530.005 275289.738975
0.54 0.55 17 593.861 354965.311679
0.54 0.55 18 580.976 322206.879424
0.54 0.55 19 667.553 432491.625191
0.55 0.56 0 97.78 8605.6496
0.55 0.56 1 182.416 32185.448944
0.55 0.56 2 207.758 48686.087436
0.55 0.56 3 208.107 40287.245551
0.55 0.56 4 207.526 41361.997324
0.55 0.56 5 190.108 37019.092336
0.55 0.56 6 233.228 54335.190016
0.55 0.56 7 247.42 67467.5316
0.55 0.56 8 274.448 90057.567296
0.55 0.56 9 308.378 98453.417116
0.55 0.56 10 323.128 103629.823616
0.55 0.56 11 371.949 145558.454399
0.55 0.56 12 414.873 191230.180871
0.55 0.56 13 402.826 159510.345724
0.55 0.56 14 430.35 188574.4175
0.55 0.56 15 444.53 206212.5031
0.55 0.56 16 489.009 239867.404919
0.55 0.56 17 497.44 278460.1944
0.55 0.56 18 539.665 338726.002775
0.55 0.56 19 556.823 332558.693671
0.56 0.57 0 99.388 10560.515456
0.56 0.57 1 190.909 36373.874719
0.56 0.57 2 204.093 42887.916351
0.56 0.57 3 206.319 42434.225239
0.56 0.57 4 222.71 47161.6059
0.56 0.57 5 216.598 44728.684396
0.56 0.57 6 210.853 40929.537391
0.56 0.57 7 208.684 47975.578144
0.56 0.57 8 218.512 48553.381856
0.56 0.57 9 239.794 56283.451564
0.56 0.57 10 254.249 70816.942999
0.56 0.57 11 285.367 77849.672311
0.56 0.57 12 309.588 100513.836256
0.56 0.57 13 334.291 110947.538319
0.56 0.57 14 337.573 120617.306671
0.56 0.57 15 367.887 121368.986231
0.56 0.57 16 393.267 145522.913711
0.56 0.57 17 401.148 159123.372096
0.56 0.57 18 426.717 197571.730911
0.56 0.57 19 431.546 189631.075884
0.57 0.58 0 97.423 8304.252071
0.57 0.58 1 183.449 32008.865399
0.57 0.58 2 190.031 33538.354039
0.57 0.58 3 201.224 41670.643824
0.57 0.58 4 234.095 57033.251975
0.57 0.58 5 256.187 76144.798031
0.57 0.58 6 268.903 85298.227591
0.57 0.58 7 293.389 92217.789679
0.57 0.58 8 319.159 108988.753719
0.57 0.58 9 360.752 136841.704496
0.57 0.58 10 379.282 148065.290476
0.57 0.58 11 408.216 177698.307344
0.57 0.58 12 460.506 237234.625964
0.57 0.58 13 494.457 277977.282151
0.57 0.58 14 515.983 279720.814711
0.57 0.58 15 567.42 363537.3756
0.57 0.58 16 600.843 385661.264351
0.57 0.58 17 630.102 421805.229596
0.57 0.58 18 626.077 384876.367071
0.57 0.58 19 654.417 468027.481111
0.58 0.59 0 96.288 8626.355056
0.58 0.59 1 180.874 29375.278124
0.58 0.59 2 195.473 45334.301271
0.58 0.59 3 206.469 39620.773039
0.58 0.59 4 205.909 44457.654719
0.58 0.59 5 222.499 50282.971999
0.58 0.59 6 248.684 67474.698144
0.58 0.59 7 285.116 82596.540544
0.58 0.59 8 318.147 108590.541391
0.58 0.59 9 358.8 123830.764
0.58 0.59 10 367.463 132083.846631
0.58 0.59 11 405.843 187155.734351
0.58 0.59 12 439.553 202404.545191
0.58 0.59 13 476.817 256045.457511
0.58 0.59 14 516.92 280842.0256
0.58 0.59 15 538.624 294675.312624
0.58 0.59 16 610.675 406676.047375
0.58 0.59 17 592.496 335370.175984
0.58 0.59 18 642.806 439003.036364
0.58 0.59 19 728.735 586178.352775
0.59 0.6 0 93.172 8317.134416
0.59 0.6 1 172.017 29343.586711
0.59 0.6 2 181.071 32092.469959
0.59 0.6 3 206.276 43596.553824
0.59 0.6 4 181.89 34718.0619
0.59 0.6 5 195.297 36597.210791
0.59 0.6 6 197.868 44091.036576
0.59 0.6 7 202.544 41301.394064
0.59 0.6 8 242.948 63485.677296
0.59 0.6 9 241.204 62448.782384
0.59 0.6 10 260.965 74105.957775
0.59 0.6 11 291.836 86989.389104
0.59 0.6 12 300.257 97917.370951
0.59 0.6 13 349.739 132802.760879
0.59 0.6 14 376.846 154466.996284
0.59 0.6 15 389.251 162534.927999
0.59 0.6 16 395.073 148153.943671
0.59 0.6 17 418.246 186853.243484
0.59 0.6 18 489.292 262613.490736
0.59 0.6 19 485.892 243853.428336
0.6 0.61 0 93.847 9123.535591
0.6 0.61 1 171.203 29152.937791
0.6 0.61 2 193.185 39226.974775
0.6 0.61 3 194.276 37527.913824
0.6 0.61 4 181.695 33667.165975
0.6 0.61 5 214.467 46417.268911
0.6 0.61 6 220.232 49411.850176
0.6 0.61 7 241.012 62051.537856
0.6 0.61 8 264.953 70265.980791
0.6 0.61 9 294.694 92713.416364
0.6 0.61 10 316.334 114949.372444
0.6 0.61 11 338.406 114194.087164
0.6 0.61 12 374.309 153373.161519
0.6 0.61 13 406.185 165021.330775
0.6 0.61 14 417.255 172355.711975
0.6 0.61 15 430.537 181218.698631
0.6 0.61 16 461.633 208511.548311
0.6 0.61 17 499.679 285068.327959
0.6 0.61 18 516.104 307574.805184
0.6 0.61 19 576.043 343878.225151
0.61 0.62 0 98.649 9476.321799
0.61 0.62 1 167.88 28507.7716
0.61 0.62 2 190.11 37432.0999
0.61 0.62 3 195.086 39237.736604
0.61 0.62 4 161.698 27057.338796
0.61 0.62 5 161.234 26749.387244
0.61 0.62 6 198.284 40643.895344
0.61 0.62 7 215.516 46298.823744
0.61 0.62 8 257.123 68496.119871
0.61 0.62 9 281.03 75645.2551
0.61 0.62 10 292.698 91564.124796
0.61 0.62 11 307.876 107103.054624
0.61 0.62 12 340.783 125184.197911
0.61 0.62 13 390.791 151592.423319
0.61 0.62 14 419.071 165636.181959
0.61 0.62 15 463.168 224561.219776
0.61 0.62 16 473.066 222039.681644
0.61 0.62 17 497.352 247454.446096
0.61 0.62 18 528.291 278571.238319
0.61 0.62 19 542.667 330324.074111
0.62 0.63 0 93.744 8216.718464
0.62 0.63 1 185.605 34983.164975
0.62 0.63 2 191.157 43690.146351
0.62 0.63 3 197.037 40776.525631
0.62 0.63 4 167.862 27824.616956
0.62 0.63 5 148.83 25064.0891
0.62 0.63 6 135.269 17076.958639
0.62 0.63 7 139.099 18847.349199
0.62 0.63 8 149.381 25720.675839
0.62 0.63 9 158.242 27141.679436
0.62 0.63 10 183.388 32104.825456
0.62 0.63 11 195.821 38584.318959
0.62 0.63 12 207.184 45179.998144
0.62 0.63 13 225.255 53005.511975
0.62 0.63 14 262.327 68795.832071
0.62 0.63 15 254.352 73837.992096
0.62 0.63 16 293.767 84007.288711
0.62 0.63 17 278.573 78466.688671
0.62 0.63 18 309.267 108664.419711
0.62 0.63 19 319.522 115912.277516
0.63 0.64 0 91.119 7747.220839
0.63 0.64 1 170.956 29904.432064
0.63 0.64 2 181.954 32825.133884
0.63 0.64 3 231.867 54470.527311
0.63 0.64 4 250.428 77409.206816
0.63 0.64 5 274.416 76479.590944
0.63 0.64 6 292.807 95676.923751
0.63 0.64 7 321.867 111353.353311
0.63 0.64 8 349.772 138612.950016
0.63 0.64 9 420.007 172143.862951
0.63 0.64 10 427.826 205873.289724
0.63 0.64 11 470.968 229738.958976
0.63 0.64 12 521.383 294118.638311
0.63 0.64 13 540.489 328888.369879
0.63 0.64 14 596.575 355710.094375
0.63 0.64 15 625.25 453577.0535
0.63 0.64 16 608.899 399108.592799
0.63 0.64 17 677.089 507791.485079
0.63 0.64 18 743.238 614508.143356
0.63 0.64 19 789.89 641795.5899
0.64 0.65 0 93.303 8468.493191
0.64 0.65 1 178.948 31266.093296
0.64 0.65 2 182.687 34979.917031
0.64 0.65 3 215.732 47571.314176
0.64 0.65 4 226.732 53488.142176
0.64 0.65 5 239.827 56823.451071
0.64 0.65 6 284.716 87235.047344
0.64 0.65 7 298.457 78085.102151
0.64 0.65 8 322.874 112558.598124
0.64 0.65 9 374.362 151576.428956
0.64 0.65 10 349.148 132882.066096
0.64 0.65 11 432.676 195527.721024
0.64 0.65 12 432.07 199936.4831
0.64 0.65 13 487.011 254916.628879
0.64 0.65 14 524.932 272813.521376
0.64 0.65 15 510.708 265495.428736
0.64 0.65 16 535.468 278109.282976
0.64 0.65 17 588.173 352574.915071
0.64 0.65 18 612.183 382356.185511
0.64 0.65 19 658.594 504322.737164
0.65 0.66 0 91.487 8520.753831
0.65 0.66 1 171.941 29237.949519
0.65 0.66 2 185.409 35940.211719
0.65 0.66 3 202.223 40029.783271
0.65 0.66 4 224.827 50378.023071
0.65 0.66 5 208.881 43191.946839
0.65 0.66 6 200.01 46033.2759
0.65 0.66 7 231.977 53312.044471
0.65 0.66 8 242.928 57422.320816
0.65 0.66 9 273.108 81460.324336
0.65 0.66 10 288.852 90850.212096
0.65 0.66 11 312.615 109590.544775
0.65 0.66 12 351.048 123318.933696
0.65 0.66 13 381.558 146976.952636
0.65 0.66 14 404.819 179715.460239
0.65 0.66 15 436.473 206388.155271
0.65 0.66 16 436.148 203688.770096
0.65 0.66 17 490.7 259328.23
0.65 0.66 18 543.729 294737.797559
0.65 0.66 19 526.453 319072.655791
0.66 0.67 0 94.822 8710.096316
0.66 0.67 1 168.657 29847.397351
0.66 0.67 2 192.259 36490.787919
0.66 0.67 3 192.725 39899.611375
0.66 0.67 4 196.106 39492.994764
0.66 0.67 5 246.108 57371.924336
0.66 0.67 6 277.818 76329.792876
0.66 0.67 7 278.553 77772.625191
0.66 0.67 8 339.216 114021.755344
0.66 0.67 9 363.041 128809.845319
0.66 0.67 10 373.35 135240.8035
0.66 0.67 11 409.246 186806.185484
0.66 0.67 12 443.676 201883.465024
0.66 0.67 13 503.914 256408.478604
0.66 0.67 14 511.804 263326.461584
0.66 0.67 15 550.902 317024.974396
0.66 0.67 16 623.351 468124.935799
0.66 0.67 17 634.038 504294.094556
0.66 0.67 18 649.633 412233.312311
0.66 0.67 19 667.332 467178.893776
0.67 0.68 0 94.731 9167.622639
0.67 0.68 1 176.075 34878.017375
0.67 0.68 2 188.793 35862.604151
0.67 0.68 3 178.303 31461.547191
0.67 0.68 4 207.006 40519.309964
0.67 0.68 5 189.409 35330.171719
0.67 0.68 6 212.187 49169.686031
0.67 0.68 7 219.786 48993.968204
0.67 0.68 8 237.523 62436.377471
0.67 0.68 9 250.857 73896.532551
0.67 0.68 10 290.463 88803.138631
0.67 0.68 11 327.334 111525.152444
0.67 0.68 12 338.599 123387.112199
0.67 0.68 13 369.511 135891.115879
0.67 0.68 14 370.112 145879.683456
0.67 0.68 15 415.018 181409.011676
0.67 0.68 16 437.173 219081.765071
0.67 0.68 17 501.618 279671.992076
0.67 0.68 18 478.592 229045.089536
0.67 0.68 19 544.302 329972.062796
0.68 0.69 0 89.318 8047.908876
0.68 0.69 1 171.932 29904.813376
0.68 0.69 2 188.459 35856.972319
0.68 0.69 3 169.052 28820.305296
0.68 0.69 4 169.722 28218.014716
0.68 0.69 5 143.474 20840.475324
0.68 0.69 6 150.195 23850.150975
0.68 0.69 7 175.994 32348.379964
0.68 0.69 8 191.646 38052.762684
0.68 0.69 9 202.378 43012.913116
0.68 0.69 10 218.476 56875.521424
0.68 0.69 11 233.487 55219.331831
0.68 0.69 12 253.797 68672.115791
0.68 0.69 13 268.004 74855.805984
0.68 0.69 14 294.495 85391.123975
0.68 0.69 15 321.199 105484.329399
0.68 0.69 16 327.393 107478.260551
0.68 0.69 17 347.382 131554.132076
0.68 0.69 18 388.42 155231.1196
0.68 0.69 19 425.557 199958.198751
0.69 0.7 0 96.373 9385.251871
0.69 0.7 1 159.308 25049.897136
0.69 0.7 2 184.876 38451.178624
0.69 0.7 3 152.1 25924.72
0.69 0.7 4 194.744 35406.520464
0.69 0.7 5 227.836 53106.729104
0.69 0.7 6 246.72 62889.9076
0.69 0.7 7 263.351 72508.759799
0.69 0.7 8 285.617 73583.766311
0.69 0.7 9 332.039 101916.845479
0.69 0.7 10 353.097 114375.051591
0.69 0.7 11 389.574 145666.984524
0.69 0.7 12 430.62 194492.5016
0.69 0.7 13 433.731 201630.696639
0.69 0.7 14 506.577 264425.338071
0.69 0.7 15 497.542 266521.108236
0.69 0.7 16 549.631 332154.278839
0.69 0.7 17 559.618 324992.912076
0.69 0.7 18 620.371 444175.131359
0.69 0.7 19 647.1 456353.926
0.7 0.71 0 91.11 8108.0179
0.7 0.71 1 167.286 27780.642204
0.7 0.71 2 190.207 40369.470151
0.7 0.71 3 158.697 25401.231191
0.7 0.71 4 176.838 31337.489756
0.7 0.71 5 180.187 32759.078031
0.7 0.71 6 187.065 37034.654775
0.7 0.71 7 210.289 49569.505479
0.7 0.71 8 227.012 54364.757856
0.7 0.71 9 248.65 61742.7715
0.7 0.71 10 277.391 81284.650119
0.7 0.71 11 303.136 97470.629504
0.7 0.71 12 323.769 107382.323639
0.7 0.71 13 350.97 130610.9951
0.7 0.71 14 366.036 136960.448704
0.7 0.71 15 397.251 162735.493999
0.7 0.71 16 421.395 204175.816975
0.7 0.71 17 415.409 185294.693719
0.7 0.71 18 467.298 236296.887196
0.7 0.71 19 488.16 247486.4244
0.71 0.72 0 89.68 8255.2176
0.71 0.72 1 162.149 29485.096799
0.71 0.72 2 199.534 41958.128844
0.71 0.72 3 154.48 23814.6776
0.71 0.72 4 153.711 24002.235479
0.71 0.72 5 150.245 27753.200975
0.71 0.72 6 144.199 22084.021399
0.71 0.72 7 168.638 30241.760956
0.71 0.72 8 184.243 35530.919951
0.71 0.72 9 181.402 32503.508396
0.71 0.72 10 215.323 44578.794671
0.71 0.72 11 238.36 62219.5624
0.71 0.72 12 251.026 65833.123324
0.71 0.72 13 280.096 80999.374784
0.71 0.72 14 281.557 100045.494751
0.71 0.72 15 315.923 109354.463071
0.71 0.72 16 334.551 108669.395399
0.71 0.72 17 354.723 133612.212271
0.71 0.72 18 376.706 145112.211564
0.71 0.72 19 398.952 164614.365696
0.72 0.73 0 88.615 7935.640775
0.72 0.73 1 169.057 30543.941751
0.72 0.73 2 182.686 36621.593404
0.72 0.73 3 160.092 25634.487536
0.72 0.73 4 132.438 18333.236156
0.72 0.73 5 176.178 32602.408316
0.72 0.73 6 192.171 41626.579759
0.72 0.73 7 210.974 50005.901324
0.72 0.73 8 236.342 61660.693036
0.72 0.73 9 264.087 71907.373431
0.72 0.73 10 299.279 100326.891159
0.72 0.73 11 342.919 129699.980439
0.72 0.73 12 348.772 127754.642016
0.72 0.73 13 353.64 126306.8724
0.72 0.73 14 409.247 174909.709991
0.72 0.73 15 448.748 201692.710496
0.72 0.73 16 452.483 212751.391711
0.72 0.73 17 478.654 235988.296284
0.72 0.73 18 495.001 222020.352999
0.72 0.73 19 548.243 310203.901951
0.73 0.74 0 89.885 7575.119775
0.73 0.74 1 167.278 28773.610716
0.73 0.74 2 182.247 33178.897991
0.73 0.74 3 136.456 19101.462064
0.73 0.74 4 131.031 21398.352039
0.73 0.74 5 124.968 15903.240976
0.73 0.74 6 133.077 18283.423071
0.73 0.74 7 148.909 22268.410719
0.73 0.74 8 158.722 30664.272716
0.73 0.74 9 184.619 38954.579839
0.73 0.74 10 192.277 44924.644271
0.73 0.74 11 210.498 48815.123996
0.73 0.74 12 232.397 62902.251391
0.73 0.74 13 256.444 73098.696864
0.73 0.74 14 270.368 79109.868576
0.73 0.74 15 276.252 78180.828496
0.73 0.74 16 280.216 87302.619344
0.73 0.74 17 325.055 117366.649975
0.73 0.74 18 332.916 136349.492944
0.73 0.74 19 340.291 133455.190319
0.74 0.75 0 85.563 7647.134031
0.74 0.75 1 159.353 24293.986391
0.74 0.75 2 175.497 30952.779991
0.74 0.75 3 132.541 17511.148319
0.74 0.75 4 109.062 11616.242156
0.74 0.75 5 89.374 9279.282124
0.74 0.75 6 96.457 10716.424151
0.74 0.75 7 105.336 12090.289104
0.74 0.75 8 123.076 19222.790224
0.74 0.75 9 129.309 18052.727519
0.74 0.75 10 140.384 21810.624544
0.74 0.75 11 150.097 25974.051591
0.74 0.75 12 171.385 36689.018775
0.74 0.75 13 184.615 41116.516775
0.74 0.75 14 198.179 48132.152959
0.74 0.75 15 196.761 49306.889879
0.74 0.75 16 215.277 54600.930271
0.74 0.75 17 230.965 60303.585775
0.74 0.75 18 243.054 68678.261084
0.74 0.75 19 252.81 81478.0879
0.75 0.76 0 93.063 8255.393031
0.75 0.76 1 167.785 28380.894775
0.75 0.76 2 238.572 54910.698816
0.75 0.76 3 248.919 63773.456439
0.75 0.76 4 286.554 81311.607084
0.75 0.76 5 295.417 92193.891111
0.75 0.76 6 333.654 121917.796284
0.75 0.76 7 396.233 163518.832711
0.75 0.76 8 442.067 200264.894511
0.75 0.76 9 470.13 254262.0591
0.75 0.76 10 508.752 259335.468496
0.75 0.76 11 560.298 331096.439196
0.75 0.76 12 592.563 381152.596031
0.75 0.76 13 676.007 472206.316951
0.75 0.76 14 745.656 572584.469664
0.75 0.76 15 801.701 647467.641599
0.75 0.76 16 810.719 734493.816039
0.75 0.76 17 841.571 738789.452959
0.75 0.76 18 893.379 807771.117359
0.75 0.76 19 974.798 1012302.7092
0.76 0.77 0 91.504 8740.441984
0.76 0.77 1 164.496 25960.977984
0.76 0.77 2 223.622 49425.489116
0.76 0.77 3 234.51 56409.7879
0.76 0.77 4 253.573 67405.242671
0.76 0.77 5 255.62 69334.1896
0.76 0.77 6 277.729 82386.891559
0.76 0.77 7 291.341 90962.748719
0.76 0.77 8 321.282 116698.802476
0.76 0.77 9 353.239 142028.245879
0.76 0.77 10 382.256 171970.382464
0.76 0.77 11 422.853 187256.617391
0.76 0.77 12 466.577 207876.666071
0.76 0.77 13 498.942 252437.894636
0.76 0.77 14 549.971 322122.314159
0.76 0.77 15 575.101 364521.246799
0.76 0.77 16 606.491 445575.965919
0.76 0.77 17 615.988 398372.465856
0.76 0.77 18 669.116 549571.970544
0.76 0.77 19 697.81 536418.9219
0.77 0.78 0 90.314 7945.283404
0.77 0.78 1 162.077 25597.127071
0.77 0.78 2 206.499 44450.847999
0.77 0.78 3 225.679 59675.311959
0.77 0.78 4 219.941 50379.213519
0.77 0.78 5 237.082 56460.017276
0.77 0.78 6 260.005 67683.896975
0.77 0.78 7 269.192 74551.617136
0.77 0.78 8 299.532 110908.218976
0.77 0.78 9 357.826 133598.517724
0.77 0.78 10 394.214 169912.264204
0.77 0.78 11 399.429 155725.066959
0.77 0.78 12 449.853 213154.203391
0.77 0.78 13 489.363 268166.149231
0.77 0.78 14 520.144 282931.905264
0.77 0.78 15 558.178 337440.278316
0.77 0.78 16 565.928 332835.498816
0.77 0.78 17 605.935 422763.156775
0.77 0.78 18 675.508 492653.415936
0.77 0.78 19 730.299 554992.463599
0.78 0.79 0 91.488 8155.991856
0.78 0.79 1 157.64 25859.9564
0.78 0.79 2 186.387 33917.031231
0.78 0.79 3 192.932 37881.271376
0.78 0.79 4 209.247 44215.537991
0.78 0.79 5 238.911 56264.535079
0.78 0.79 6 260.23 69389.8391
0.78 0.79 7 258.58 67809.1956
0.78 0.79 8 265.117 79729.087311
0.78 0.79 9 285.08 84706.6516
0.78 0.79 10 306.347 103421.254591
0.78 0.79 11 345.549 121647.791599
0.78 0.79 12 352.179 136914.868959
0.78 0.79 13 389.621 146273.221359
0.78 0.79 14 411.234 193345.801244
0.78 0.79 15 412.318 175554.636876
0.78 0.79 16 467.131 256071.319839
0.78 0.79 17 473.588 241989.578256
0.78 0.79 18 532.656 329500.183664
0.78 0.79 19 587.647 438608.074391
0.79 0.8 0 87.589 7786.578079
0.79 0.8 1 161.291 26304.684319
0.79 0.8 2 188.486 38976.305804
0.79 0.8 3 199.405 41235.876975
0.79 0.8 4 208.212 44404.275056
0.79 0.8 5 221.783 53318.735911
0.79 0.8 6 205.169 44111.748439
0.79 0.8 7 240.916 58476.494944
0.79 0.8 8 286.695 82554.519975
0.79 0.8 9 316.001 113640.828999
0.79 0.8 10 318.387 113485.327231
0.79 0.8 11 367.973 129076.478271
0.79 0.8 12 420.038 217417.206556
0.79 0.8 13 404.62 165234.1276
0.79 0.8 14 459.19 238055.7419
0.79 0.8 15 471.566 251108.883644
0.79 0.8 16 505.169 281310.770439
0.79 0.8 17 549.385 329887.922775
0.79 0.8 18 599.559 360499.260519
0.79 0.8 19 626.526 369289.143324
0.8 0.81 0 90.263 8139.187831
0.8 0.81 1 167.657 26956.163351
0.8 0.81 2 171.689 30306.950279
0.8 0.81 3 182.062 33522.108156
0.8 0.81 4 177.384 36237.188544
0.8 0.81 5 158.226 28589.676924
0.8 0.81 6 196.487 39498.273831
0.8 0.81 7 221.024 50367.175424
0.8 0.81 8 241.079 69258.178759
0.8 0.81 9 266.062 75459.818156
0.8 0.81 10 304.133 98637.899311
0.8 0.81 11 314.656 96383.263664
0.8 0.81 12 353.295 126386.749975
0.8 0.81 13 356.179 138450.392959
0.8 0.81 14 387.415 163252.056775
0.8 0.81 15 399.077 176325.935071
0.8 0.81 16 442.1 202739.42
0.8 0.81 17 455.114 230970.163004
0.8 0.81 18 477.731 256581.444639
0.8 0.81 19 512.179 273543.110959
0.81 0.82 0 88.333 6845.194111
0.81 0.82 1 158.515 24594.727775
0.81 0.82 2 166.412 31647.414256
0.81 0.82 3 175.245 28856.862975
0.81 0.82 4 188.235 35285.591775
0.81 0.82 5 183.567 30719.643511
0.81 0.82 6 171.805 29161.038975
0.81 0.82 7 157.25 25428.7935
0.81 0.82 8 169.726 30218.054924
0.81 0.82 9 188.126 35622.742124
0.81 0.82 10 214.279 53732.671159
0.81 0.82 11 220.656 51212.433664
0.81 0.82 12 239.697 59410.593191
0.81 0.82 13 264.914 74084.150604
0.81 0.82 14 285.783 79815.791911
0.81 0.82 15 317.509 108711.517919
0.81 0.82 16 314.123 98498.631871
0.81 0.82 17 330.938 112185.230156
0.81 0.82 18 348.319 127867.833239
0.81 0.82 19 379.365 157375.471775
0.82 0.83 0 89.106 6927.522764
0.82 0.83 1 164.319 25828.137239
0.82 0.83 2 164.459 28619.002319
0.82 0.83 3 168.576 30155.928224
0.82 0.83 4 203.967 43092.229911
0.82 0.83 5 218.66 52382.0504
0.82 0.83 6 225.663 48622.173431
0.82 0.83 7 251.539 62423.174479
0.82 0.83 8 269.885 80465.485775
0.82 0.83 9 314.912 97552.606256
0.82 0.83 10 317.047 106622.912791
0.82 0.83 11 367.188 152355.476656
0.82 0.83 12 410.69 186962.8959
0.82 0.83 13 415.352 204763.170096
0.82 0.83 14 467.032 226887.574976
0.82 0.83 15 476.116 221786.242544
0.82 0.83 16 517.211 262187.820479
0.82 0.83 17 527.904 305695.702784
0.82 0.83 18 546.137 314370.474231
0.82 0.83 19 598.412 371436.318256
0.83 0.84 0 82.158 6126.911036
0.83 0.84 1 158.799 25690.436599
0.83 0.84 2 152.638 22066.878956
0.83 0.84 3 160.186 25208.621404
0.83 0.84 4 170.253 33053.596991
0.83 0.84 5 169.348 27458.642896
0.83 0.84 6 208.809 43665.658519
0.83 0.84 7 228.811 54772.807279
0.83 0.84 8 247.881 64966.490839
0.83 0.84 9 293.951 84238.720599
0.83 0.84 10 310.614 107455.067004
0.83 0.84 11 340.747 123845.752991
0.83 0.84 12 382.77 158528.8511
0.83 0.84 13 408.892 170129.620336
0.83 0.84 14 420.395 180319.370975
0.83 0.84 15 439.172 203303.894416
0.83 0.84 16 463.542 245955.264236
0.83 0.84 17 519.487 270053.379831
0.83 0.84 18 543.428 292655.966816
0.83 0.84 19 545.702 330167.661196
0.84 0.85 0 83.618 6995.676076
0.84 0.85 1 155.559 24691.432519
0.84 0.85 2 145.137 21890.906231
0.84 0.85 3 163.857 25503.558551
0.84 0.85 4 145.646 21278.834684
0.84 0.85 5 154.662 21914.205756
0.84 0.85 6 141.463 19984.738631
0.84 0.85 7 147.94 24077.3464
0.84 0.85 8 160.871 24631.228359
0.84 0.85 9 180.596 29880.610784
0.84 0.85 10 204.707 39220.489151
0.84 0.85 11 213.007 46593.634951
0.84 0.85 12 251.695 69909.299975
0.84 0.85 13 266.699 72436.700399
0.84 0.85 14 278.906 76346.201164
0.84 0.85 15 286.565 85214.247775
0.84 0.85 16 299.344 98595.887664
0.84 0.85 17 320.292 119793.288736
0.84 0.85 18 355.021 123043.246559
0.84 0.85 19 361.843 129310.732351
0.85 0.86 0 87.326 7482.471724
0.85 0.86 1 151.629 23119.321359
0.85 0.86 2 132.858 16966.989836
0.85 0.86 3 157.392 24328.258336
0.85 0.86 4 120.79 14379.9739
0.85 0.86 5 152.383 19174.202311
0.85 0.86 6 155.287 26031.356631
0.85 0.86 7 173.905 28678.107975
0.85 0.86 8 194.658 37442.913036
0.85 0.86 9 220.747 50368.498991
0.85 0.86 10 223.692 53332.815136
0.85 0.86 11 236.386 57822.397004
0.85 0.86 12 284.853 79171.459391
0.85 0.86 13 302.291 94406.536319
0.85 0.86 14 324.795 109669.786975
0.85 0.86 15 328.038 113759.130556
0.85 0.86 16 344.985 131157.382775
0.85 0.86 17 389.532 151493.460976
0.85 0.86 18 413.819 184524.298239
0.85 0.86 19 400.333 170732.866111
0.86 0.87 0 78.913 5980.885431
0.86 0.87 1 156.3 26227.314
0.86 0.87 2 122.927 14075.135671
0.86 0.87 3 133.943 19943.251751
0.86 0.87 4 113.014 14400.613804
0.86 0.87 5 98.735 8449.314775
0.86 0.87 6 140.141 21650.911119
0.86 0.87 7 156.309 24951.185519
0.86 0.87 8 171.119 28352.930839
0.86 0.87 9 187.507 34482.819951
0.86 0.87 10 210.91 46446.1379
0.86 0.87 11 234.027 61539.002271
0.86 0.87 12 244.905 55442.091975
0.86 0.87 13 261.243 71151.383951
0.86 0.87 14 274.438 78966.260156
0.86 0.87 15 288.915 86575.721775
0.86 0.87 16 330.106 124894.378764
0.86 0.87 17 355.708 131044.172736
0.86 0.87 18 373.338 149594.001756
0.86 0.87 19 386.78 157602.4876
0.87 0.88 0 82.592 5979.573536
0.87 0.88 1 155.07 25994.3891
0.87 0.88 2 126.797 16927.277791
0.87 0.88 3 125.626 16062.104124
0.87 0.88 4 97.493 8762.995951
0.87 0.88 5 84.558 6803.604636
0.87 0.88 6 80.62 6107.6636
0.87 0.88 7 85.893 7333.493551
0.87 0.88 8 89.588 6915.882256
0.87 0.88 9 102.544 11181.292064
0.87 0.88 10 106.779 11275.346159
0.87 0.88 11 119.23 13689.3011
0.87 0.88 12 128.479 14862.837559
0.87 0.88 13 136.792 16901.006736
0.87 0.88 14 152.49 21376.3539
0.87 0.88 15 159.949 22960.782399
0.87 0.88 16 164.355 25549.612975
0.87 0.88 17 173.008 28477.761936
0.87 0.88 18 177.675 30978.837375
0.87 0.88 19 192.368 33232.406576
0.88 0.89 0 82.334 6651.484444
0.88 0.89 1 147.427 24986.468671
0.88 0.89 2 120.64 15328.2924
0.88 0.89 3 137.458 17417.186236
0.88 0.89 4 173.798 25733.393196
0.88 0.89 5 172.222 31479.592716
0.88 0.89 6 194.132 38583.354576
0.88 0.89 7 223.1 47458.326
0.88 0.89 8 228.552 50698.517296
0.88 0.89 9 261.4 63495.584
0.88 0.89 10 294.353 96962.248391
0.88 0.89 11 311.551 108210.465399
0.88 0.89 12 336.727 109588.376471
0.88 0.89 13 364.991 138774.408919
0.88 0.89 14 361.131 144569.393839
0.88 0.89 15 425.266 168753.551244
0.88 0.89 16 428.253 182880.272991
0.88 0.89 17 462.927 218187.307671
0.88 0.89 18 490.282 256455.836476
0.88 0.89 19 492.608 253249.450336
0.89 0.9 0 81.738 5986.841356
0.89 0.9 1 153.238 27069.601356
0.89 0.9 2 118.498 14398.701996
0.89 0.9 3 136.732 16124.950176
0.89 0.9 4 144.084 19338.338944
0.89 0.9 5 150.963 23214.731631
0.89 0.9 6 179.664 30027.631104
0.89 0.9 7 187.394 34180.528764
0.89 0.9 8 198.476 42656.629424
0.89 0.9 9 219.508 54582.091936
0.89 0.9 10 214.148 44323.590096
0.89 0.9 11 238.446 58045.335084
0.89 0.9 12 280.567 76263.053511
0.89 0.9 13 284.188 80672.150656
0.89 0.9 14 304.893 99341.589551
0.89 0.9 15 329.084 114651.524944
0.89 0.9 16 347.472 123528.689216
0.89 0.9 17 355.922 130352.285916
0.89 0.9 18 391.933 138144.534511
0.89 0.9 19 401.556 155450.032864
0.9 0.91 0 79.895 6221.137975
0.9 0.91 1 156.197 24534.716191
0.9 0.91 2 115.17 13505.7131
0.9 0.91 3 120.983 14424.812711
0.9 0.91 4 123.592 15533.733536
0.9 0.91 5 118.49 12538.7059
0.9 0.91 6 118.323 12432.152671
0.9 0.91 7 134.303 16494.843191
0.9 0.91 8 142.314 19088.941404
0.9 0.91 9 163.994 26114.883964
0.9 0.91 10 173.77 32335.9131
0.9 0.91 11 199.508 38854.843936
0.9 0.91 12 219.387 47370.289231
0.9 0.91 13 216.193 48000.847751
0.9 0.91 14 222.13 49877.4891
0.9 0.91 15 246.83 56863.9991
0.9 0.91 16 276.245 74161.374975
0.9 0.91 17 290.967 86424.105911
0.9 0.91 18 317.346 100783.250284
0.9 0.91 19 319.997 101752.756991
0.91 0.92 0 82.927 6922.637671
0.91 0.92 1 155.09 25242.8719
0.91 0.92 2 106.752 10886.494496
0.91 0.92 3 104.553 10888.963191
0.91 0.92 4 111.526 11236.301324
0.91 0.92 5 142.1 19755.506
0.91 0.92 6 166.046 28944.989884
0.91 0.92 7 173.342 26370.025036
0.91 0.92 8 191.676 37406.261024
0.91 0.92 9 214.219 43425.991039
0.91 0.92 10 243.732 56993.560176
0.91 0.92 11 263.633 75508.398311
0.91 0.92 12 278.962 85128.746556
0.91 0.92 13 284.341 77094.020719
0.91 0.92 14 309.38 103287.3216
0.91 0.92 15 340.578 108142.067916
0.91 0.92 16 385.885 154146.055775
0.91 0.92 17 372.913 139232.941431
0.91 0.92 18 385.69 137386.9559
0.91 0.92 19 416.273 164635.932471
0.92 0.93 0 79.834 6017.242444
0.92 0.93 1 147.216 24726.587344
0.92 0.93 2 115.794 14626.719564
0.92 0.93 3 100.681 9374.811239
0.92 0.93 4 101.234 10462.437244
0.92 0.93 5 99.966 9720.528844
0.92 0.93 6 114.733 13465.875711
0.92 0.93 7 125.827 15030.555071
0.92 0.93 8 130.017 16223.238711
0.92 0.93 9 147.205 20342.318975
0.92 0.93 10 153.094 21499.705164
0.92 0.93 11 167.059 30144.441519
0.92 0.93 12 185.674 31596.669724
0.92 0.93 13 205.231 38947.291639
0.92 0.93 14 223.458 52405.730236
0.92 0.93 15 228.911 55669.209079
0.92 0.93 16 239.506 52011.937964
0.92 0.93 17 258.799 63580.508599
0.92 0.93 18 275.805 82168.610975
0.92 0.93 19 269.855 64575.921975
0.93 0.94 0 80.124 6312.548624
0.93 0.94 1 146.477 23836.895471
0.93 0.94 2 115.032 13801.688976
0.93 0.94 3 89.297 7200.078791
0.93 0.94 4 86.886 7159.049004
0.93 0.94 5 70.431 4294.683239
0.93 0.94 6 70.681 3937.201239
0.93 0.94 7 79.563 5245.628031
0.93 0.94 8 88.804 6457.829584
0.93 0.94 9 94.734 8350.779244
0.93 0.94 10 105.296 9687.682384
0.93 0.94 11 114.825 12893.970375
0.93 0.94 12 129.046 14755.461884
0.93 0.94 13 136.917 18263.178111
0.93 0.94 14 139.569 17604.093239
0.93 0.94 15 152.999 19483.960999
0.93 0.94 16 159.07 22259.2071
0.93 0.94 17 171.393 24243.666551
0.93 0.94 18 173.182 28319.342876
0.93 0.94 19 186.446 35738.191084
0.94 0.95 0 82.017 6199.174711
0.94 0.95 1 148.154 20837.822284
0.94 0.95 2 108.479 12810.513559
0.94 0.95 3 80.476 5714.695424
0.94 0.95 4 108.201 11323.342599
0.94 0.95 5 114.361 11271.790679
0.94 0.95 6 138.813 18281.608031
0.94 0.95 7 141.445 20403.226975
0.94 0.95 8 153.925 22383.877375
0.94 0.95 9 182.471 30011.067159
0.94 0.95 10 197.694 36513.756364
0.94 0.95 11 220.716 51341.371344
0.94 0.95 12 244.509 50375.041919
0.94 0.95 13 252.818 51817.954876
0.94 0.95 14 266.915 70738.093775
0.94 0.95 15 291.498 79307.435996
0.94 0.95 16 297.476 95623.243424
0.94 0.95 17 307.979 98380.026559
0.94 0.95 18 320.936 96805.335904
0.94 0.95 19 370.529 140459.125159
0.95 0.96 0 79.943 6428.755751
0.95 0.96 1 141.115 21375.919775
0.95 0.96 2 100.582 11321.803276
0.95 0.96 3 78.089 5917.103079
0.95 0.96 4 83.825 6270.114375
0.95 0.96 5 90.818 7115.010876
0.95 0.96 6 92.964 7540.274704
0.95 0.96 7 105.287 10879.154631
0.95 0.96 8 113.948 11737.491296
0.95 0.96 9 120.514 13229.509804
0.95 0.96 10 139.595 18201.336975
0.95 0.96 11 143.473 19997.905271
0.95 0.96 12 159.177 25554.231671
0.95 0.96 13 173.108 27662.948336
0.95 0.96 14 187.415 35091.230775
0.95 0.96 15 198.07 40559.5211
0.95 0.96 16 202.041 39079.343319
0.95 0.96 17 230.18 50703.2776
0.95 0.96 18 241.111 58735.908679
0.95 0.96 19 247.68 60764.1276
0.96 0.97 0 77.914 6142.142604
0.96 0.97 1 138.374 18550.458124
0.96 0.97 2 103.119 12234.810839
0.96 0.97 3 78.564 6065.839904
0.96 0.97 4 64.687 3894.917031
0.96 0.97 5 66.857 4227.904551
0.96 0.97 6 66.535 3930.102775
0.96 0.97 7 70.135 4209.810775
0.96 0.97 8 79.73 5572.5231
0.96 0.97 9 89.736 7081.826304
0.96 0.97 10 98.011 9611.508879
0.96 0.97 11 105.418 10704.801276
0.96 0.97 12 111.53 10553.6291
0.96 0.97 13 119.937 12380.823031
0.96 0.97 14 126.36 15050.4324
0.96 0.97 15 135.46 15925.8924
0.96 0.97 16 148.065 21070.724775
0.96 0.97 17 164.912 26374.962256
0.96 0.97 18 165.38 27562.9076
0.96 0.97 19 179.372 31385.399616
0.97 0.98 0 76.541 5913.272319
0.97 0.98 1 137.72 21128.8856
0.97 0.98 2 97.82 10143.4736
0.97 0.98 3 70.767 5042.496711
0.97 0.98 4 52.364 1916.029504
0.97 0.98 5 81.472 5227.157216
0.97 0.98 6 90.591 7326.585719
0.97 0.98 7 98.365 9004.309775
0.97 0.98 8 109.194 12095.388364
0.97 0.98 9 122.866 14322.194044
0.97 0.98 10 141.423 19375.788071
0.97 0.98 11 141.137 19271.954231
0.97 0.98 12 168.683 27142.626511
0.97 0.98 13 168.437 25232.850031
0.97 0.98 14 176.369 28956.178839
0.97 0.98 15 206.648 45077.854096
0.97 0.98 16 219.652 45551.018896
0.97 0.98 17 224.944 46847.720864
0.97 0.98 18 232.349 52067.689199
0.97 0.98 19 235.794 51878.501564
0.98 0.99 0 75.506 6001.653964
0.98 0.99 1 122.544 17550.652064
0.98 0.99 2 95.416 10011.120944
0.98 0.99 3 65.963 4138.755631
0.98 0.99 4 47.103 2043.044391
0.98 0.99 5 47.673 2033.700071
0.98 0.99 6 49.118 1637.004076
0.98 0.99 7 57.121 2777.588359
0.98 0.99 8 62.719 3497.552039
0.98 0.99 9 69.524 4097.413424
0.98 0.99 10 78.657 5645.083351
0.98 0.99 11 78.636 4836.371504
0.98 0.99 12 85.812 5836.118656
0.98 0.99 13 89.906 6851.979164
0.98 0.99 14 101.243 8500.737951
0.98 0.99 15 105.028 9771.969216
0.98 0.99 16 112.89 9199.3259
0.98 0.99 17 128.116 16331.148544
0.98 0.99 18 125.988 13647.549856
0.98 0.99 19 132.182 16447.292876
0.99 1.0 0 73.816 4908.392144
0.99 1.0 1 101.05 10610.4115
0.99 1.0 2 70.905 5047.867975
0.99 1.0 3 51.459 2808.064319
0.99 1.0 4 33.211 817.628479
0.99 1.0 5 25.49 294.9979
0.99 1.0 6 25.253 254.604991
0.99 1.0 7 28.864 345.759504
0.99 1.0 8 30.685 372.895775
0.99 1.0 9 34.844 592.493664
0.99 1.0 10 38.418 676.091276
0.99 1.0 11 40.624 784.710624
0.99 1.0 12 45.214 941.588204
0.99 1.0 13 48.745 1129.443975
0.99 1.0 14 50.354 1174.202684
0.99 1.0 15 53.85 1263.0435
0.99 1.0 16 58.124 1689.956624
0.99 1.0 17 60.286 1568.736204
0.99 1.0 18 61.395 1930.688975
0.99 1.0 19 67.097 2218.759591
