0.0 0.01 0 61.66 3450.5844
0.0 0.01 1 92.34 10422.2244
0.0 0.01 2 67.48 3578.2096
0.0 0.01 3 58.83 5084.5211
0.0 0.01 4 32.36 1138.8104
0.0 0.01 5 27.46 310.5684
0.0 0.01 6 27.3 256.49
0.0 0.01 7 28.21 291.1459
0.0 0.01 8 33.6 612.86
0.0 0.01 9 34.27 556.7971
0.0 0.01 10 37.28 662.2416
0.0 0.01 11 36.93 612.0251
0.0 0.01 12 43.05 783.9875
0.0 0.01 13 53.4 1866.16
0.0 0.01 14 49.67 1016.0011
0.0 0.01 15 51.57 1203.9451
0.0 0.01 16 52.46 1489.9084
0.0 0.01 17 59.41 1405.4619
0.0 0.01 18 58.81 1588.9139
0.0 0.01 19 68.69 1405.2139
0.01 0.02 0 64.79 4020.9259
0.01 0.02 1 159.14 47363.1004
0.01 0.02 2 168.17 65049.3411
0.01 0.02 3 89.3 16557.55
0.01 0.02 4 69.3 5610.07
0.01 0.02 5 58.79 3241.9259
0.01 0.02 6 49.47 1314.7891
0.01 0.02 7 56.78 2273.7716
0.01 0.02 8 65.01 2476.7299
0.01 0.02 9 72.49 3930.0499
0.01 0.02 10 69.07 3393.3851
0.01 0.02 11 71.27 2952.4971
0.01 0.02 12 91.14 6484.1404
0.01 0.02 13 93.86 5077.0404
0.01 0.02 14 90.22 4416.7716
0.01 0.02 15 115.76 8512.7624
0.01 0.02 16 93.47 5413.7691
0.01 0.02 17 109.51 6464.5699
0.01 0.02 18 132.68 9638.9976
0.01 0.02 19 134.67 9950.1411
0.02 0.03 0 54.78 3042.9516
0.02 0.03 1 164.0 40763.06
0.02 0.03 2 179.94 42097.2164
0.02 0.03 3 128.15 14689.1675
0.02 0.03 4 77.07 6749.7251
0.02 0.03 5 82.16 5228.0344
0.02 0.03 6 108.05 9760.2675
0.02 0.03 7 117.19 9981.8739
0.02 0.03 8 108.55 5715.4875
0.02 0.03 9 140.0 14720.7
0.02 0.03 10 136.69 17638.2139
0.02 0.03 11 190.59 26624.1619
0.02 0.03 12 186.37 34205.5731
0.02 0.03 13 201.13 27415.5131
0.02 0.03 14 175.74 27372.9524
0.02 0.03 15 233.27 38211.8171
0.02 0.03 16 249.09 50300.2819
0.02 0.03 17 252.6 43855.82
0.02 0.03 18 315.69 79718.8139
0.02 0.03 19 288.15 56294.4475
0.03 0.04 0 64.21 3184.4859
0.03 0.04 1 242.89 72261.2179
0.03 0.04 2 173.99 40751.9699
0.03 0.04 3 111.61 11120.1579
0.03 0.04 4 97.99 7227.6499
0.03 0.04 5 63.0 3350.66
0.03 0.04 6 73.38 3246.3756
0.03 0.04 7 101.45 7149.8675
0.03 0.04 8 103.54 12136.7284
0.03 0.04 9 101.46 11620.9684
0.03 0.04 10 93.4 7770.88
0.03 0.04 11 130.24 13477.4224
0.03 0.04 12 117.88 12811.2056
0.03 0.04 13 131.32 15324.9176
0.03 0.04 14 151.06 24666.3164
0.03 0.04 15 153.97 24690.2691
0.03 0.04 16 188.45 48200.4875
0.03 0.04 17 164.34 26093.0044
0.03 0.04 18 167.13 23374.4731
0.03 0.04 19 198.92 29738.6136
0.04 0.05 0 70.17 6016.3211
0.04 0.05 1 215.95 59879.1075
0.04 0.05 2 135.61 24959.9979
0.04 0.05 3 119.29 17492.4659
0.04 0.05 4 112.5 9597.83
0.04 0.05 5 122.07 16202.9651
0.04 0.05 6 115.63 12485.1531
0.04 0.05 7 130.04 16554.7784
0.04 0.05 8 164.45 29036.6275
0.04 0.05 9 175.71 26881.2859
0.04 0.05 10 189.0 31003.32
0.04 0.05 11 200.94 36257.9964
0.04 0.05 12 195.63 33603.2331
0.04 0.05 13 247.57 50900.3451
0.04 0.05 14 254.44 55828.6864
0.04 0.05 15 289.68 59761.2576
0.04 0.05 16 284.11 78267.5579
0.04 0.05 17 280.4 59969.32
0.04 0.05 18 329.72 85913.3016
0.04 0.05 19 316.91 103191.6419
0.05 0.06 0 60.81 3215.3739
0.05 0.06 1 95.23 17946.2571
0.05 0.06 2 61.64 4463.7504
0.05 0.06 3 46.88 2285.5656
0.05 0.06 4 37.29 1013.7459
0.05 0.06 5 33.45 718.8075
0.05 0.06 6 38.81 730.2339
0.05 0.06 7 41.87 893.2731
0.05 0.06 8 34.16 604.9144
0.05 0.06 9 47.92 1559.2136
0.05 0.06 10 54.22 1761.8116
0.05 0.06 11 54.07 2077.8851
0.05 0.06 12 59.05 1751.6475
0.05 0.06 13 63.8 2801.92
0.05 0.06 14 59.26 2061.0724
0.05 0.06 15 76.47 2604.5491
0.05 0.06 16 69.68 2798.8376
0.05 0.06 17 75.99 4625.9699
0.05 0.06 18 88.78 4693.2116
0.05 0.06 19 94.74 4298.5524
0.06 0.07 0 65.13 4745.4931
0.06 0.07 1 79.37 7496.0531
0.06 0.07 2 63.47 4806.1691
0.06 0.07 3 46.39 1664.5979
0.06 0.07 4 41.81 1320.9539
0.06 0.07 5 35.56 985.7664
0.06 0.07 6 42.23 1109.0571
0.06 0.07 7 49.14 1326.7604
0.06 0.07 8 43.59 1253.6619
0.06 0.07 9 56.21 2006.6659
0.06 0.07 10 55.44 2004.4464
0.06 0.07 11 59.47 2128.8291
0.06 0.07 12 71.69 3429.8739
0.06 0.07 13 61.7 2263.17
0.06 0.07 14 77.93 3668.5851
0.06 0.07 15 82.72 5210.8016
0.06 0.07 16 86.37 4960.2331
0.06 0.07 17 93.29 4136.9059
0.06 0.07 18 96.27 6114.8171
0.06 0.07 19 89.9 4142.89
0.07 0.08 0 59.44 3535.8664
0.07 0.08 1 76.85 6535.5675
0.07 0.08 2 62.55 3848.7675
0.07 0.08 3 49.17 1413.6211
0.07 0.08 4 49.03 2423.6291
0.07 0.08 5 62.12 2664.2256
0.07 0.08 6 60.02 3086.1796
0.07 0.08 7 75.22 4315.2516
0.07 0.08 8 75.07 3602.9851
0.07 0.08 9 81.34 5605.9844
0.07 0.08 10 78.98 5770.3396
0.07 0.08 11 92.03 5198.7691
0.07 0.08 12 102.12 7331.5856
0.07 0.08 13 106.24 12305.8224
0.07 0.08 14 116.91 11426.6619
0.07 0.08 15 123.53 12779.1291
0.07 0.08 16 114.22 8710.7316
0.07 0.08 17 137.37 23366.7931
0.07 0.08 18 136.3 12874.53
0.07 0.08 19 161.59 21249.2819
0.08 0.09 0 60.91 3896.7219
0.08 0.09 1 88.93 9937.5451
0.08 0.09 2 72.39 3891.0179
0.08 0.09 3 56.44 2091.5664
0.08 0.09 4 62.22 3509.9316
0.08 0.09 5 57.9 2121.67
0.08 0.09 6 60.29 2884.7059
0.08 0.09 7 61.26 2695.0924
0.08 0.09 8 74.88 3195.1656
0.08 0.09 9 79.6 4981.22
0.08 0.09 10 76.1 4630.79
0.08 0.09 11 86.58 6101.7636
0.08 0.09 12 106.77 9057.8771
0.08 0.09 13 87.61 5632.4379
0.08 0.09 14 114.03 6479.3091
0.08 0.09 15 114.2 8642.36
0.08 0.09 16 125.37 10605.0931
0.08 0.09 17 133.03 13656.1091
0.08 0.09 18 127.32 13137.1576
0.08 0.09 19 140.94 14177.3764
0.09 0.1 0 61.92 3532.1536
0.09 0.1 1 83.8 7137.26
0.09 0.1 2 88.89 9263.5179
0.09 0.1 3 62.76 2567.3424
0.09 0.1 4 63.07 3791.5251
0.09 0.1 5 70.36 3383.7904
0.09 0.1 6 65.4 2907.82
0.09 0.1 7 70.96 3532.5184
0.09 0.1 8 86.86 5128.6604
0.09 0.1 9 82.53 5140.0691
0.09 0.1 10 98.84 7599.4144
0.09 0.1 11 107.06 7041.2364
0.09 0.1 12 117.82 11934.3076
0.09 0.1 13 129.57 13221.6651
0.09 0.1 14 142.29 14258.7859
0.09 0.1 15 139.23 15601.5971
0.09 0.1 16 134.36 15021.9504
0.09 0.1 17 161.94 20984.1364
0.09 0.1 18 170.51 25727.9699
0.09 0.1 19 177.52 21724.6496
0.1 0.11 0 70.13 5610.7131
0.1 0.11 1 90.72 6693.7616
0.1 0.11 2 83.83 7387.5011
0.1 0.11 3 76.01 4501.9299
0.1 0.11 4 75.92 4843.4336
0.1 0.11 5 77.55 4720.4875
0.1 0.11 6 85.8 4907.24
0.1 0.11 7 104.35 6759.0275
0.1 0.11 8 90.42 6169.7036
0.1 0.11 9 103.8 7822.48
0.1 0.11 10 120.19 10254.1339
0.1 0.11 11 136.76 13290.0424
0.1 0.11 12 131.62 12712.2556
0.1 0.11 13 181.9 23370.87
0.1 0.11 14 167.76 21811.9624
0.1 0.11 15 184.11 27621.4779
0.1 0.11 16 159.18 25574.3076
0.1 0.11 17 210.17 30467.2211
0.1 0.11 18 214.33 33408.0611
0.1 0.11 19 188.39 55007.5579
0.11 0.12 0 72.59 6537.0819
0.11 0.12 1 81.98 7463.3596
0.11 0.12 2 59.83 3281.5411
0.11 0.12 3 69.88 4630.7656
0.11 0.12 4 66.64 2507.6304
0.11 0.12 5 68.56 2593.0264
0.11 0.12 6 67.34 3288.7244
0.11 0.12 7 77.68 4845.7776
0.11 0.12 8 91.21 7614.8659
0.11 0.12 9 93.16 7893.8944
0.11 0.12 10 96.2 6524.48
0.11 0.12 11 113.88 8943.4856
0.11 0.12 12 130.91 18641.3219
0.11 0.12 13 131.99 12585.3699
0.11 0.12 14 125.8 14608.34
0.11 0.12 15 133.73 11882.1971
0.11 0.12 16 142.69 14247.8339
0.11 0.12 17 179.9 24430.95
0.11 0.12 18 146.95 20978.6275
0.11 0.12 19 156.16 15742.1944
0.12 0.13 0 68.37 3014.2131
0.12 0.13 1 71.29 3639.4459
0.12 0.13 2 64.12 3390.8856
0.12 0.13 3 63.63 4307.8331
0.12 0.13 4 67.34 3829.1444
0.12 0.13 5 51.93 1953.8651
0.12 0.13 6 57.74 2351.2124
0.12 0.13 7 56.37 2468.2131
0.12 0.13 8 60.14 3066.8004
0.12 0.13 9 57.87 2885.2331
0.12 0.13 10 98.52 6917.3096
0.12 0.13 11 88.89 4693.3179
0.12 0.13 12 95.04 4668.8984
0.12 0.13 13 106.24 8922.7224
0.12 0.13 14 122.63 18190.6331
0.12 0.13 15 125.33 10423.9411
0.12 0.13 16 118.01 9239.9899
0.12 0.13 17 135.16 18761.7144
0.12 0.13 18 106.8 8692.54
0.12 0.13 19 137.87 15318.4531
0.13 0.14 0 66.56 5376.1864
0.13 0.14 1 102.25 12195.9475
0.13 0.14 2 83.57 6655.4051
0.13 0.14 3 63.17 4629.3811
0.13 0.14 4 71.81 3828.4139
0.13 0.14 5 73.34 5458.0644
0.13 0.14 6 79.57 4385.1451
0.13 0.14 7 80.96 5351.1784
0.13 0.14 8 78.49 5636.6699
0.13 0.14 9 89.72 7110.3016
0.13 0.14 10 105.22 8462.9716
0.13 0.14 11 120.45 12536.4275
0.13 0.14 12 136.7 14280.29
0.13 0.14 13 139.93 14856.0251
0.13 0.14 14 131.61 14900.0979
0.13 0.14 15 149.37 20896.9331
0.13 0.14 16 147.07 15686.6051
0.13 0.14 17 167.33 16288.0211
0.13 0.14 18 197.82 20819.3276
0.13 0.14 19 191.44 22429.5064
0.14 0.15 0 64.97 5558.6091
0.14 0.15 1 81.95 6539.3875
0.14 0.15 2 72.48 4907.6296
0.14 0.15 3 68.78 4831.3316
0.14 0.15 4 80.65 4991.7675
0.14 0.15 5 77.99 5004.5299
0.14 0.15 6 65.28 3785.7216
0.14 0.15 7 70.64 3623.3904
0.14 0.15 8 71.98 3367.8596
0.14 0.15 9 70.3 2947.59
0.14 0.15 10 109.41 10216.9819
0.14 0.15 11 103.65 8765.7275
0.14 0.15 12 123.99 9479.6899
0.14 0.15 13 130.85 12807.3675
0.14 0.15 14 145.73 15433.2371
0.14 0.15 15 125.0 13479.34
0.14 0.15 16 135.1 18052.93
0.14 0.15 17 144.65 20202.4475
0.14 0.15 18 176.65 33544.3475
0.14 0.15 19 169.48 19076.1496
0.15 0.16 0 59.46 3138.0484
0.15 0.16 1 81.88 6750.7256
0.15 0.16 2 100.99 7821.0499
0.15 0.16 3 94.32 9121.1976
0.15 0.16 4 83.36 7139.7104
0.15 0.16 5 72.39 4887.5179
0.15 0.16 6 69.27 3162.7171
0.15 0.16 7 109.04 8690.7584
0.15 0.16 8 84.89 7486.9179
0.15 0.16 9 84.21 4095.1659
0.15 0.16 10 112.4 9894.12
0.15 0.16 11 139.58 10240.5036
0.15 0.16 12 123.81 9665.2139
0.15 0.16 13 149.51 24724.9699
0.15 0.16 14 141.83 17768.7211
0.15 0.16 15 128.34 18398.4044
0.15 0.16 16 169.17 25415.9011
0.15 0.16 17 199.55 35573.1075
0.15 0.16 18 201.49 50030.9699
0.15 0.16 19 211.75 43857.9075
0.16 0.17 0 65.8 3877.76
0.16 0.17 1 85.35 6944.5875
0.16 0.17 2 75.96 6956.5184
0.16 0.17 3 90.37 8019.6531
0.16 0.17 4 88.47 5489.8691
0.16 0.17 5 81.76 5204.3624
0.16 0.17 6 89.64 7422.8904
0.16 0.17 7 105.99 10047.8899
0.16 0.17 8 108.06 7958.9164
0.16 0.17 9 138.0 12064.74
0.16 0.17 10 166.37 18993.8931
0.16 0.17 11 151.6 20203.96
0.16 0.17 12 154.42 17696.5836
0.16 0.17 13 185.39 17825.1179
0.16 0.17 14 222.78 35075.9116
0.16 0.17 15 195.72 29999.8816
0.16 0.17 16 225.74 31937.7924
0.16 0.17 17 211.81 50572.7539
0.16 0.17 18 241.78 46418.1916
0.16 0.17 19 256.58 49285.2036
0.17 0.18 0 69.75 3656.7075
0.17 0.18 1 84.29 8217.7259
0.17 0.18 2 87.5 4719.69
0.17 0.18 3 91.72 11439.0216
0.17 0.18 4 76.4 3123.64
0.17 0.18 5 78.55 5445.3675
0.17 0.18 6 70.02 3385.8796
0.17 0.18 7 83.94 5272.1364
0.17 0.18 8 88.25 6030.9875
0.17 0.18 9 98.12 7609.6456
0.17 0.18 10 99.84 8979.9744
0.17 0.18 11 112.79 9617.2459
0.17 0.18 12 92.71 6263.0459
0.17 0.18 13 130.04 12912.0984
0.17 0.18 14 133.12 13086.5856
0.17 0.18 15 136.24 12328.1024
0.17 0.18 16 143.62 15515.0556
0.17 0.18 17 138.23 11812.6771
0.17 0.18 18 160.16 15297.3544
0.17 0.18 19 160.54 23887.6284
0.18 0.19 0 74.64 4192.1504
0.18 0.19 1 84.94 7177.8964
0.18 0.19 2 90.68 8763.6976
0.18 0.19 3 115.34 12406.4044
0.18 0.19 4 83.72 5270.5216
0.18 0.19 5 89.94 7996.3564
0.18 0.19 6 94.71 7068.0259
0.18 0.19 7 89.73 7851.4171
0.18 0.19 8 99.58 9544.6236
0.18 0.19 9 123.0 16308.92
0.18 0.19 10 139.75 17407.6075
0.18 0.19 11 158.24 16089.5624
0.18 0.19 12 162.1 23098.81
0.18 0.19 13 192.6 33234.86
0.18 0.19 14 216.35 37081.5475
0.18 0.19 15 167.92 16572.8736
0.18 0.19 16 186.25 28331.3875
0.18 0.19 17 220.08 43988.2736
0.18 0.19 18 237.1 72256.89
0.18 0.19 19 230.9 42720.33
0.19 0.2 0 72.6 6430.92
0.19 0.2 1 81.04 6494.6984
0.19 0.2 2 84.53 5141.4291
0.19 0.2 3 110.8 15276.68
0.19 0.2 4 95.19 7533.3139
0.19 0.2 5 84.13 4010.5131
0.19 0.2 6 106.14 13480.5804
0.19 0.2 7 113.53 11622.3691
0.19 0.2 8 132.79 16943.1659
0.19 0.2 9 136.7 17057.61
0.19 0.2 10 140.14 20796.2204
0.19 0.2 11 169.68 24602.2376
0.19 0.2 12 167.58 35510.6036
0.19 0.2 13 180.64 24198.5304
0.19 0.2 14 187.02 32949.5996
0.19 0.2 15 217.93 52077.7051
0.19 0.2 16 229.19 58081.1739
0.19 0.2 17 240.55 53325.5875
0.19 0.2 18 215.5 51186.09
0.19 0.2 19 222.19 38872.4739
0.2 0.21 0 59.13 3776.5931
0.2 0.21 1 82.47 5757.0291
0.2 0.21 2 101.51 9537.5099
0.2 0.21 3 102.06 9680.8564
0.2 0.21 4 101.26 10221.2124
0.2 0.21 5 105.25 10858.7475
0.2 0.21 6 83.76 6255.8224
0.2 0.21 7 111.89 10718.1779
0.2 0.21 8 131.14 14661.1004
0.2 0.21 9 136.85 18145.2475
0.2 0.21 10 143.95 17053.1475
0.2 0.21 11 172.33 27153.5611
0.2 0.21 12 144.71 20574.5459
0.2 0.21 13 193.62 28215.3956
0.2 0.21 14 210.78 38432.0116
0.2 0.21 15 192.46 33714.3884
0.2 0.21 16 220.97 39269.9291
0.2 0.21 17 240.25 58768.6875
0.2 0.21 18 223.86 51382.0804
0.2 0.21 19 217.49 43347.6699
0.21 0.22 0 63.15 4188.9875
0.21 0.22 1 88.59 6349.5619
0.21 0.22 2 84.67 6656.0011
0.21 0.22 3 101.67 8549.3811
0.21 0.22 4 83.25 8198.5875
0.21 0.22 5 101.16 8011.9144
0.21 0.22 6 133.88 14035.9256
0.21 0.22 7 127.26 11991.7724
0.21 0.22 8 156.03 29819.5091
0.21 0.22 9 159.54 17821.9484
0.21 0.22 10 144.72 18389.9216
0.21 0.22 11 205.68 40464.8776
0.21 0.22 12 205.16 31270.9944
0.21 0.22 13 244.2 77608.3
0.21 0.22 14 240.32 55081.3376
0.21 0.22 15 246.19 59376.8939
0.21 0.22 16 228.35 34745.2075
0.21 0.22 17 307.94 95828.4764
0.21 0.22 18 266.84 65746.8144
0.21 0.22 19 231.67 33886.8011
0.22 0.23 0 65.88 3589.7056
0.22 0.23 1 84.11 7852.7579
0.22 0.23 2 115.53 12022.0691
0.22 0.23 3 124.76 13154.2224
0.22 0.23 4 102.44 5761.7664
0.22 0.23 5 113.7 12655.25
0.22 0.23 6 140.07 31024.6251
0.22 0.23 7 159.1 21076.35
0.22 0.23 8 155.33 20987.0811
0.22 0.23 9 183.3 28909.77
0.22 0.23 10 197.31 42508.7939
0.22 0.23 11 226.17 55915.0411
0.22 0.23 12 221.64 42269.3104
0.22 0.23 13 193.83 31638.2611
0.22 0.23 14 240.26 63707.2324
0.22 0.23 15 279.7 84750.71
0.22 0.23 16 287.85 82650.6275
0.22 0.23 17 340.27 133266.2971
0.22 0.23 18 286.41 96135.7619
0.22 0.23 19 352.02 118503.0196
0.23 0.24 0 70.02 4419.2196
0.23 0.24 1 81.84 8994.4744
0.23 0.24 2 90.11 6913.0379
0.23 0.24 3 103.65 7681.2475
0.23 0.24 4 108.46 8802.8284
0.23 0.24 5 111.43 13010.2451
0.23 0.24 6 121.11 12011.9179
0.23 0.24 7 135.26 12514.2124
0.23 0.24 8 140.16 18569.0344
0.23 0.24 9 128.14 19922.8004
0.23 0.24 10 145.5 17444.17
0.23 0.24 11 144.76 27677.9824
0.23 0.24 12 204.41 43675.0619
0.23 0.24 13 217.13 54075.7731
0.23 0.24 14 211.11 43121.1779
0.23 0.24 15 163.76 32445.4424
0.23 0.24 16 207.81 49803.8139
0.23 0.24 17 268.63 71789.9131
0.23 0.24 18 297.71 84563.1459
0.23 0.24 19 272.57 76930.9851
0.24 0.25 0 73.19 4643.2139
0.24 0.25 1 75.14 5023.9604
0.24 0.25 2 109.84 11309.8944
0.24 0.25 3 118.51 11944.5299
0.24 0.25 4 101.36 9267.8704
0.24 0.25 5 130.57 14527.3451
0.24 0.25 6 125.07 17939.8251
0.24 0.25 7 161.82 28061.1276
0.24 0.25 8 135.57 19037.1451
0.24 0.25 9 178.08 30278.4336
0.24 0.25 10 200.81 30295.9739
0.24 0.25 11 224.79 53916.3059
0.24 0.25 12 208.5 48989.27
0.24 0.25 13 219.16 43778.1744
0.24 0.25 14 220.11 59671.1179
0.24 0.25 15 276.05 77708.7675
0.24 0.25 16 297.49 85232.4099
0.24 0.25 17 373.46 157613.0684
0.24 0.25 18 284.86 63279.5804
0.24 0.25 19 350.81 155176.5939
0.25 0.26 0 63.73 5600.3571
0.25 0.26 1 73.1 3966.47
0.25 0.26 2 78.56 6106.7864
0.25 0.26 3 68.04 3921.6584
0.25 0.26 4 57.22 4282.0116
0.25 0.26 5 60.1 4650.95
0.25 0.26 6 57.2 2482.76
0.25 0.26 7 73.44 6911.2464
0.25 0.26 8 76.64 6245.9704
0.25 0.26 9 67.29 3577.7259
0.25 0.26 10 99.8 9146.82
0.25 0.26 11 105.39 9022.8779
0.25 0.26 12 97.84 8341.5544
0.25 0.26 13 122.13 14428.8331
0.25 0.26 14 117.67 10932.2011
0.25 0.26 15 95.41 7503.2019
0.25 0.26 16 113.39 11918.2379
0.25 0.26 17 122.93 14817.3051
0.25 0.26 18 163.8 30029.32
0.25 0.26 19 145.07 20505.4651
0.26 0.27 0 80.44 6805.2464
0.26 0.27 1 70.73 3977.7971
0.26 0.27 2 114.16 12414.4344
0.26 0.27 3 80.95 6905.8275
0.26 0.27 4 67.35 3443.3275
0.26 0.27 5 76.71 4505.7659
0.26 0.27 6 79.85 5802.8675
0.26 0.27 7 79.66 4624.1244
0.26 0.27 8 88.93 7710.4451
0.26 0.27 9 92.55 6290.4675
0.26 0.27 10 107.25 9948.2275
0.26 0.27 11 107.69 8129.5939
0.26 0.27 12 106.37 13878.8131
0.26 0.27 13 121.59 16729.5219
0.26 0.27 14 123.69 12941.5139
0.26 0.27 15 131.84 13111.2944
0.26 0.27 16 156.59 22710.2419
0.26 0.27 17 168.39 18971.2179
0.26 0.27 18 172.37 19850.3531
0.26 0.27 19 181.5 24767.51
0.27 0.28 0 69.57 6596.5851
0.27 0.28 1 77.12 5125.8856
0.27 0.28 2 96.02 7865.9796
0.27 0.28 3 88.82 9731.3876
0.27 0.28 4 82.64 5058.1104
0.27 0.28 5 78.71 5407.8659
0.27 0.28 6 82.62 5329.2356
0.27 0.28 7 96.97 8908.8491
0.27 0.28 8 92.8 5756.02
0.27 0.28 9 131.58 16373.3836
0.27 0.28 10 125.47 12250.7491
0.27 0.28 11 152.82 21315.8676
0.27 0.28 12 126.93 11233.4051
0.27 0.28 13 160.99 20773.1699
0.27 0.28 14 155.49 17555.7899
0.27 0.28 15 156.13 17382.6531
0.27 0.28 16 185.82 29212.5876
0.27 0.28 17 220.26 40684.8124
0.27 0.28 18 225.29 40479.8459
0.27 0.28 19 264.26 45121.0724
0.28 0.29 0 65.64 5615.6304
0.28 0.29 1 75.32 5853.3376
0.28 0.29 2 116.44 12932.2264
0.28 0.29 3 93.05 8700.1875
0.28 0.29 4 78.89 5698.9579
0.28 0.29 5 74.2 3843.54
0.28 0.29 6 81.32 5187.0376
0.28 0.29 7 104.72 10807.4616
0.28 0.29 8 94.82 6443.2676
0.28 0.29 9 89.35 7487.1475
0.28 0.29 10 102.94 7965.1564
0.28 0.29 11 109.84 10152.4944
0.28 0.29 12 144.17 23121.9011
0.28 0.29 13 124.38 16410.1556
0.28 0.29 14 146.43 15370.4651
0.28 0.29 15 158.32 20523.5576
0.28 0.29 16 132.17 15004.3411
0.28 0.29 17 162.45 29120.8275
0.28 0.29 18 179.04 25705.2984
0.28 0.29 19 215.09 44988.6619
0.29 0.3 0 78.61 4494.0779
0.29 0.3 1 76.0 4757.04
0.29 0.3 2 100.0 11400.06
0.29 0.3 3 81.17 6651.9011
0.29 0.3 4 76.98 6080.0796
0.29 0.3 5 95.69 7551.9539
0.29 0.3 6 92.49 7260.4899
0.29 0.3 7 99.84 8343.1944
0.29 0.3 8 115.55 12954.3275
0.29 0.3 9 105.91 9546.0219
0.29 0.3 10 106.03 9803.9291
0.29 0.3 11 138.42 19778.3436
0.29 0.3 12 143.88 16033.7456
0.29 0.3 13 184.26 39679.3924
0.29 0.3 14 157.9 20811.15
0.29 0.3 15 182.93 26450.9251
0.29 0.3 16 171.11 22851.1779
0.29 0.3 17 211.49 63741.1699
0.29 0.3 18 237.79 47588.4859
0.29 0.3 19 252.88 60876.8856
0.3 0.31 0 72.47 5261.9091
0.3 0.31 1 77.84 5674.3144
0.3 0.31 2 90.7 12161.11
0.3 0.31 3 92.65 11045.2875
0.3 0.31 4 75.5 7361.23
0.3 0.31 5 79.07 5286.0451
0.3 0.31 6 94.07 9188.8851
0.3 0.31 7 102.32 7211.3376
0.3 0.31 8 116.14 12139.7204
0.3 0.31 9 117.65 13796.6475
0.3 0.31 10 144.6 21465.82
0.3 0.31 11 131.61 13333.5579
0.3 0.31 12 128.47 22878.6891
0.3 0.31 13 165.69 25120.1139
0.3 0.31 14 172.0 30095.8
0.3 0.31 15 189.65 40102.0475
0.3 0.31 16 228.33 59983.0011
0.3 0.31 17 241.8 78488.64
0.3 0.31 18 254.41 61382.9219
0.3 0.31 19 208.02 46758.1396
0.31 0.32 0 61.69 4549.1339
0.31 0.32 1 69.93 4446.7451
0.31 0.32 2 90.36 6365.3504
0.31 0.32 3 99.11 10497.9979
0.31 0.32 4 77.86 6108.9804
0.31 0.32 5 82.28 8717.8016
0.31 0.32 6 91.37 8531.1931
0.31 0.32 7 93.33 7479.1811
0.31 0.32 8 93.73 8049.5371
0.31 0.32 9 123.44 12699.5464
0.31 0.32 10 139.25 21995.2675
0.31 0.32 11 124.94 17596.7564
0.31 0.32 12 127.31 18585.0739
0.31 0.32 13 136.51 16383.4899
0.31 0.32 14 145.7 23027.37
0.31 0.32 15 166.29 38320.6659
0.31 0.32 16 197.68 32213.4376
0.31 0.32 17 219.79 49727.1059
0.31 0.32 18 191.68 38361.0776
0.31 0.32 19 224.16 43229.5344
0.32 0.33 0 63.92 3102.6336
0.32 0.33 1 67.73 5924.9771
0.32 0.33 2 95.49 6884.7099
0.32 0.33 3 94.8 8784.44
0.32 0.33 4 109.07 9066.4451
0.32 0.33 5 88.42 7522.5236
0.32 0.33 6 105.12 10788.7856
0.32 0.33 7 109.44 9991.1464
0.32 0.33 8 131.0 16533.88
0.32 0.33 9 161.87 31025.3531
0.32 0.33 10 158.32 26696.8976
0.32 0.33 11 153.76 22562.0024
0.32 0.33 12 189.87 33807.0531
0.32 0.33 13 199.99 38849.5099
0.32 0.33 14 199.54 39942.3484
0.32 0.33 15 247.97 75317.5691
0.32 0.33 16 221.49 49860.4099
0.32 0.33 17 270.77 88078.2771
0.32 0.33 18 270.7 73117.27
0.32 0.33 19 303.58 70981.3636
0.33 0.34 0 58.02 1937.6396
0.33 0.34 1 63.79 3748.7659
0.33 0.34 2 106.1 13775.37
0.33 0.34 3 111.06 9545.2764
0.33 0.34 4 96.32 8298.6776
0.33 0.34 5 86.63 7287.3731
0.33 0.34 6 107.61 11811.5179
0.33 0.34 7 127.62 14780.9556
0.33 0.34 8 119.09 8328.6019
0.33 0.34 9 141.46 23780.1084
0.33 0.34 10 146.34 17781.4444
0.33 0.34 11 151.31 23670.8139
0.33 0.34 12 172.73 27873.9971
0.33 0.34 13 182.21 34777.7259
0.33 0.34 14 238.92 90688.0536
0.33 0.34 15 198.96 28216.1584
0.33 0.34 16 248.75 68994.4075
0.33 0.34 17 218.78 59843.8716
0.33 0.34 18 280.24 92175.5424
0.33 0.34 19 329.98 94928.2596
0.34 0.35 0 61.25 3735.0075
0.34 0.35 1 67.61 5416.0379
0.34 0.35 2 101.04 7945.2984
0.34 0.35 3 115.63 10329.6731
0.34 0.35 4 115.03 14381.3491
0.34 0.35 5 96.2 8342.54
0.34 0.35 6 96.4 9788.2
0.34 0.35 7 130.63 23762.7131
0.34 0.35 8 122.82 15503.7276
0.34 0.35 9 141.45 16261.5275
0.34 0.35 10 161.27 24286.8371
0.34 0.35 11 159.28 27217.5016
0.34 0.35 12 195.37 37564.2731
0.34 0.35 13 185.98 38147.4596
0.34 0.35 14 222.06 32526.7364
0.34 0.35 15 191.13 34254.5531
0.34 0.35 16 219.34 33277.7044
0.34 0.35 17 218.15 35629.8675
0.34 0.35 18 240.05 70623.0675
0.34 0.35 19 307.66 103236.9444
0.35 0.36 0 60.22 2819.1916
0.35 0.36 1 90.38 10706.1556
0.35 0.36 2 90.87 5856.4531
0.35 0.36 3 83.7 6907.67
0.35 0.36 4 91.69 7525.4139
0.35 0.36 5 100.56 7098.3464
0.35 0.36 6 116.12 7624.4656
0.35 0.36 7 134.29 15967.1259
0.35 0.36 8 168.47 44799.3691
0.35 0.36 9 197.42 27627.0636
0.35 0.36 10 172.52 47220.5296
0.35 0.36 11 188.21 32113.3459
0.35 0.36 12 203.7 26785.33
0.35 0.36 13 230.11 62081.5379
0.35 0.36 14 213.82 49692.5476
0.35 0.36 15 257.14 95853.7004
0.35 0.36 16 212.41 53172.5819
0.35 0.36 17 220.63 57048.9531
0.35 0.36 18 294.75 69754.3875
0.35 0.36 19 267.66 52254.3244
0.36 0.37 0 69.6 4048.78
0.36 0.37 1 74.26 4053.0124
0.36 0.37 2 89.83 7916.3611
0.36 0.37 3 101.13 10377.2131
0.36 0.37 4 93.65 9858.7875
0.36 0.37 5 87.05 6227.4875
0.36 0.37 6 96.86 10643.1204
0.36 0.37 7 98.26 10734.9324
0.36 0.37 8 135.53 16583.6891
0.36 0.37 9 141.04 18480.1184
0.36 0.37 10 130.85 16252.0275
0.36 0.37 11 125.59 19644.0619
0.36 0.37 12 184.72 28728.2016
0.36 0.37 13 199.25 41136.7475
0.36 0.37 14 198.64 35635.8504
0.36 0.37 15 185.57 22113.2251
0.36 0.37 16 252.67 71950.2411
0.36 0.37 17 274.59 57914.5219
0.36 0.37 18 266.72 72939.3216
0.36 0.37 19 282.46 56215.5884
0.37 0.38 0 81.19 6251.1939
0.37 0.38 1 71.04 4762.3784
0.37 0.38 2 102.65 7635.9475
0.37 0.38 3 89.06 7030.0164
0.37 0.38 4 92.42 8325.8236
0.37 0.38 5 84.46 5310.0884
0.37 0.38 6 72.59 5213.1019
0.37 0.38 7 83.37 7297.0131
0.37 0.38 8 105.52 8494.8296
0.37 0.38 9 106.48 9890.0696
0.37 0.38 10 108.87 10304.7131
0.37 0.38 11 101.37 11152.6331
0.37 0.38 12 108.41 14186.9419
0.37 0.38 13 144.0 18721.44
0.37 0.38 14 146.28 19639.8416
0.37 0.38 15 150.18 17636.3276
0.37 0.38 16 160.02 20631.3196
0.37 0.38 17 161.69 24711.9939
0.37 0.38 18 179.83 27233.9211
0.37 0.38 19 200.17 50449.6211
0.38 0.39 0 69.16 3820.2144
0.38 0.39 1 70.88 4405.8256
0.38 0.39 2 106.07 9941.9451
0.38 0.39 3 97.59 8165.8619
0.38 0.39 4 83.73 7180.2171
0.38 0.39 5 122.61 15275.1379
0.38 0.39 6 119.22 17049.1116
0.38 0.39 7 125.12 11430.6056
0.38 0.39 8 144.44 16588.5264
0.38 0.39 9 141.17 25827.1011
0.38 0.39 10 181.61 35968.9179
0.38 0.39 11 197.37 30907.9331
0.38 0.39 12 177.58 30481.7436
0.38 0.39 13 224.96 54164.6184
0.38 0.39 14 219.21 72815.0059
0.38 0.39 15 230.7 49838.83
0.38 0.39 16 268.75 67219.4075
0.38 0.39 17 262.74 57690.4524
0.38 0.39 18 259.35 79538.7475
0.38 0.39 19 302.65 107232.9475
0.39 0.4 0 54.27 3281.2971
0.39 0.4 1 76.2 5847.44
0.39 0.4 2 97.43 7350.8051
0.39 0.4 3 107.84 16715.1744
0.39 0.4 4 102.89 13639.1579
0.39 0.4 5 89.73 6635.3771
0.39 0.4 6 112.2 15236.16
0.39 0.4 7 97.84 10010.5944
0.39 0.4 8 147.39 20497.8979
0.39 0.4 9 141.76 15380.0024
0.39 0.4 10 148.46 20728.4284
0.39 0.4 11 171.56 24889.3064
0.39 0.4 12 162.49 18722.0299
0.39 0.4 13 156.64 20712.5704
0.39 0.4 14 218.74 41427.6324
0.39 0.4 15 204.17 25968.9411
0.39 0.4 16 247.74 74609.7924
0.39 0.4 17 219.82 36072.7276
0.39 0.4 18 228.15 42205.4875
0.39 0.4 19 306.03 117296.4891
0.4 0.41 0 73.66 3793.7844
0.4 0.41 1 89.35 7925.4675
0.4 0.41 2 110.45 9405.1275
0.4 0.41 3 99.03 10929.7291
0.4 0.41 4 136.11 16225.0579
0.4 0.41 5 108.07 11028.8651
0.4 0.41 6 117.45 12161.0475
0.4 0.41 7 117.59 10549.2419
0.4 0.41 8 114.51 16914.1099
0.4 0.41 9 132.4 17941.18
0.4 0.41 10 143.75 13885.0475
0.4 0.41 11 144.6 21179.64
0.4 0.41 12 163.87 21689.1331
0.4 0.41 13 196.86 38585.2804
0.4 0.41 14 205.9 37676.45
0.4 0.41 15 231.26 40594.4724
0.4 0.41 16 228.43 42640.2451
0.4 0.41 17 222.99 57222.9299
0.4 0.41 18 226.66 65011.9044
0.4 0.41 19 291.58 90089.3636
0.41 0.42 0 68.46 4723.4084
0.41 0.42 1 83.38 5124.7356
0.41 0.42 2 104.13 7682.0531
0.41 0.42 3 96.59 7720.5019
0.41 0.42 4 91.35 5764.1475
0.41 0.42 5 95.75 8267.9875
0.41 0.42 6 135.41 25028.2219
0.41 0.42 7 128.99 18303.6299
0.41 0.42 8 134.39 17047.2579
0.41 0.42 9 148.47 18416.6891
0.41 0.42 10 181.5 39529.07
0.41 0.42 11 194.88 54618.3056
0.41 0.42 12 178.09 25314.8419
0.41 0.42 13 227.25 57084.4275
0.41 0.42 14 224.32 59752.0976
0.41 0.42 15 270.97 66948.5491
0.41 0.42 16 264.39 55967.5579
0.41 0.42 17 292.31 108430.6339
0.41 0.42 18 239.96 81372.0984
0.41 0.42 19 290.5 91277.97
0.42 0.43 0 75.34 6141.2444
0.42 0.43 1 83.87 6613.1131
0.42 0.43 2 93.86 9363.5604
0.42 0.43 3 115.91 11169.5019
0.42 0.43 4 113.86 12940.6804
0.42 0.43 5 96.28 9013.4016
0.42 0.43 6 104.43 8022.0651
0.42 0.43 7 106.41 9742.4619
0.42 0.43 8 124.73 11314.4571
0.42 0.43 9 114.16 14313.5144
0.42 0.43 10 146.37 19445.4531
0.42 0.43 11 149.06 22279.5764
0.42 0.43 12 142.77 28633.6171
0.42 0.43 13 161.24 28059.1024
0.42 0.43 14 190.78 52354.3116
0.42 0.43 15 208.23 36058.3371
0.42 0.43 16 199.08 39514.8536
0.42 0.43 17 243.31 72572.7139
0.42 0.43 18 200.14 40447.8404
0.42 0.43 19 267.85 102669.6075
0.43 0.44 0 58.15 3227.3675
0.43 0.44 1 81.74 6890.1724
0.43 0.44 2 92.07 6795.7651
0.43 0.44 3 95.0 7104.68
0.43 0.44 4 120.58 10606.9036
0.43 0.44 5 106.02 9554.7996
0.43 0.44 6 117.61 13670.4379
0.43 0.44 7 114.1 13960.01
0.43 0.44 8 133.6 24706.9
0.43 0.44 9 131.19 12273.5139
0.43 0.44 10 145.06 26648.3964
0.43 0.44 11 157.02 22048.4596
0.43 0.44 12 173.12 24899.8856
0.43 0.44 13 208.65 43523.0675
0.43 0.44 14 216.26 62687.0724
0.43 0.44 15 222.39 66132.9579
0.43 0.44 16 198.55 46870.9875
0.43 0.44 17 232.81 70911.3739
0.43 0.44 18 203.74 40664.8724
0.43 0.44 19 243.68 59496.4176
0.44 0.45 0 72.44 5541.7664
0.44 0.45 1 86.01 5881.8099
0.44 0.45 2 110.97 9199.9291
0.44 0.45 3 114.05 14867.7475
0.44 0.45 4 105.95 11719.6075
0.44 0.45 5 116.64 13589.6904
0.44 0.45 6 127.72 13695.3216
0.44 0.45 7 121.17 31910.3211
0.44 0.45 8 144.52 20140.3896
0.44 0.45 9 143.3 12153.99
0.44 0.45 10 156.22 35568.3516
0.44 0.45 11 197.35 42178.6475
0.44 0.45 12 193.01 30195.3899
0.44 0.45 13 217.35 38634.0675
0.44 0.45 14 231.28 60082.8416
0.44 0.45 15 289.99 61034.3699
0.44 0.45 16 211.66 35110.2644
0.44 0.45 17 243.55 73977.4875
0.44 0.45 18 284.36 70510.2504
0.44 0.45 19 313.14 120384.1204
0.45 0.46 0 58.58 3439.4236
0.45 0.46 1 86.25 9410.9475
0.45 0.46 2 96.17 8392.8211
0.45 0.46 3 108.02 18313.0196
0.45 0.46 4 99.36 11635.3304
0.45 0.46 5 112.03 10277.4091
0.45 0.46 6 138.21 20456.4259
0.45 0.46 7 119.51 14154.2899
0.45 0.46 8 142.24 19409.9424
0.45 0.46 9 158.06 21431.3964
0.45 0.46 10 144.4 24530.94
0.45 0.46 11 189.74 30996.4124
0.45 0.46 12 200.55 40871.2675
0.45 0.46 13 212.81 44219.8739
0.45 0.46 14 191.91 35150.2619
0.45 0.46 15 259.19 62458.8539
0.45 0.46 16 239.48 61245.8496
0.45 0.46 17 230.09 51958.1419
0.45 0.46 18 276.08 77904.2336
0.45 0.46 19 273.12 57055.5856
0.46 0.47 0 66.98 3968.1996
0.46 0.47 1 75.66 4216.2844
0.46 0.47 2 118.29 15265.9059
0.46 0.47 3 99.22 7207.9516
0.46 0.47 4 100.03 11704.2291
0.46 0.47 5 109.53 12843.0691
0.46 0.47 6 97.3 9709.23
0.46 0.47 7 113.34 11845.2644
0.46 0.47 8 115.64 17163.5904
0.46 0.47 9 134.83 21355.8211
0.46 0.47 10 154.43 20513.7651
0.46 0.47 11 158.78 23345.2716
0.46 0.47 12 185.95 29883.2275
0.46 0.47 13 231.51 50066.9299
0.46 0.47 14 174.56 24318.0064
0.46 0.47 15 234.38 86373.5556
0.46 0.47 16 234.47 52608.0491
0.46 0.47 17 246.57 67738.5251
0.46 0.47 18 255.87 86005.1731
0.46 0.47 19 373.35 123567.6675
0.47 0.48 0 53.53 2387.2291
0.47 0.48 1 84.11 5382.0979
0.47 0.48 2 114.02 9886.3796
0.47 0.48 3 133.96 20907.4784
0.47 0.48 4 106.64 10143.5904
0.47 0.48 5 88.77 9452.9771
0.47 0.48 6 113.63 9453.9331
0.47 0.48 7 125.18 15930.8876
0.47 0.48 8 138.31 17663.6339
0.47 0.48 9 140.76 14114.5824
0.47 0.48 10 158.1 25363.27
0.47 0.48 11 190.87 35053.0531
0.47 0.48 12 213.93 48263.6251
0.47 0.48 13 239.9 62339.05
0.47 0.48 14 243.61 85903.9379
0.47 0.48 15 219.18 61012.8676
0.47 0.48 16 269.31 74818.8939
0.47 0.48 17 267.71 54493.2659
0.47 0.48 18 298.32 77251.4776
0.47 0.48 19 308.31 75621.1939
0.48 0.49 0 72.42 4581.2036
0.48 0.49 1 74.16 4513.4144
0.48 0.49 2 110.53 8638.2691
0.48 0.49 3 89.17 7933.0611
0.48 0.49 4 84.56 5660.1464
0.48 0.49 5 77.36 5720.7704
0.48 0.49 6 84.47 4458.1691
0.48 0.49 7 107.1 10612.55
0.48 0.49 8 144.07 22249.8851
0.48 0.49 9 126.56 12540.2864
0.48 0.49 10 124.69 14904.4539
0.48 0.49 11 156.49 25041.3699
0.48 0.49 12 175.27 27733.7571
0.48 0.49 13 186.93 41372.8651
0.48 0.49 14 187.18 59464.6876
0.48 0.49 15 206.24 41202.6224
0.48 0.49 16 224.93 39722.0851
0.48 0.49 17 200.04 42228.4984
0.48 0.49 18 233.38 53034.4956
0.48 0.49 19 215.4 42074.64
0.49 0.5 0 66.78 5146.5516
0.49 0.5 1 111.45 8862.8075
0.49 0.5 2 99.2 8869.58
0.49 0.5 3 84.72 6969.3816
0.49 0.5 4 95.43 7559.1051
0.49 0.5 5 89.33 9139.2811
0.49 0.5 6 92.99 5719.0099
0.49 0.5 7 97.56 11883.1064
0.49 0.5 8 106.03 9664.0291
0.49 0.5 9 147.84 20435.6144
0.49 0.5 10 150.51 18136.7499
0.49 0.5 11 147.36 23453.1104
0.49 0.5 12 153.46 25665.3284
0.49 0.5 13 210.11 43501.7779
0.49 0.5 14 178.72 32012.3016
0.49 0.5 15 237.56 54418.9864
0.49 0.5 16 210.9 36619.55
0.49 0.5 17 206.53 36716.9491
0.49 0.5 18 208.88 49881.1056
0.49 0.5 19 213.06 66278.9364
0.5 0.51 0 66.96 3994.3784
0.5 0.51 1 107.55 10782.7075
0.5 0.51 2 94.57 7541.8051
0.5 0.51 3 84.54 6761.3084
0.5 0.51 4 74.03 5251.8491
0.5 0.51 5 74.14 5580.9604
0.5 0.51 6 80.12 6427.7856
0.5 0.51 7 96.41 13994.7819
0.5 0.51 8 90.43 7768.8051
0.5 0.51 9 100.89 10835.1379
0.5 0.51 10 113.26 16418.5724
0.5 0.51 11 127.65 17673.4875
0.5 0.51 12 134.98 25421.2596
0.5 0.51 13 168.45 28342.5875
0.5 0.51 14 146.85 27872.7275
0.5 0.51 15 140.83 17577.2011
0.5 0.51 16 166.34 29361.7644
0.5 0.51 17 189.39 35725.3379
0.5 0.51 18 178.01 39692.4699
0.5 0.51 19 191.7 42265.17
0.51 0.52 0 72.78 6336.8916
0.51 0.52 1 147.9 27506.39
0.51 0.52 2 112.08 15644.0136
0.51 0.52 3 83.02 11225.7796
0.51 0.52 4 84.96 6126.3184
0.51 0.52 5 77.37 6005.0531
0.51 0.52 6 73.16 5038.7144
0.51 0.52 7 78.41 4829.3619
0.51 0.52 8 83.8 7116.8
0.51 0.52 9 94.47 8284.2891
0.51 0.52 10 94.45 10511.2075
0.51 0.52 11 106.22 12007.8916
0.51 0.52 12 117.27 8738.1171
0.51 0.52 13 133.94 13168.8564
0.51 0.52 14 139.5 27491.83
0.51 0.52 15 155.07 35334.1651
0.51 0.52 16 165.85 27803.9075
0.51 0.52 17 165.04 25759.7984
0.51 0.52 18 166.08 35039.6136
0.51 0.52 19 214.74 44353.0324
0.52 0.53 0 60.82 2777.8476
0.52 0.53 1 149.41 30660.5219
0.52 0.53 2 165.02 40941.8996
0.52 0.53 3 117.27 16834.5771
0.52 0.53 4 91.18 9165.9276
0.52 0.53 5 76.14 4541.2404
0.52 0.53 6 77.09 5199.7419
0.52 0.53 7 109.84 14192.9144
0.52 0.53 8 141.94 21419.1564
0.52 0.53 9 107.21 12478.7059
0.52 0.53 10 149.92 19697.6536
0.52 0.53 11 135.56 16816.4664
0.52 0.53 12 196.96 28541.6384
0.52 0.53 13 176.17 26569.5011
0.52 0.53 14 168.74 24346.3924
0.52 0.53 15 224.57 38808.7451
0.52 0.53 16 241.27 52842.3571
0.52 0.53 17 233.05 61074.4275
0.52 0.53 18 237.25 52421.9475
0.52 0.53 19 258.36 64976.1504
0.53 0.54 0 69.49 5376.9899
0.53 0.54 1 144.34 30657.5844
0.53 0.54 2 116.11 25821.7779
0.53 0.54 3 96.54 10346.1484
0.53 0.54 4 86.84 6242.8944
0.53 0.54 5 67.39 3650.9379
0.53 0.54 6 82.59 5945.3619
0.53 0.54 7 93.62 6621.8756
0.53 0.54 8 88.46 5345.1084
0.53 0.54 9 97.0 11148.16
0.53 0.54 10 111.09 9754.0019
0.53 0.54 11 107.19 11478.7739
0.53 0.54 12 135.82 13042.1076
0.53 0.54 13 137.44 29458.9064
0.53 0.54 14 150.02 22044.0996
0.53 0.54 15 184.71 37212.6059
0.53 0.54 16 170.3 30937.65
0.53 0.54 17 158.02 18361.6796
0.53 0.54 18 193.03 36548.1091
0.53 0.54 19 186.83 23890.7011
0.54 0.55 0 56.21 3428.2459
0.54 0.55 1 140.46 26686.4284
0.54 0.55 2 118.62 18582.4156
0.54 0.55 3 96.51 11238.3299
0.54 0.55 4 83.16 11164.4944
0.54 0.55 5 84.23 11003.1571
0.54 0.55 6 78.78 7497.1116
0.54 0.55 7 84.49 8431.8099
0.54 0.55 8 95.94 8263.8164
0.54 0.55 9 103.86 11130.8004
0.54 0.55 10 115.0 11939.12
0.54 0.55 11 98.36 9757.0904
0.54 0.55 12 143.39 22628.7179
0.54 0.55 13 134.73 17059.5971
0.54 0.55 14 144.71 22384.6459
0.54 0.55 15 166.03 31587.4491
0.54 0.55 16 176.57 28601.4451
0.54 0.55 17 168.98 27692.5796
0.54 0.55 18 184.73 31130.7371
0.54 0.55 19 240.15 46368.9075
0.55 0.56 0 58.59 4826.1019
0.55 0.56 1 132.34 12801.9244
0.55 0.56 2 96.8 16475.96
0.55 0.56 3 90.39 7627.9579
0.55 0.56 4 93.15 9783.2475
0.55 0.56 5 93.49 12216.5099
0.55 0.56 6 119.8 26639.94
0.55 0.56 7 119.82 22490.6476
0.55 0.56 8 131.19 15519.5539
0.55 0.56 9 146.0 28957.06
0.55 0.56 10 139.86 47636.9204
0.55 0.56 11 127.35 18617.6475
0.55 0.56 12 207.23 91798.6971
0.55 0.56 13 215.43 40060.2851
0.55 0.56 14 177.32 55786.0376
0.55 0.56 15 256.77 101340.0771
0.55 0.56 16 184.23 34960.3371
0.55 0.56 17 220.11 53201.1979
0.55 0.56 18 256.78 118981.0116
0.55 0.56 19 224.04 57506.6384
0.56 0.57 0 75.66 4882.8244
0.56 0.57 1 131.44 15775.5864
0.56 0.57 2 109.27 12353.5371
0.56 0.57 3 103.21 10268.0059
0.56 0.57 4 99.45 11892.2675
0.56 0.57 5 108.23 16761.3571
0.56 0.57 6 99.77 15227.0171
0.56 0.57 7 99.36 11578.8704
0.56 0.57 8 122.27 18278.8971
0.56 0.57 9 128.0 16929.96
0.56 0.57 10 130.66 25206.3044
0.56 0.57 11 145.74 21896.5324
0.56 0.57 12 125.33 16259.6411
0.56 0.57 13 147.19 32133.2539
0.56 0.57 14 188.14 50645.5404
0.56 0.57 15 193.21 46955.7459
0.56 0.57 16 208.0 81268.98
0.56 0.57 17 192.72 33238.3616
0.56 0.57 18 245.85 71256.2875
0.56 0.57 19 223.93 82034.7051
0.57 0.58 0 60.83 3126.7011
0.57 0.58 1 126.0 13788.78
0.57 0.58 2 115.85 12698.2675
0.57 0.58 3 108.49 12192.7499
0.57 0.58 4 105.6 9500.88
0.57 0.58 5 120.63 12769.2731
0.57 0.58 6 120.65 21005.1275
0.57 0.58 7 148.73 27297.1771
0.57 0.58 8 148.2 24661.14
0.57 0.58 9 184.1 42448.97
0.57 0.58 10 198.47 51236.3291
0.57 0.58 11 143.78 21992.8916
0.57 0.58 12 206.37 72559.8131
0.57 0.58 13 209.9 66008.93
0.57 0.58 14 242.86 78843.7204
0.57 0.58 15 286.46 76804.4684
0.57 0.58 16 279.97 99663.8891
0.57 0.58 17 243.14 58418.9604
0.57 0.58 18 308.78 110375.8116
0.57 0.58 19 352.87 226694.1331
0.58 0.59 0 63.15 2779.0675
0.58 0.59 1 123.86 14198.4604
0.58 0.59 2 109.52 12388.5496
0.58 0.59 3 99.43 6959.2051
0.58 0.59 4 89.4 9740.54
0.58 0.59 5 99.32 9942.0376
0.58 0.59 6 124.9 18169.33
0.58 0.59 7 126.48 25731.7696
0.58 0.59 8 127.62 16572.8956
0.58 0.59 9 149.34 28689.2444
0.58 0.59 10 159.44 35672.8664
0.58 0.59 11 207.54 50865.1684
0.58 0.59 12 214.15 41819.4475
0.58 0.59 13 210.46 57333.5484
0.58 0.59 14 217.05 57593.0675
0.58 0.59 15 240.63 70825.8731
0.58 0.59 16 229.37 75436.8531
0.58 0.59 17 290.06 97707.6964
0.58 0.59 18 369.02 165987.3596
0.58 0.59 19 317.51 100981.4899
0.59 0.6 0 82.8 6014.58
0.59 0.6 1 111.41 13561.3819
0.59 0.6 2 97.22 8604.9716
0.59 0.6 3 109.06 10563.3964
0.59 0.6 4 105.05 12425.0875
0.59 0.6 5 110.24 12790.5224
0.59 0.6 6 124.36 17681.6104
0.59 0.6 7 129.97 19280.5091
0.59 0.6 8 122.63 15176.8931
0.59 0.6 9 129.53 15401.7291
0.59 0.6 10 136.27 16695.6371
0.59 0.6 11 140.22 16926.6716
0.59 0.6 12 164.07 28695.6651
0.59 0.6 13 214.54 65947.9084
0.59 0.6 14 182.63 42385.8331
0.59 0.6 15 218.37 53895.8531
0.59 0.6 16 238.94 98000.3164
0.59 0.6 17 239.29 71137.2459
0.59 0.6 18 297.48 114356.5096
0.59 0.6 19 237.08 91369.2736
0.6 0.61 0 62.82 4713.2276
0.6 0.61 1 127.41 11934.0419
0.6 0.61 2 92.6 7763.8
0.6 0.61 3 99.58 10942.5236
0.6 0.61 4 121.71 16627.0059
0.6 0.61 5 96.87 10198.0531
0.6 0.61 6 113.0 13126.12
0.6 0.61 7 104.25 9849.7675
0.6 0.61 8 139.67 26429.2411
0.6 0.61 9 155.91 27850.0819
0.6 0.61 10 185.07 31983.7651
0.6 0.61 11 162.64 28510.7304
0.6 0.61 12 186.9 32214.31
0.6 0.61 13 227.07 44752.8851
0.6 0.61 14 254.25 75165.5675
0.6 0.61 15 320.98 104178.0196
0.6 0.61 16 255.33 106386.2811
0.6 0.61 17 279.64 107322.3504
0.6 0.61 18 229.47 46497.6491
0.6 0.61 19 312.43 83665.7251
0.61 0.62 0 59.87 3195.7331
0.61 0.62 1 142.7 19213.95
0.61 0.62 2 98.9 8568.91
0.61 0.62 3 88.2 6955.56
0.61 0.62 4 101.21 14136.6059
0.61 0.62 5 102.52 9634.5496
0.61 0.62 6 98.43 10391.3251
0.61 0.62 7 116.66 12573.5244
0.61 0.62 8 143.6 17891.56
0.61 0.62 9 120.34 17853.8444
0.61 0.62 10 136.51 18702.0499
0.61 0.62 11 166.33 30595.9811
0.61 0.62 12 186.05 45681.0275
0.61 0.62 13 176.57 33454.5651
0.61 0.62 14 216.05 53760.6275
0.61 0.62 15 228.86 67967.6604
0.61 0.62 16 316.82 137955.5476
0.61 0.62 17 209.09 47214.0619
0.61 0.62 18 257.08 70664.7536
0.61 0.62 19 280.88 75268.3256
0.62 0.63 0 61.96 3589.9384
0.62 0.63 1 132.72 21484.0016
0.62 0.63 2 104.83 9024.3811
0.62 0.63 3 83.32 9429.7576
0.62 0.63 4 91.92 9477.2736
0.62 0.63 5 84.78 8233.7716
0.62 0.63 6 92.55 7449.7875
0.62 0.63 7 74.05 4176.4875
0.62 0.63 8 110.52 10616.5296
0.62 0.63 9 83.04 7636.5584
0.62 0.63 10 118.86 27117.4604
0.62 0.63 11 81.15 9729.8275
0.62 0.63 12 130.11 20177.8379
0.62 0.63 13 119.81 15016.7539
0.62 0.63 14 156.17 35128.8611
0.62 0.63 15 182.25 38576.8875
0.62 0.63 16 152.93 27976.9451
0.62 0.63 17 147.9 27467.69
0.62 0.63 18 203.28 47484.5616
0.62 0.63 19 157.83 28308.0011
0.63 0.64 0 61.49 3262.7899
0.63 0.64 1 117.2 15544.14
0.63 0.64 2 97.63 9458.1331
0.63 0.64 3 97.51 8128.6899
0.63 0.64 4 122.74 14517.1124
0.63 0.64 5 134.89 38361.0379
0.63 0.64 6 142.13 36013.4131
0.63 0.64 7 165.83 39301.1811
0.63 0.64 8 167.91 37760.2219
0.63 0.64 9 196.41 56871.2619
0.63 0.64 10 216.61 79310.8579
0.63 0.64 11 245.92 86221.9736
0.63 0.64 12 207.24 56517.7224
0.63 0.64 13 231.69 100814.4339
0.63 0.64 14 286.19 94375.6339
0.63 0.64 15 299.96 127984.5984
0.63 0.64 16 270.55 120389.4675
0.63 0.64 17 336.13 139261.6331
0.63 0.64 18 354.54 126418.2284
0.63 0.64 19 350.62 142484.5556
0.64 0.65 0 59.55 3286.5475
0.64 0.65 1 115.38 13512.2156
0.64 0.65 2 111.06 15341.8564
0.64 0.65 3 119.36 18212.0704
0.64 0.65 4 129.41 18837.9819
0.64 0.65 5 105.22 15535.4716
0.64 0.65 6 106.83 10796.2411
0.64 0.65 7 130.99 23519.3299
0.64 0.65 8 139.08 23600.4536
0.64 0.65 9 155.56 27243.3064
0.64 0.65 10 177.42 36728.0636
0.64 0.65 11 176.45 76512.5275
0.64 0.65 12 207.08 42280.0936
0.64 0.65 13 189.23 49511.4771
0.64 0.65 14 238.65 73601.6675
0.64 0.65 15 224.03 55956.0291
0.64 0.65 16 222.29 65540.4059
0.64 0.65 17 215.84 56915.9744
0.64 0.65 18 247.24 72113.1424
0.64 0.65 19 306.59 99978.0419
0.65 0.66 0 63.57 3718.7851
0.65 0.66 1 116.28 17069.4416
0.65 0.66 2 95.45 6563.7875
0.65 0.66 3 103.25 10059.3275
0.65 0.66 4 102.35 11610.8475
0.65 0.66 5 93.5 9132.95
0.65 0.66 6 96.32 8336.2776
0.65 0.66 7 95.38 9569.9156
0.65 0.66 8 114.69 12639.7339
0.65 0.66 9 126.26 14292.4124
0.65 0.66 10 178.36 29798.9904
0.65 0.66 11 128.98 24802.0396
0.65 0.66 12 157.22 25721.3916
0.65 0.66 13 181.45 41008.5875
0.65 0.66 14 200.62 46515.8156
0.65 0.66 15 214.87 62258.2731
0.65 0.66 16 254.22 65252.0116
0.65 0.66 17 255.09 70356.8019
0.65 0.66 18 228.75 50732.9275
0.65 0.66 19 246.54 80222.1484
0.66 0.67 0 61.65 4476.7875
0.66 0.67 1 115.23 15367.9171
0.66 0.67 2 92.5 8356.09
0.66 0.67 3 115.48 15071.6296
0.66 0.67 4 90.26 11728.9324
0.66 0.67 5 126.38 16679.1956
0.66 0.67 6 134.62 19339.1956
0.66 0.67 7 153.35 29474.7875
0.66 0.67 8 128.34 18424.1244
0.66 0.67 9 139.91 21131.5619
0.66 0.67 10 181.48 34885.9896
0.66 0.67 11 202.06 41446.9764
0.66 0.67 12 184.85 49498.9275
0.66 0.67 13 212.58 82718.1436
0.66 0.67 14 224.18 60503.0076
0.66 0.67 15 231.26 71145.9324
0.66 0.67 16 240.28 73379.9416
0.66 0.67 17 300.53 106427.1891
0.66 0.67 18 316.74 100027.0924
0.66 0.67 19 302.95 104985.3075
0.67 0.68 0 66.79 3482.1459
0.67 0.68 1 99.13 8962.1931
0.67 0.68 2 100.44 10510.0064
0.67 0.68 3 104.82 9769.8676
0.67 0.68 4 98.34 10260.4844
0.67 0.68 5 72.54 5787.1884
0.67 0.68 6 90.23 9558.8771
0.67 0.68 7 103.21 14050.8459
0.67 0.68 8 111.04 13050.9984
0.67 0.68 9 103.1 19377.23
0.67 0.68 10 113.53 15730.3491
0.67 0.68 11 153.51 21291.8299
0.67 0.68 12 144.34 28163.7244
0.67 0.68 13 127.42 19148.8236
0.67 0.68 14 164.58 34033.2836
0.67 0.68 15 157.42 22073.3436
0.67 0.68 16 172.46 26136.5084
0.67 0.68 17 197.02 45830.7196
0.67 0.68 18 191.1 37495.53
0.67 0.68 19 195.96 58240.8584
0.68 0.69 0 65.31 3527.4139
0.68 0.69 1 139.17 20930.2411
0.68 0.69 2 82.6 7148.52
0.68 0.69 3 95.33 11164.6811
0.68 0.69 4 87.09 5154.9219
0.68 0.69 5 76.71 6072.3659
0.68 0.69 6 84.79 6303.6259
0.68 0.69 7 95.91 9658.9019
0.68 0.69 8 113.86 19058.9604
0.68 0.69 9 106.73 15217.5971
0.68 0.69 10 117.16 13123.9944
0.68 0.69 11 136.13 18190.1331
0.68 0.69 12 160.71 31250.2259
0.68 0.69 13 143.42 17325.9436
0.68 0.69 14 160.23 37394.0971
0.68 0.69 15 149.7 24535.43
0.68 0.69 16 208.77 49332.9971
0.68 0.69 17 199.66 34814.5444
0.68 0.69 18 192.2 32199.38
0.68 0.69 19 236.23 59073.1771
0.69 0.7 0 70.74 4975.0724
0.69 0.7 1 82.6 6374.16
0.69 0.7 2 98.6 11037.06
0.69 0.7 3 93.41 7375.9019
0.69 0.7 4 68.8 4156.42
0.69 0.7 5 84.16 5516.2744
0.69 0.7 6 136.09 17578.8619
0.69 0.7 7 119.26 18278.4724
0.69 0.7 8 150.96 24523.3984
0.69 0.7 9 185.85 36140.4675
0.69 0.7 10 185.48 35328.3896
0.69 0.7 11 184.62 45972.0956
0.69 0.7 12 186.96 26475.2384
0.69 0.7 13 277.36 94890.4304
0.69 0.7 14 240.69 69437.3139
0.69 0.7 15 243.0 109625.64
0.69 0.7 16 241.16 58014.6544
0.69 0.7 17 333.34 107932.8644
0.69 0.7 18 267.9 78771.39
0.69 0.7 19 379.97 170481.8691
0.7 0.71 0 67.69 4755.0339
0.7 0.71 1 105.23 14728.5171
0.7 0.71 2 115.76 18354.5224
0.7 0.71 3 99.77 9890.9371
0.7 0.71 4 77.43 5006.0851
0.7 0.71 5 105.09 9354.4819
0.7 0.71 6 83.53 6156.3091
0.7 0.71 7 91.79 8123.4459
0.7 0.71 8 115.51 10575.4899
0.7 0.71 9 120.67 16500.6411
0.7 0.71 10 152.03 19281.6691
0.7 0.71 11 137.01 11298.8699
0.7 0.71 12 147.38 20464.0956
0.7 0.71 13 151.35 19434.6275
0.7 0.71 14 178.3 29255.71
0.7 0.71 15 171.47 32976.2291
0.7 0.71 16 226.98 43290.1596
0.7 0.71 17 207.48 26440.8696
0.7 0.71 18 185.06 34290.6164
0.7 0.71 19 235.13 48861.8931
0.71 0.72 0 66.14 4153.9804
0.71 0.72 1 133.5 19663.71
0.71 0.72 2 113.16 13631.0544
0.71 0.72 3 85.92 9841.6936
0.71 0.72 4 83.46 7628.4484
0.71 0.72 5 77.01 4965.7299
0.71 0.72 6 92.68 7462.1976
0.71 0.72 7 88.22 9855.7316
0.71 0.72 8 111.26 15860.1924
0.71 0.72 9 93.04 8749.5584
0.71 0.72 10 115.27 9938.2971
0.71 0.72 11 122.7 13609.61
0.71 0.72 12 126.31 13612.9539
0.71 0.72 13 150.14 21140.3004
0.71 0.72 14 131.47 27239.0091
0.71 0.72 15 166.38 30290.9556
0.71 0.72 16 170.61 27944.8779
0.71 0.72 17 153.99 18049.3299
0.71 0.72 18 180.49 27901.6699
0.71 0.72 19 196.25 41519.0875
0.72 0.73 0 54.51 2804.2899
0.72 0.73 1 114.29 13501.5059
0.72 0.73 2 120.96 13877.4384
0.72 0.73 3 102.18 8737.3676
0.72 0.73 4 85.78 6318.1916
0.72 0.73 5 79.55 6059.5075
0.72 0.73 6 101.48 9063.8296
0.72 0.73 7 112.02 11049.3996
0.72 0.73 8 116.98 15055.2396
0.72 0.73 9 135.66 15839.3444
0.72 0.73 10 158.69 17489.9739
0.72 0.73 11 139.78 19995.1716
0.72 0.73 12 202.59 31141.5219
0.72 0.73 13 172.21 22504.4659
0.72 0.73 14 145.07 16854.6051
0.72 0.73 15 236.78 45528.6116
0.72 0.73 16 229.62 49832.8556
0.72 0.73 17 236.93 48290.6451
0.72 0.73 18 231.71 48797.4859
0.72 0.73 19 285.14 57404.4604
0.73 0.74 0 61.79 4489.3859
0.73 0.74 1 88.39 8983.4379
0.73 0.74 2 88.3 10191.13
0.73 0.74 3 66.23 3647.7771
0.73 0.74 4 72.53 7607.0291
0.73 0.74 5 59.9 2447.41
0.73 0.74 6 64.82 3179.8476
0.73 0.74 7 76.89 5668.6579
0.73 0.74 8 82.67 6063.2411
0.73 0.74 9 79.9 8382.77
0.73 0.74 10 99.15 8931.0275
0.73 0.74 11 118.77 15123.3171
0.73 0.74 12 92.05 5466.2475
0.73 0.74 13 131.21 15943.9059
0.73 0.74 14 121.53 19996.6491
0.73 0.74 15 144.07 17829.9251
0.73 0.74 16 126.44 13122.1664
0.73 0.74 17 180.51 35276.5899
0.73 0.74 18 158.75 14707.4475
0.73 0.74 19 177.57 30397.8451
0.74 0.75 0 60.64 2549.0304
0.74 0.75 1 95.82 12685.1676
0.74 0.75 2 81.48 7303.4696
0.74 0.75 3 73.36 4681.4304
0.74 0.75 4 63.7 4478.25
0.74 0.75 5 55.27 4364.7771
0.74 0.75 6 55.38 2611.3756
0.74 0.75 7 67.99 5199.2299
0.74 0.75 8 67.32 3834.6376
0.74 0.75 9 72.49 6677.8699
0.74 0.75 10 81.81 7590.8939
0.74 0.75 11 86.5 8435.35
0.74 0.75 12 116.96 13635.9984
0.74 0.75 13 121.19 13793.0539
0.74 0.75 14 131.61 18890.0979
0.74 0.75 15 152.5 29333.67
0.74 0.75 16 147.28 30230.6616
0.74 0.75 17 139.5 20079.13
0.74 0.75 18 125.21 16631.0659
0.74 0.75 19 146.03 18659.9091
0.75 0.76 0 64.1 4293.17
0.75 0.76 1 112.35 8579.3275
0.75 0.76 2 103.98 9591.7196
0.75 0.76 3 103.77 8787.5571
0.75 0.76 4 117.94 12065.3564
0.75 0.76 5 103.78 10347.6516
0.75 0.76 6 122.1 11938.21
0.75 0.76 7 157.14 21939.7404
0.75 0.76 8 156.69 22033.2939
0.75 0.76 9 193.21 25405.9259
0.75 0.76 10 178.2 27329.7
0.75 0.76 11 236.94 43067.7764
0.75 0.76 12 232.65 47134.3875
0.75 0.76 13 253.27 73849.0171
0.75 0.76 14 206.61 40954.3579
0.75 0.76 15 312.85 89982.4875
0.75 0.76 16 327.67 64345.7211
0.75 0.76 17 300.04 82312.4784
0.75 0.76 18 319.13 111758.6731
0.75 0.76 19 320.97 153597.9891
0.76 0.77 0 64.8 3942.58
0.76 0.77 1 82.33 5679.8011
0.76 0.77 2 95.64 8054.6904
0.76 0.77 3 108.81 10379.0339
0.76 0.77 4 101.85 9057.1675
0.76 0.77 5 97.02 6985.6596
0.76 0.77 6 127.07 16685.6451
0.76 0.77 7 121.97 13796.8691
0.76 0.77 8 119.02 20401.9596
0.76 0.77 9 134.43 16033.6251
0.76 0.77 10 182.8 26436.06
0.76 0.77 11 172.67 32680.3611
0.76 0.77 12 212.14 42830.3404
0.76 0.77 13 190.7 46454.55
0.76 0.77 14 225.58 48343.6236
0.76 0.77 15 210.54 41736.4484
0.76 0.77 16 231.49 59504.5299
0.76 0.77 17 243.42 57420.7236
0.76 0.77 18 254.94 66128.4964
0.76 0.77 19 273.16 56158.8144
0.77 0.78 0 76.91 4555.3019
0.77 0.78 1 81.05 8099.3475
0.77 0.78 2 104.09 10254.2619
0.77 0.78 3 112.39 11528.6779
0.77 0.78 4 122.59 12513.0819
0.77 0.78 5 110.82 10794.7276
0.77 0.78 6 137.57 22490.0251
0.77 0.78 7 158.39 23972.4179
0.77 0.78 8 156.85 19543.5275
0.77 0.78 9 163.32 22588.2376
0.77 0.78 10 184.01 24265.7699
0.77 0.78 11 191.63 35012.3331
0.77 0.78 12 178.53 22986.4691
0.77 0.78 13 208.71 38107.5659
0.77 0.78 14 244.48 81722.5696
0.77 0.78 15 224.16 39489.1344
0.77 0.78 16 249.09 45818.7219
0.77 0.78 17 272.26 64622.2924
0.77 0.78 18 313.62 116837.7356
0.77 0.78 19 294.18 86125.1076
0.78 0.79 0 52.65 2724.9875
0.78 0.79 1 86.0 7052.42
0.78 0.79 2 118.75 16265.2475
0.78 0.79 3 110.88 13017.3256
0.78 0.79 4 95.15 11049.2875
0.78 0.79 5 94.3 8384.91
0.78 0.79 6 116.74 13062.7524
0.78 0.79 7 134.85 19748.0675
0.78 0.79 8 104.02 12197.4196
0.78 0.79 9 140.0 21830.6
0.78 0.79 10 147.36 18030.7304
0.78 0.79 11 158.23 83972.2771
0.78 0.79 12 143.85 17580.7875
0.78 0.79 13 202.31 41571.7339
0.78 0.79 14 222.35 59911.5875
0.78 0.79 15 243.72 72056.5416
0.78 0.79 16 219.88 60376.7456
0.78 0.79 17 206.26 34488.3524
0.78 0.79 18 216.4 46978.22
0.78 0.79 19 180.06 28090.7764
0.79 0.8 0 81.67 5883.2211
0.79 0.8 1 114.47 13559.2291
0.79 0.8 2 107.64 9323.4104
0.79 0.8 3 90.14 10986.1604
0.79 0.8 4 92.62 6948.4956
0.79 0.8 5 81.35 6116.3875
0.79 0.8 6 91.79 9232.0459
0.79 0.8 7 105.82 15267.0876
0.79 0.8 8 106.94 13623.2164
0.79 0.8 9 135.21 16001.8259
0.79 0.8 10 134.52 15863.0896
0.79 0.8 11 146.19 26761.3139
0.79 0.8 12 182.51 33377.6699
0.79 0.8 13 153.99 31126.0699
0.79 0.8 14 135.87 18309.8331
0.79 0.8 15 196.15 35696.2475
0.79 0.8 16 199.21 42293.4659
0.79 0.8 17 259.79 63807.6059
0.79 0.8 18 243.34 58809.4044
0.79 0.8 19 212.21 45678.7059
0.8 0.81 0 75.43 5226.7451
0.8 0.81 1 91.76 8210.3024
0.8 0.81 2 161.32 20309.3776
0.8 0.81 3 174.81 25260.5539
0.8 0.81 4 151.02 23958.3796
0.8 0.81 5 172.83 28157.9411
0.8 0.81 6 217.65 39050.5275
0.8 0.81 7 220.17 63687.2811
0.8 0.81 8 246.01 67866.6699
0.8 0.81 9 280.69 132987.8339
0.8 0.81 10 289.66 78913.4044
0.8 0.81 11 356.15 134653.2475
0.8 0.81 12 383.66 135218.3044
0.8 0.81 13 362.55 133599.2075
0.8 0.81 14 363.07 113813.8251
0.8 0.81 15 387.16 199938.9544
0.8 0.81 16 455.21 202046.2259
0.8 0.81 17 521.16 385463.9344
0.8 0.81 18 512.07 237314.6851
0.8 0.81 19 457.98 205041.3196
0.81 0.82 0 74.26 8779.7124
0.81 0.82 1 104.1 14054.27
0.81 0.82 2 154.52 24476.3296
0.81 0.82 3 172.4 29791.98
0.81 0.82 4 225.71 60189.6459
0.81 0.82 5 171.74 32766.5124
0.81 0.82 6 153.54 28064.6084
0.81 0.82 7 207.19 57833.1139
0.81 0.82 8 227.09 57969.0819
0.81 0.82 9 196.76 38711.2024
0.81 0.82 10 226.88 55919.9856
0.81 0.82 11 224.71 51369.5259
0.81 0.82 12 277.87 71325.0331
0.81 0.82 13 360.11 112768.9979
0.81 0.82 14 360.58 96468.1836
0.81 0.82 15 325.74 130187.3524
0.81 0.82 16 324.87 84525.9331
0.81 0.82 17 502.97 292427.3891
0.81 0.82 18 434.91 156281.0619
0.81 0.82 19 488.88 272280.7856
0.82 0.83 0 57.08 2640.3536
0.82 0.83 1 113.75 11243.1075
0.82 0.83 2 134.25 17416.3675
0.82 0.83 3 153.74 29117.7524
0.82 0.83 4 183.05 22531.7475
0.82 0.83 5 221.67 44449.9211
0.82 0.83 6 214.12 41002.9256
0.82 0.83 7 280.38 76850.0356
0.82 0.83 8 281.47 83018.0491
0.82 0.83 9 307.31 128409.0339
0.82 0.83 10 298.45 86521.2075
0.82 0.83 11 358.83 135846.4611
0.82 0.83 12 424.23 245896.6571
0.82 0.83 13 422.62 160543.1156
0.82 0.83 14 466.46 197808.3284
0.82 0.83 15 460.16 218963.1944
0.82 0.83 16 567.37 321693.3131
0.82 0.83 17 491.69 246425.7739
0.82 0.83 18 602.42 418761.4236
0.82 0.83 19 598.41 328117.0419
0.83 0.84 0 73.09 4148.7819
0.83 0.84 1 108.59 11221.9219
0.83 0.84 2 123.43 14447.6051
0.83 0.84 3 154.47 24646.6491
0.83 0.84 4 199.37 36870.3931
0.83 0.84 5 146.55 18818.3675
0.83 0.84 6 168.28 26187.3416
0.83 0.84 7 251.27 68001.6971
0.83 0.84 8 221.08 76996.9136
0.83 0.84 9 292.71 81271.5059
0.83 0.84 10 248.08 88364.9336
0.83 0.84 11 420.14 174728.1804
0.83 0.84 12 404.97 136889.0891
0.83 0.84 13 381.67 201798.5411
0.83 0.84 14 443.32 247662.0176
0.83 0.84 15 428.93 205614.0251
0.83 0.84 16 443.6 262869.38
0.83 0.84 17 482.23 202374.0771
0.83 0.84 18 477.7 213971.69
0.83 0.84 19 552.91 309025.2219
0.84 0.85 0 78.71 9149.1259
0.84 0.85 1 91.83 9530.1411
0.84 0.85 2 116.68 17845.5376
0.84 0.85 3 165.94 20710.4764
0.84 0.85 4 136.74 21621.1324
0.84 0.85 5 145.5 18277.79
0.84 0.85 6 158.96 42378.7384
0.84 0.85 7 171.43 29374.8051
0.84 0.85 8 234.1 51347.85
0.84 0.85 9 243.42 64565.4436
0.84 0.85 10 237.82 54244.3076
0.84 0.85 11 286.3 83599.65
0.84 0.85 12 303.37 110808.8531
0.84 0.85 13 294.08 112065.5736
0.84 0.85 14 291.96 75614.6384
0.84 0.85 15 355.76 135664.4224
0.84 0.85 16 361.67 135148.1011
0.84 0.85 17 373.52 128904.7896
0.84 0.85 18 397.05 200329.3275
0.84 0.85 19 458.69 180186.9739
0.85 0.86 0 71.21 6109.3459
0.85 0.86 1 103.3 12289.29
0.85 0.86 2 156.35 23207.4275
0.85 0.86 3 126.56 14446.2064
0.85 0.86 4 143.33 23465.7811
0.85 0.86 5 136.4 15277.8
0.85 0.86 6 137.41 19362.1019
0.85 0.86 7 189.86 36638.1004
0.85 0.86 8 208.37 55994.6331
0.85 0.86 9 221.74 60016.9924
0.85 0.86 10 246.51 71970.7299
0.85 0.86 11 280.88 88719.9656
0.85 0.86 12 266.15 46162.0675
0.85 0.86 13 255.47 71794.6691
0.85 0.86 14 305.87 117825.1931
0.85 0.86 15 363.08 136484.6736
0.85 0.86 16 359.64 115151.8904
0.85 0.86 17 358.25 100272.2475
0.85 0.86 18 401.84 163733.9944
0.85 0.86 19 457.42 177021.1636
0.86 0.87 0 75.65 5374.2475
0.86 0.87 1 101.77 11334.7571
0.86 0.87 2 123.72 16296.8016
0.86 0.87 3 133.66 18069.1644
0.86 0.87 4 119.12 15075.3656
0.86 0.87 5 120.97 15908.8491
0.86 0.87 6 175.11 40151.9379
0.86 0.87 7 138.86 15979.8404
0.86 0.87 8 214.27 39117.3171
0.86 0.87 9 157.88 20983.7256
0.86 0.87 10 220.99 50852.7099
0.86 0.87 11 204.08 37460.0336
0.86 0.87 12 231.5 68049.83
0.86 0.87 13 272.11 82011.6779
0.86 0.87 14 277.98 130486.2596
0.86 0.87 15 256.12 84280.4656
0.86 0.87 16 351.79 128917.8859
0.86 0.87 17 290.87 105606.9931
0.86 0.87 18 379.34 158062.4844
0.86 0.87 19 374.41 182481.0019
0.87 0.88 0 83.1 5984.63
0.87 0.88 1 98.59 10071.8419
0.87 0.88 2 129.68 18486.7176
0.87 0.88 3 143.02 24737.8796
0.87 0.88 4 103.47 10134.4291
0.87 0.88 5 93.89 12041.2979
0.87 0.88 6 102.95 10139.4875
0.87 0.88 7 114.19 10404.7139
0.87 0.88 8 121.53 15063.4891
0.87 0.88 9 126.31 20444.1339
0.87 0.88 10 162.53 32922.8091
0.87 0.88 11 167.56 26999.1264
0.87 0.88 12 190.84 43522.7544
0.87 0.88 13 174.54 46657.5684
0.87 0.88 14 198.25 41454.8275
0.87 0.88 15 229.63 63893.7531
0.87 0.88 16 245.12 76686.0656
0.87 0.88 17 243.28 97777.3816
0.87 0.88 18 226.41 56297.1019
0.87 0.88 19 240.43 68011.6251
0.88 0.89 0 71.53 3733.1491
0.88 0.89 1 90.97 7098.0691
0.88 0.89 2 139.33 15857.4011
0.88 0.89 3 199.35 38328.3675
0.88 0.89 4 187.06 39610.5764
0.88 0.89 5 230.75 55838.7475
0.88 0.89 6 302.85 129492.7075
0.88 0.89 7 258.83 63069.5611
0.88 0.89 8 335.09 139196.5819
0.88 0.89 9 341.28 158350.7216
0.88 0.89 10 369.89 205054.5179
0.88 0.89 11 380.75 192280.2875
0.88 0.89 12 451.22 205951.9516
0.88 0.89 13 404.67 127593.9011
0.88 0.89 14 583.4 453794.62
0.88 0.89 15 488.75 304755.8275
0.88 0.89 16 568.95 332700.0475
0.88 0.89 17 538.13 379503.5331
0.88 0.89 18 763.41 739901.9419
0.88 0.89 19 637.37 344456.3731
0.89 0.9 0 75.2 4485.14
0.89 0.9 1 109.33 10286.7011
0.89 0.9 2 131.77 18874.3971
0.89 0.9 3 178.28 46695.0016
0.89 0.9 4 172.76 44438.1824
0.89 0.9 5 173.82 39218.6076
0.89 0.9 6 211.68 37857.5576
0.89 0.9 7 199.67 44512.8411
0.89 0.9 8 219.12 86796.3256
0.89 0.9 9 223.67 50057.7211
0.89 0.9 10 268.62 66913.1956
0.89 0.9 11 290.22 74752.7916
0.89 0.9 12 318.37 112337.6531
0.89 0.9 13 297.6 87072.38
0.89 0.9 14 382.9 125184.67
0.89 0.9 15 353.33 98008.1011
0.89 0.9 16 429.59 229413.7019
0.89 0.9 17 352.44 157494.3064
0.89 0.9 18 469.2 208978.1
0.89 0.9 19 430.1 258726.93
0.9 0.91 0 68.79 6037.6459
0.9 0.91 1 78.16 6123.5144
0.9 0.91 2 126.05 14585.2275
0.9 0.91 3 127.81 20904.0539
0.9 0.91 4 163.69 24995.5139
0.9 0.91 5 159.38 30880.0356
0.9 0.91 6 159.48 30078.4696
0.9 0.91 7 186.46 46761.7484
0.9 0.91 8 165.36 29566.3504
0.9 0.91 9 160.94 27190.7164
0.9 0.91 10 206.39 44329.8379
0.9 0.91 11 191.73 26976.6571
0.9 0.91 12 277.68 80265.6576
0.9 0.91 13 227.58 64778.6036
0.9 0.91 14 273.87 77369.7331
0.9 0.91 15 242.54 66968.4884
0.9 0.91 16 298.94 87054.3364
0.9 0.91 17 339.48 140966.5296
0.9 0.91 18 335.49 131975.3499
0.9 0.91 19 373.94 153935.4364
0.91 0.92 0 63.29 3485.3059
0.91 0.92 1 87.7 10079.57
0.91 0.92 2 130.7 20051.99
0.91 0.92 3 134.69 21863.7339
0.91 0.92 4 119.08 21855.8936
0.91 0.92 5 147.4 21356.7
0.91 0.92 6 131.29 22260.5659
0.91 0.92 7 204.28 64016.8416
0.91 0.92 8 187.04 31637.4784
0.91 0.92 9 194.21 34036.8459
0.91 0.92 10 199.81 56626.1339
0.91 0.92 11 257.0 107034.66
0.91 0.92 12 296.87 88061.5731
0.91 0.92 13 268.2 79534.76
0.91 0.92 14 304.69 115310.6939
0.91 0.92 15 379.07 165120.9451
0.91 0.92 16 359.72 168990.6616
0.91 0.92 17 454.08 240636.8736
0.91 0.92 18 379.33 242530.1411
0.91 0.92 19 427.14 170071.3404
0.92 0.93 0 64.58 3622.9636
0.92 0.93 1 84.09 7304.5819
0.92 0.93 2 121.61 14543.3179
0.92 0.93 3 100.16 8000.9544
0.92 0.93 4 112.21 15194.6459
0.92 0.93 5 100.45 12604.6675
0.92 0.93 6 103.19 10102.7339
0.92 0.93 7 93.91 11110.3219
0.92 0.93 8 100.13 10788.2131
0.92 0.93 9 104.02 12213.9596
0.92 0.93 10 115.27 16052.7571
0.92 0.93 11 144.97 25730.4091
0.92 0.93 12 147.3 20741.07
0.92 0.93 13 176.82 45921.7876
0.92 0.93 14 210.4 57863.02
0.92 0.93 15 160.11 25152.3379
0.92 0.93 16 188.62 44429.8556
0.92 0.93 17 202.14 31556.2004
0.92 0.93 18 202.67 55970.5411
0.92 0.93 19 211.36 65983.4104
0.93 0.94 0 69.24 5296.5024
0.93 0.94 1 93.65 6729.0475
0.93 0.94 2 134.03 25888.9691
0.93 0.94 3 166.96 30278.6584
0.93 0.94 4 119.08 21010.9736
0.93 0.94 5 109.45 11307.2075
0.93 0.94 6 128.86 14041.9804
0.93 0.94 7 172.65 29660.5875
0.93 0.94 8 153.44 27271.7464
0.93 0.94 9 161.34 31931.9044
0.93 0.94 10 202.55 53960.2075
0.93 0.94 11 205.5 45715.33
0.93 0.94 12 217.61 40672.3179
0.93 0.94 13 226.78 59156.3516
0.93 0.94 14 255.46 69499.9884
0.93 0.94 15 274.32 90962.6576
0.93 0.94 16 308.74 79481.0924
0.93 0.94 17 338.43 114659.3051
0.93 0.94 18 309.15 72446.3475
0.93 0.94 19 358.03 130407.6091
0.94 0.95 0 67.26 4863.6924
0.94 0.95 1 98.45 9847.7875
0.94 0.95 2 136.25 18236.6475
0.94 0.95 3 124.24 15435.0824
0.94 0.95 4 177.6 33458.28
0.94 0.95 5 267.48 105483.4896
0.94 0.95 6 302.23 134179.3571
0.94 0.95 7 325.21 141965.9659
0.94 0.95 8 358.77 155554.4371
0.94 0.95 9 358.15 134311.8275
0.94 0.95 10 464.01 187821.3899
0.94 0.95 11 471.16 257844.1344
0.94 0.95 12 524.23 295180.1571
0.94 0.95 13 435.46 139331.5684
0.94 0.95 14 574.46 322281.3684
0.94 0.95 15 531.46 334598.0084
0.94 0.95 16 558.61 420728.8579
0.94 0.95 17 519.46 225617.1284
0.94 0.95 18 851.78 1069727.8516
0.94 0.95 19 874.51 958153.0699
0.95 0.96 0 75.96 5639.7384
0.95 0.96 1 101.59 8951.2619
0.95 0.96 2 142.33 18719.5611
0.95 0.96 3 146.46 23118.8484
0.95 0.96 4 143.24 26895.3424
0.95 0.96 5 148.95 19997.7675
0.95 0.96 6 179.33 34995.9011
0.95 0.96 7 213.94 49496.2764
0.95 0.96 8 209.71 46916.7859
0.95 0.96 9 193.38 30997.8556
0.95 0.96 10 304.45 88299.3275
0.95 0.96 11 259.58 71627.6836
0.95 0.96 12 270.13 97739.3131
0.95 0.96 13 277.37 85563.7331
0.95 0.96 14 362.02 201415.1196
0.95 0.96 15 385.86 192079.8804
0.95 0.96 16 356.63 117967.1931
0.95 0.96 17 379.57 113190.0051
0.95 0.96 18 454.62 170579.1556
0.95 0.96 19 525.91 349723.4419
0.96 0.97 0 74.22 5454.6916
0.96 0.97 1 90.25 7021.6875
0.96 0.97 2 136.28 16751.8616
0.96 0.97 3 116.7 12991.43
0.96 0.97 4 121.16 21074.2344
0.96 0.97 5 100.32 10105.1176
0.96 0.97 6 101.42 10425.5836
0.96 0.97 7 167.48 24736.5296
0.96 0.97 8 153.78 30994.6116
0.96 0.97 9 181.74 47550.6124
0.96 0.97 10 195.34 31325.1444
0.96 0.97 11 212.13 47344.0531
0.96 0.97 12 188.98 45850.6796
0.96 0.97 13 258.35 81996.7475
0.96 0.97 14 239.24 58110.6424
0.96 0.97 15 221.83 61983.9211
0.96 0.97 16 249.19 77622.8739
0.96 0.97 17 229.84 74959.2144
0.96 0.97 18 319.53 84211.6091
0.96 0.97 19 276.99 96934.6699
0.97 0.98 0 64.44 7750.4064
0.97 0.98 1 85.67 7754.6011
0.97 0.98 2 140.03 21339.0891
0.97 0.98 3 132.38 23546.6556
0.97 0.98 4 107.84 11798.6344
0.97 0.98 5 131.09 16019.1819
0.97 0.98 6 193.24 59130.2024
0.97 0.98 7 197.04 34909.8784
0.97 0.98 8 199.35 43592.9475
0.97 0.98 9 216.67 54125.7011
0.97 0.98 10 269.73 87751.4171
0.97 0.98 11 256.93 70731.8051
0.97 0.98 12 368.08 138389.0736
0.97 0.98 13 314.83 108476.5211
0.97 0.98 14 364.49 124845.8899
0.97 0.98 15 390.37 201781.8531
0.97 0.98 16 407.85 190625.3075
0.97 0.98 17 453.35 270077.5075
0.97 0.98 18 469.05 209767.5875
0.97 0.98 19 511.62 437887.0756
0.98 0.99 0 57.65 3404.5675
0.98 0.99 1 77.06 4590.0764
0.98 0.99 2 89.15 10217.4275
0.98 0.99 3 105.56 11297.7264
0.98 0.99 4 66.86 5709.9004
0.98 0.99 5 79.23 8524.6171
0.98 0.99 6 72.51 5608.8899
0.98 0.99 7 76.13 6798.3331
0.98 0.99 8 96.26 10797.9924
0.98 0.99 9 116.05 13509.3875
0.98 0.99 10 121.8 20152.06
0.98 0.99 11 124.71 14924.4059
0.98 0.99 12 155.31 31060.4939
0.98 0.99 13 191.5 49248.01
0.98 0.99 14 187.27 45032.2171
0.98 0.99 15 203.67 51798.1811
0.98 0.99 16 195.04 47149.6984
0.98 0.99 17 212.61 65497.1179
0.98 0.99 18 167.44 30228.6864
0.98 0.99 19 266.59 82549.3419
0.99 1.0 0 64.81 5379.9539
0.99 1.0 1 57.62 2387.3156
0.99 1.0 2 67.16 4709.0944
0.99 1.0 3 44.42 1382.3836
0.99 1.0 4 42.68 1306.3976
0.99 1.0 5 33.78 620.9716
0.99 1.0 6 35.56 684.1264
0.99 1.0 7 38.41 809.2819
0.99 1.0 8 55.27 3605.7771
0.99 1.0 9 50.06 1775.3164
0.99 1.0 10 52.82 2655.2676
0.99 1.0 11 64.2 3952.58
0.99 1.0 12 64.53 2416.9091
0.99 1.0 13 90.54 8130.4484
0.99 1.0 14 80.63 5166.8531
0.99 1.0 15 72.85 3857.3075
0.99 1.0 16 85.41 5156.9419
0.99 1.0 17 86.51 5719.4899
0.99 1.0 18 78.1 8011.49
0.99 1.0 19 104.68 8325.4376
