0.0 0.01 0 86.68 8789.7376
0.0 0.01 1 103.51 9550.5499
0.0 0.01 2 83.17 9340.6011
0.0 0.01 3 57.84 2580.1144
0.0 0.01 4 40.16 1086.7944
0.0 0.01 5 24.03 202.4691
0.0 0.01 6 25.02 219.6996
0.0 0.01 7 27.41 274.6819
0.0 0.01 8 32.77 539.4171
0.0 0.01 9 34.39 483.0779
0.0 0.01 10 36.78 479.6316
0.0 0.01 11 40.58 603.1836
0.0 0.01 12 50.72 1017.9416
0.0 0.01 13 50.23 934.7171
0.0 0.01 14 55.06 1143.1764
0.0 0.01 15 49.9 760.19
0.0 0.01 16 58.71 1814.6859
0.0 0.01 17 61.07 2000.1051
0.0 0.01 18 63.47 1773.9091
0.0 0.01 19 71.8 1885.02
0.01 0.02 0 94.78 9936.6516
0.01 0.02 1 103.64 7709.1504
0.01 0.02 2 79.91 6723.3219
0.01 0.02 3 59.14 3693.4404
0.01 0.02 4 46.01 1801.9899
0.01 0.02 5 36.82 696.8676
0.01 0.02 6 35.84 600.3344
0.01 0.02 7 37.76 512.1224
0.01 0.02 8 42.83 744.1611
0.01 0.02 9 45.16 835.6744
0.01 0.02 10 43.41 698.7819
0.01 0.02 11 51.66 1207.7644
0.01 0.02 12 52.26 1131.6524
0.01 0.02 13 60.97 1325.3691
0.01 0.02 14 59.6 1219.72
0.01 0.02 15 70.39 1879.2779
0.01 0.02 16 71.2 1907.34
0.01 0.02 17 77.87 2553.7331
0.01 0.02 18 76.34 2193.5044
0.01 0.02 19 75.81 2230.4739
0.02 0.03 0 105.46 9352.5084
0.02 0.03 1 129.03 20014.8691
0.02 0.03 2 93.98 8796.6196
0.02 0.03 3 70.4 5539.22
0.02 0.03 4 50.42 2248.5636
0.02 0.03 5 69.18 5489.5876
0.02 0.03 6 67.56 4179.3664
0.02 0.03 7 79.27 7329.9971
0.02 0.03 8 84.01 14703.7499
0.02 0.03 9 102.22 11274.7116
0.02 0.03 10 106.53 23069.2091
0.02 0.03 11 107.3 32022.07
0.02 0.03 12 164.41 45593.0219
0.02 0.03 13 179.06 97066.5364
0.02 0.03 14 199.93 100615.5651
0.02 0.03 15 172.6 44707.36
0.02 0.03 16 216.39 102219.3179
0.02 0.03 17 291.71 261772.5859
0.02 0.03 18 388.8 474447.28
0.02 0.03 19 332.16 296428.8744
0.03 0.04 0 98.19 8950.4539
0.03 0.04 1 117.4 11403.2
0.03 0.04 2 94.09 10479.1419
0.03 0.04 3 64.58 2806.9636
0.03 0.04 4 49.61 1605.9779
0.03 0.04 5 62.1 4391.53
0.03 0.04 6 49.64 2569.5304
0.03 0.04 7 39.37 493.1731
0.03 0.04 8 45.62 702.9956
0.03 0.04 9 43.25 508.4475
0.03 0.04 10 48.07 1175.8051
0.03 0.04 11 56.8 1527.08
0.03 0.04 12 57.26 1484.0524
0.03 0.04 13 63.27 2080.1571
0.03 0.04 14 65.59 2207.0419
0.03 0.04 15 76.33 1716.8011
0.03 0.04 16 76.75 3267.2875
0.03 0.04 17 80.02 2164.0796
0.03 0.04 18 83.96 3005.1184
0.03 0.04 19 84.02 2536.3596
0.04 0.05 0 113.86 16578.6804
0.04 0.05 1 119.53 12593.6091
0.04 0.05 2 88.76 8598.4224
0.04 0.05 3 64.7 3494.41
0.04 0.05 4 76.68 5811.3576
0.04 0.05 5 85.77 8934.7571
0.04 0.05 6 77.41 8055.3619
0.04 0.05 7 76.43 7217.5051
0.04 0.05 8 75.53 8482.8291
0.04 0.05 9 126.42 27400.2636
0.04 0.05 10 90.02 10015.9996
0.04 0.05 11 150.76 63911.6024
0.04 0.05 12 188.05 100808.6875
0.04 0.05 13 188.95 107672.5875
0.04 0.05 14 156.46 40718.5084
0.04 0.05 15 209.64 113318.8104
0.04 0.05 16 281.74 164299.9924
0.04 0.05 17 300.73 268200.2971
0.04 0.05 18 282.22 269489.2916
0.04 0.05 19 356.6 399254.66
0.05 0.06 0 107.2 10998.58
0.05 0.06 1 82.39 5951.0979
0.05 0.06 2 82.52 6893.4096
0.05 0.06 3 65.38 3147.3756
0.05 0.06 4 101.39 14380.8579
0.05 0.06 5 95.22 12151.3116
0.05 0.06 6 118.45 24270.1875
0.05 0.06 7 114.41 15653.8619
0.05 0.06 8 129.21 23549.7859
0.05 0.06 9 193.35 58804.8875
0.05 0.06 10 163.23 46717.6771
0.05 0.06 11 221.87 115068.8931
0.05 0.06 12 232.7 110189.33
0.05 0.06 13 269.8 207649.06
0.05 0.06 14 447.34 416203.5444
0.05 0.06 15 338.19 235082.3139
0.05 0.06 16 400.11 406740.5379
0.05 0.06 17 576.62 685754.2756
0.05 0.06 18 415.88 516734.6056
0.05 0.06 19 466.87 577267.9131
0.06 0.07 0 108.27 13193.7571
0.06 0.07 1 112.65 16445.7675
0.06 0.07 2 91.31 5946.9339
0.06 0.07 3 71.06 3764.1164
0.06 0.07 4 78.08 4884.2936
0.06 0.07 5 52.67 1980.2411
0.06 0.07 6 38.1 691.57
0.06 0.07 7 43.66 918.9044
0.06 0.07 8 44.73 761.7171
0.06 0.07 9 41.31 611.2739
0.06 0.07 10 56.72 1675.8816
0.06 0.07 11 55.63 1541.1931
0.06 0.07 12 58.8 1410.14
0.06 0.07 13 63.7 1882.67
0.06 0.07 14 70.72 2239.6216
0.06 0.07 15 70.22 2448.0316
0.06 0.07 16 75.9 3473.97
0.06 0.07 17 79.26 2650.5524
0.06 0.07 18 86.78 3415.9716
0.06 0.07 19 103.16 3965.2144
0.07 0.08 0 104.13 13608.3331
0.07 0.08 1 129.37 15081.8731
0.07 0.08 2 96.07 7419.6651
0.07 0.08 3 90.28 9819.0816
0.07 0.08 4 105.8 15495.76
0.07 0.08 5 89.07 11312.9251
0.07 0.08 6 56.8 2534.06
0.07 0.08 7 76.67 9181.0211
0.07 0.08 8 75.43 6523.1251
0.07 0.08 9 83.36 12925.3904
0.07 0.08 10 113.3 19725.71
0.07 0.08 11 83.29 8257.8059
0.07 0.08 12 141.12 39080.6456
0.07 0.08 13 142.74 40910.1124
0.07 0.08 14 150.8 39019.44
0.07 0.08 15 191.55 112330.7475
0.07 0.08 16 237.94 151923.5564
0.07 0.08 17 184.53 105683.0691
0.07 0.08 18 252.94 198302.5364
0.07 0.08 19 244.64 112687.3504
0.08 0.09 0 79.67 6367.9011
0.08 0.09 1 131.86 12683.6004
0.08 0.09 2 83.56 6089.6064
0.08 0.09 3 88.52 7318.2096
0.08 0.09 4 108.22 13509.9916
0.08 0.09 5 82.9 5774.39
0.08 0.09 6 107.83 14999.4411
0.08 0.09 7 150.02 39293.5996
0.08 0.09 8 129.14 19240.2604
0.08 0.09 9 171.58 44572.2036
0.08 0.09 10 227.03 100622.5091
0.08 0.09 11 238.29 95605.3259
0.08 0.09 12 247.35 114805.4675
0.08 0.09 13 317.11 180866.8979
0.08 0.09 14 330.59 167899.9219
0.08 0.09 15 406.76 268520.9024
0.08 0.09 16 340.86 251618.9204
0.08 0.09 17 540.6 711112.14
0.08 0.09 18 613.86 533463.4204
0.08 0.09 19 633.5 768626.61
0.09 0.1 0 86.23 7678.3971
0.09 0.1 1 104.73 9229.8571
0.09 0.1 2 102.16 12110.3944
0.09 0.1 3 100.44 10728.8864
0.09 0.1 4 100.58 10388.9636
0.09 0.1 5 83.3 8988.93
0.09 0.1 6 95.57 10257.8451
0.09 0.1 7 102.26 20347.2124
0.09 0.1 8 125.89 24584.5379
0.09 0.1 9 146.33 35348.8411
0.09 0.1 10 175.8 78586.84
0.09 0.1 11 204.12 107436.4456
0.09 0.1 12 208.01 110340.8899
0.09 0.1 13 292.5 289266.37
0.09 0.1 14 224.26 158741.1524
0.09 0.1 15 261.55 170628.0075
0.09 0.1 16 263.68 176722.4376
0.09 0.1 17 338.34 397419.7644
0.09 0.1 18 263.63 174594.9131
0.09 0.1 19 426.59 464495.2619
0.1 0.11 0 107.49 9302.7899
0.1 0.11 1 134.84 22706.2344
0.1 0.11 2 97.77 8973.6971
0.1 0.11 3 102.43 9540.5651
0.1 0.11 4 118.8 17979.16
0.1 0.11 5 149.33 28797.8011
0.1 0.11 6 129.86 27130.4404
0.1 0.11 7 187.29 59780.8059
0.1 0.11 8 201.24 104172.3224
0.1 0.11 9 202.2 71855.56
0.1 0.11 10 168.25 48714.1275
0.1 0.11 11 341.62 377108.9556
0.1 0.11 12 329.63 251583.5131
0.1 0.11 13 267.92 299898.6536
0.1 0.11 14 540.6 585302.74
0.1 0.11 15 509.68 649218.4976
0.1 0.11 16 507.88 737241.2456
0.1 0.11 17 483.71 577260.3259
0.1 0.11 18 557.45 739841.8875
0.1 0.11 19 621.16 1180537.2144
0.11 0.12 0 99.34 9876.9044
0.11 0.12 1 131.56 19722.9264
0.11 0.12 2 83.43 6776.9651
0.11 0.12 3 103.62 11182.3556
0.11 0.12 4 101.85 9403.9075
0.11 0.12 5 113.11 11874.7579
0.11 0.12 6 160.94 28357.7764
0.11 0.12 7 168.12 41643.7856
0.11 0.12 8 190.35 57548.4075
0.11 0.12 9 171.65 74153.4675
0.11 0.12 10 279.55 173756.0475
0.11 0.12 11 409.87 265021.3531
0.11 0.12 12 374.54 290507.5284
0.11 0.12 13 489.25 406826.5875
0.11 0.12 14 446.04 374451.0784
0.11 0.12 15 627.5 1086275.67
0.11 0.12 16 715.8 1483185.04
0.11 0.12 17 524.5 582169.83
0.11 0.12 18 972.27 2411819.2971
0.11 0.12 19 922.57 1875695.7451
0.12 0.13 0 89.06 7505.9364
0.12 0.13 1 112.64 13880.4104
0.12 0.13 2 96.59 7583.7219
0.12 0.13 3 102.76 9271.0624
0.12 0.13 4 62.26 2567.9124
0.12 0.13 5 52.3 2473.05
0.12 0.13 6 45.23 963.0971
0.12 0.13 7 41.8 952.5
0.12 0.13 8 43.59 827.8819
0.12 0.13 9 50.09 1299.8419
0.12 0.13 10 44.05 946.3675
0.12 0.13 11 60.45 1480.1875
0.12 0.13 12 60.42 2501.8836
0.12 0.13 13 63.13 1927.4531
0.12 0.13 14 65.9 2095.51
0.12 0.13 15 56.23 1618.1971
0.12 0.13 16 74.77 3393.2571
0.12 0.13 17 83.93 2631.7251
0.12 0.13 18 86.49 4068.1299
0.12 0.13 19 92.27 3623.5171
0.13 0.14 0 104.48 13623.4296
0.13 0.14 1 113.61 15665.3179
0.13 0.14 2 98.36 11345.1504
0.13 0.14 3 152.15 36799.3875
0.13 0.14 4 117.31 13021.7139
0.13 0.14 5 108.77 16250.1971
0.13 0.14 6 66.6 4557.76
0.13 0.14 7 62.95 3141.6875
0.13 0.14 8 88.49 12575.2099
0.13 0.14 9 92.04 9543.7984
0.13 0.14 10 83.28 8407.1016
0.13 0.14 11 105.78 11432.7516
0.13 0.14 12 126.32 23563.3576
0.13 0.14 13 143.36 29698.7304
0.13 0.14 14 138.15 22817.6475
0.13 0.14 15 137.05 28052.7075
0.13 0.14 16 159.38 41742.2756
0.13 0.14 17 181.82 80286.8876
0.13 0.14 18 192.74 45858.3524
0.13 0.14 19 212.61 101577.4579
0.14 0.15 0 112.5 9507.25
0.14 0.15 1 115.67 9937.2611
0.14 0.15 2 119.24 19617.4424
0.14 0.15 3 142.5 25309.49
0.14 0.15 4 113.0 11142.44
0.14 0.15 5 88.02 12429.0196
0.14 0.15 6 101.45 11108.6475
0.14 0.15 7 100.76 14872.1624
0.14 0.15 8 90.37 14174.4731
0.14 0.15 9 105.87 15351.4731
0.14 0.15 10 124.18 15528.4876
0.14 0.15 11 132.65 29655.3675
0.14 0.15 12 116.24 17766.3024
0.14 0.15 13 122.94 17668.3164
0.14 0.15 14 154.68 48854.1776
0.14 0.15 15 200.57 75478.4451
0.14 0.15 16 200.24 63219.2224
0.14 0.15 17 236.63 80125.3731
0.14 0.15 18 266.44 209575.0064
0.14 0.15 19 207.65 132037.7075
0.15 0.16 0 96.84 10136.1544
0.15 0.16 1 115.2 11645.06
0.15 0.16 2 108.46 10648.9684
0.15 0.16 3 155.01 20895.3099
0.15 0.16 4 109.53 14639.9291
0.15 0.16 5 84.12 7246.8256
0.15 0.16 6 64.4 4771.18
0.15 0.16 7 91.35 10056.7075
0.15 0.16 8 101.62 9136.8556
0.15 0.16 9 110.53 17729.9691
0.15 0.16 10 111.8 17569.54
0.15 0.16 11 156.87 53306.0131
0.15 0.16 12 174.06 112182.0764
0.15 0.16 13 208.63 71458.2531
0.15 0.16 14 236.13 118303.9531
0.15 0.16 15 221.72 100874.7616
0.15 0.16 16 230.61 115014.2179
0.15 0.16 17 286.39 181579.6579
0.15 0.16 18 371.53 318216.7091
0.15 0.16 19 369.02 313269.9596
0.16 0.17 0 98.56 14544.1064
0.16 0.17 1 103.44 9698.5464
0.16 0.17 2 107.23 10913.5171
0.16 0.17 3 145.29 20910.5659
0.16 0.17 4 128.44 13781.6464
0.16 0.17 5 135.3 20337.23
0.16 0.17 6 152.77 35990.3571
0.16 0.17 7 177.66 43599.7044
0.16 0.17 8 235.18 70190.2076
0.16 0.17 9 249.02 87672.7796
0.16 0.17 10 319.97 133026.4091
0.16 0.17 11 291.09 162722.0419
0.16 0.17 12 448.36 259186.9304
0.16 0.17 13 419.41 325792.5019
0.16 0.17 14 470.71 527698.9259
0.16 0.17 15 696.09 596346.1219
0.16 0.17 16 653.89 813580.0579
0.16 0.17 17 666.13 1193910.4931
0.16 0.17 18 644.04 946626.7184
0.16 0.17 19 1135.39 2724535.8779
0.17 0.18 0 97.88 9663.7256
0.17 0.18 1 103.59 11003.5019
0.17 0.18 2 117.55 14865.4675
0.17 0.18 3 132.66 18889.0444
0.17 0.18 4 113.18 10229.9476
0.17 0.18 5 150.52 21596.5696
0.17 0.18 6 168.2 25363.68
0.17 0.18 7 145.12 24072.1256
0.17 0.18 8 196.82 49485.3876
0.17 0.18 9 268.32 99642.4576
0.17 0.18 10 310.5 123031.41
0.17 0.18 11 317.02 150390.4396
0.17 0.18 12 356.22 208554.0316
0.17 0.18 13 435.25 259218.1875
0.17 0.18 14 482.9 409214.55
0.17 0.18 15 550.05 462145.4475
0.17 0.18 16 602.19 597495.5139
0.17 0.18 17 623.06 860430.9364
0.17 0.18 18 600.04 404923.7384
0.17 0.18 19 931.79 1138586.4859
0.18 0.19 0 98.59 15682.8819
0.18 0.19 1 123.28 16117.5616
0.18 0.19 2 135.63 14280.1331
0.18 0.19 3 119.06 11964.7564
0.18 0.19 4 118.86 14292.7404
0.18 0.19 5 70.2 4469.58
0.18 0.19 6 104.2 11614.92
0.18 0.19 7 127.2 37921.36
0.18 0.19 8 123.49 30078.1699
0.18 0.19 9 154.5 47991.27
0.18 0.19 10 162.67 52328.8211
0.18 0.19 11 167.72 74304.3016
0.18 0.19 12 240.78 153110.5916
0.18 0.19 13 314.55 244317.1475
0.18 0.19 14 309.9 227575.95
0.18 0.19 15 286.37 314577.7131
0.18 0.19 16 364.57 383298.5051
0.18 0.19 17 457.98 477053.9396
0.18 0.19 18 485.3 574060.01
0.18 0.19 19 539.75 1015247.2075
0.19 0.2 0 84.66 8418.7644
0.19 0.2 1 117.37 12516.5931
0.19 0.2 2 109.14 11026.7404
0.19 0.2 3 108.74 13157.3724
0.19 0.2 4 148.9 20921.99
0.19 0.2 5 138.41 20781.4419
0.19 0.2 6 137.56 35896.7064
0.19 0.2 7 145.23 45029.3971
0.19 0.2 8 195.15 63485.8275
0.19 0.2 9 205.65 100545.8675
0.19 0.2 10 271.58 197488.4036
0.19 0.2 11 257.65 166611.5675
0.19 0.2 12 304.76 170120.6824
0.19 0.2 13 401.94 556806.9164
0.19 0.2 14 414.49 583210.6499
0.19 0.2 15 536.29 727051.8259
0.19 0.2 16 464.1 1061654.13
0.19 0.2 17 620.5 943261.39
0.19 0.2 18 495.43 600420.0651
0.19 0.2 19 678.58 1152699.7436
0.2 0.21 0 88.37 7019.6731
0.2 0.21 1 113.54 12479.7484
0.2 0.21 2 148.76 22765.7624
0.2 0.21 3 108.9 11355.47
0.2 0.21 4 144.29 36583.5459
0.2 0.21 5 132.92 21187.0136
0.2 0.21 6 145.3 24565.53
0.2 0.21 7 200.42 65621.5836
0.2 0.21 8 189.92 82488.2736
0.2 0.21 9 263.62 109919.8356
0.2 0.21 10 196.26 85004.3524
0.2 0.21 11 311.33 171323.8811
0.2 0.21 12 482.58 590560.7636
0.2 0.21 13 458.22 534678.3916
0.2 0.21 14 480.55 480907.9275
0.2 0.21 15 525.39 820096.2979
0.2 0.21 16 880.97 1441587.0291
0.2 0.21 17 738.94 1942514.8564
0.2 0.21 18 771.12 1267639.0456
0.2 0.21 19 626.46 841233.8684
0.21 0.22 0 102.21 10744.6459
0.21 0.22 1 109.57 10033.8651
0.21 0.22 2 131.73 13971.2171
0.21 0.22 3 128.5 16660.31
0.21 0.22 4 120.52 20039.3296
0.21 0.22 5 113.22 16507.9316
0.21 0.22 6 135.94 31833.6164
0.21 0.22 7 179.04 68946.7184
0.21 0.22 8 239.22 102307.2316
0.21 0.22 9 253.36 136257.1704
0.21 0.22 10 224.02 117649.1996
0.21 0.22 11 338.53 285902.8291
0.21 0.22 12 331.79 247461.3659
0.21 0.22 13 459.0 699867.22
0.21 0.22 14 569.61 611208.2379
0.21 0.22 15 550.4 658379.22
0.21 0.22 16 488.32 735088.7776
0.21 0.22 17 556.76 649242.8824
0.21 0.22 18 616.04 1277959.8584
0.21 0.22 19 619.78 1313658.3916
0.22 0.23 0 89.33 6102.5811
0.22 0.23 1 120.94 17350.4964
0.22 0.23 2 165.26 27620.7124
0.22 0.23 3 100.38 9453.0156
0.22 0.23 4 139.66 35036.3044
0.22 0.23 5 171.01 41798.2699
0.22 0.23 6 152.18 34047.2876
0.22 0.23 7 227.2 93044.62
0.22 0.23 8 210.39 79881.0979
0.22 0.23 9 266.06 101874.0164
0.22 0.23 10 337.98 181410.1796
0.22 0.23 11 378.89 302172.9979
0.22 0.23 12 455.47 537496.2891
0.22 0.23 13 460.56 392688.1864
0.22 0.23 14 488.12 568190.6456
0.22 0.23 15 482.15 538653.6875
0.22 0.23 16 585.42 694010.2236
0.22 0.23 17 693.16 1115492.0544
0.22 0.23 18 886.31 2024222.9939
0.22 0.23 19 1005.26 2737472.4724
0.23 0.24 0 96.43 6759.6451
0.23 0.24 1 106.03 10488.6291
0.23 0.24 2 149.99 28405.4699
0.23 0.24 3 139.24 17375.5624
0.23 0.24 4 96.95 11279.4875
0.23 0.24 5 153.01 43227.1099
0.23 0.24 6 160.4 37334.94
0.23 0.24 7 164.4 51474.7
0.23 0.24 8 236.61 90749.8979
0.23 0.24 9 306.15 129112.4075
0.23 0.24 10 385.46 324381.9684
0.23 0.24 11 350.25 261535.7675
0.23 0.24 12 636.83 574997.9611
0.23 0.24 13 442.07 457334.2851
0.23 0.24 14 622.28 1026823.7416
0.23 0.24 15 606.6 907501.28
0.23 0.24 16 676.14 1406524.5604
0.23 0.24 17 658.66 1114738.5644
0.23 0.24 18 735.83 1513849.4411
0.23 0.24 19 1506.58 5385421.0236
0.24 0.25 0 106.05 12663.6275
0.24 0.25 1 110.15 10076.1875
0.24 0.25 2 197.67 32730.1011
0.24 0.25 3 130.01 13102.0699
0.24 0.25 4 117.99 18553.9499
0.24 0.25 5 145.92 30284.6536
0.24 0.25 6 136.26 23212.6724
0.24 0.25 7 254.99 128315.8499
0.24 0.25 8 230.75 94620.8075
0.24 0.25 9 256.46 117397.4884
0.24 0.25 10 305.36 214428.9704
0.24 0.25 11 289.89 250307.2579
0.24 0.25 12 389.97 265395.1091
0.24 0.25 13 412.15 430965.6475
0.24 0.25 14 673.87 1074776.8331
0.24 0.25 15 637.82 1058782.8076
0.24 0.25 16 739.78 1370137.4516
0.24 0.25 17 904.74 1869338.1124
0.24 0.25 18 802.35 1728901.3675
0.24 0.25 19 1123.05 2950299.8875
0.25 0.26 0 99.89 8937.2979
0.25 0.26 1 124.04 14884.0384
0.25 0.26 2 182.59 35570.0419
0.25 0.26 3 112.79 17865.4859
0.25 0.26 4 113.4 14633.78
0.25 0.26 5 105.22 16193.2716
0.25 0.26 6 94.28 13241.5616
0.25 0.26 7 61.5 1851.25
0.25 0.26 8 52.16 1782.2944
0.25 0.26 9 53.73 1390.7171
0.25 0.26 10 59.12 2061.0456
0.25 0.26 11 63.31 2436.0939
0.25 0.26 12 65.64 3179.3304
0.25 0.26 13 73.77 3964.3171
0.25 0.26 14 69.13 2506.4331
0.25 0.26 15 79.09 2801.2819
0.25 0.26 16 71.07 3360.1451
0.25 0.26 17 88.87 4923.4931
0.25 0.26 18 90.24 3957.8024
0.25 0.26 19 93.09 4589.0019
0.26 0.27 0 84.41 7289.0819
0.26 0.27 1 113.83 12571.4211
0.26 0.27 2 173.14 25644.8204
0.26 0.27 3 145.64 16409.9104
0.26 0.27 4 99.06 14901.5764
0.26 0.27 5 93.23 12389.4371
0.26 0.27 6 72.21 4439.1659
0.26 0.27 7 79.56 6406.6264
0.26 0.27 8 96.79 15414.0259
0.26 0.27 9 80.97 6277.0291
0.26 0.27 10 104.15 12454.2675
0.26 0.27 11 124.48 28044.8096
0.26 0.27 12 119.73 30010.6371
0.26 0.27 13 118.95 13541.2675
0.26 0.27 14 146.42 37973.4236
0.26 0.27 15 164.56 58301.2264
0.26 0.27 16 187.0 111328.12
0.26 0.27 17 190.15 53813.2675
0.26 0.27 18 188.91 104407.2619
0.26 0.27 19 196.64 62950.4104
0.27 0.28 0 101.16 14248.3144
0.27 0.28 1 117.04 12936.7184
0.27 0.28 2 173.72 33219.8216
0.27 0.28 3 147.17 21963.4811
0.27 0.28 4 118.42 14939.7436
0.27 0.28 5 83.54 7201.1684
0.27 0.28 6 91.55 8193.1875
0.27 0.28 7 103.56 10372.7664
0.27 0.28 8 110.48 17914.9896
0.27 0.28 9 158.3 31837.69
0.27 0.28 10 188.82 51832.1476
0.27 0.28 11 232.96 95629.2784
0.27 0.28 12 240.02 66312.6996
0.27 0.28 13 249.46 93894.6684
0.27 0.28 14 402.72 371279.9016
0.27 0.28 15 350.95 176818.2675
0.27 0.28 16 389.09 249522.5819
0.27 0.28 17 516.41 377465.6219
0.27 0.28 18 409.69 307791.7939
0.27 0.28 19 571.14 590135.8004
0.28 0.29 0 97.73 8076.5771
0.28 0.29 1 108.42 12432.4636
0.28 0.29 2 166.51 28363.3499
0.28 0.29 3 132.9 19364.69
0.28 0.29 4 94.41 9870.2819
0.28 0.29 5 93.94 10191.4564
0.28 0.29 6 102.76 9736.2224
0.28 0.29 7 125.69 20413.1539
0.28 0.29 8 104.67 15698.7211
0.28 0.29 9 90.31 12101.2739
0.28 0.29 10 143.11 23824.2379
0.28 0.29 11 117.08 19742.8136
0.28 0.29 12 161.71 43621.1259
0.28 0.29 13 141.51 48090.4899
0.28 0.29 14 190.45 64732.0475
0.28 0.29 15 170.74 73842.8124
0.28 0.29 16 191.1 66684.27
0.28 0.29 17 155.34 33994.3044
0.28 0.29 18 304.7 186311.67
0.28 0.29 19 309.12 291072.5056
0.29 0.3 0 113.26 11808.3524
0.29 0.3 1 125.95 14843.4275
0.29 0.3 2 165.38 30541.2156
0.29 0.3 3 149.04 23107.1384
0.29 0.3 4 143.42 29867.6036
0.29 0.3 5 152.57 19544.3051
0.29 0.3 6 119.4 13982.26
0.29 0.3 7 176.96 36203.8184
0.29 0.3 8 209.04 66502.3984
0.29 0.3 9 293.2 148780.76
0.29 0.3 10 349.99 185928.4499
0.29 0.3 11 355.63 166026.2531
0.29 0.3 12 439.03 305893.1891
0.29 0.3 13 593.5 514021.47
0.29 0.3 14 523.52 300423.0296
0.29 0.3 15 581.71 801925.7859
0.29 0.3 16 628.86 980558.4804
0.29 0.3 17 876.81 1639931.3739
0.29 0.3 18 948.09 2050165.5619
0.29 0.3 19 805.05 846445.6075
0.3 0.31 0 106.57 11620.1851
0.3 0.31 1 118.54 12271.8084
0.3 0.31 2 141.57 24672.0651
0.3 0.31 3 135.29 17322.8059
0.3 0.31 4 105.27 10372.9571
0.3 0.31 5 118.92 11047.9936
0.3 0.31 6 140.05 21071.8475
0.3 0.31 7 154.13 31760.0131
0.3 0.31 8 190.48 53582.1896
0.3 0.31 9 282.44 117275.1864
0.3 0.31 10 284.67 88895.2611
0.3 0.31 11 307.75 131252.9475
0.3 0.31 12 379.71 158529.7859
0.3 0.31 13 394.42 308004.3236
0.3 0.31 14 496.31 364092.2139
0.3 0.31 15 541.12 326194.3456
0.3 0.31 16 798.88 833864.5056
0.3 0.31 17 715.12 581816.3256
0.3 0.31 18 800.9 942368.73
0.3 0.31 19 989.87 1536922.6931
0.31 0.32 0 91.79 10137.6459
0.31 0.32 1 131.29 15304.9859
0.31 0.32 2 145.47 18414.1491
0.31 0.32 3 124.34 16448.4044
0.31 0.32 4 98.53 11061.4691
0.31 0.32 5 113.73 12403.4771
0.31 0.32 6 105.43 8049.9651
0.31 0.32 7 87.19 12926.6739
0.31 0.32 8 122.63 37976.0331
0.31 0.32 9 114.95 17709.7275
0.31 0.32 10 141.04 44566.3784
0.31 0.32 11 194.67 71083.0011
0.31 0.32 12 202.15 92996.1475
0.31 0.32 13 180.67 99430.3811
0.31 0.32 14 161.36 49168.0904
0.31 0.32 15 222.26 86376.5724
0.31 0.32 16 221.07 82999.9251
0.31 0.32 17 248.49 165172.8299
0.31 0.32 18 199.12 98539.3256
0.31 0.32 19 357.03 391862.8691
0.32 0.33 0 100.85 9597.9275
0.32 0.33 1 155.93 25666.2451
0.32 0.33 2 155.35 24008.1475
0.32 0.33 3 130.2 15666.72
0.32 0.33 4 197.06 41455.5764
0.32 0.33 5 206.05 58258.0475
0.32 0.33 6 155.48 29560.4696
0.32 0.33 7 238.88 76160.7856
0.32 0.33 8 236.92 90700.5736
0.32 0.33 9 337.53 223459.2291
0.32 0.33 10 340.24 171215.3424
0.32 0.33 11 433.7 267650.75
0.32 0.33 12 541.92 749903.5536
0.32 0.33 13 605.15 652043.9675
0.32 0.33 14 706.68 574989.1376
0.32 0.33 15 562.02 461838.7196
0.32 0.33 16 777.69 1041279.6139
0.32 0.33 17 919.81 1740504.8139
0.32 0.33 18 1043.5 2063479.41
0.32 0.33 19 929.57 1714805.6651
0.33 0.34 0 104.48 10734.0096
0.33 0.34 1 152.52 22874.4296
0.33 0.34 2 169.64 27567.7904
0.33 0.34 3 164.61 20842.0379
0.33 0.34 4 170.49 34419.3299
0.33 0.34 5 185.64 37372.7704
0.33 0.34 6 291.4 91928.54
0.33 0.34 7 258.37 81599.0531
0.33 0.34 8 302.46 102604.1484
0.33 0.34 9 460.64 222494.9704
0.33 0.34 10 435.16 305444.8144
0.33 0.34 11 444.91 246850.5619
0.33 0.34 12 730.2 586999.88
0.33 0.34 13 720.95 633590.7275
0.33 0.34 14 861.09 1045017.2019
0.33 0.34 15 1098.92 1140830.3136
0.33 0.34 16 1295.33 2152468.4011
0.33 0.34 17 1256.42 2295344.5436
0.33 0.34 18 1337.66 2308492.8444
0.33 0.34 19 1196.27 2581691.4571
0.34 0.35 0 95.1 13662.49
0.34 0.35 1 129.63 13431.7531
0.34 0.35 2 157.54 25646.0884
0.34 0.35 3 142.97 17262.4291
0.34 0.35 4 161.77 29706.8971
0.34 0.35 5 144.03 18951.9291
0.34 0.35 6 163.66 25519.1044
0.34 0.35 7 246.15 57431.7675
0.34 0.35 8 240.47 84792.6091
0.34 0.35 9 299.39 100764.5379
0.34 0.35 10 325.51 259433.6899
0.34 0.35 11 311.09 168615.4419
0.34 0.35 12 420.98 282913.0396
0.34 0.35 13 528.48 599644.2696
0.34 0.35 14 453.34 291569.4044
0.34 0.35 15 561.95 436997.4275
0.34 0.35 16 708.49 574500.6699
0.34 0.35 17 891.34 1364827.0644
0.34 0.35 18 747.62 888952.4756
0.34 0.35 19 1281.0 2620798.6
0.35 0.36 0 96.61 6824.9179
0.35 0.36 1 118.91 14976.6419
0.35 0.36 2 171.42 26219.7836
0.35 0.36 3 150.68 21724.4576
0.35 0.36 4 157.06 31045.7164
0.35 0.36 5 211.74 38039.2124
0.35 0.36 6 158.38 28199.3756
0.35 0.36 7 254.01 105013.7299
0.35 0.36 8 289.64 133471.4504
0.35 0.36 9 288.41 194291.2419
0.35 0.36 10 382.73 215456.5571
0.35 0.36 11 480.43 392294.4451
0.35 0.36 12 551.01 552066.3299
0.35 0.36 13 665.45 839671.6675
0.35 0.36 14 621.79 391194.2059
0.35 0.36 15 962.26 1095705.2724
0.35 0.36 16 1121.76 1925452.6224
0.35 0.36 17 866.42 1278167.5436
0.35 0.36 18 1084.67 1423467.3011
0.35 0.36 19 1032.47 2202550.7691
0.36 0.37 0 113.7 10747.79
0.36 0.37 1 141.17 20102.4211
0.36 0.37 2 116.85 12769.3875
0.36 0.37 3 153.77 23841.9771
0.36 0.37 4 140.44 18394.0864
0.36 0.37 5 164.34 27948.0044
0.36 0.37 6 236.64 59711.4704
0.36 0.37 7 202.29 55820.3659
0.36 0.37 8 345.18 223635.0076
0.36 0.37 9 370.55 209545.7075
0.36 0.37 10 543.83 367608.4611
0.36 0.37 11 536.46 418200.1284
0.36 0.37 12 627.57 553074.4651
0.36 0.37 13 615.35 607345.8275
0.36 0.37 14 736.4 789292.08
0.36 0.37 15 1037.76 1695364.1024
0.36 0.37 16 950.98 1449980.3796
0.36 0.37 17 814.54 2251374.1284
0.36 0.37 18 1161.91 1953671.8619
0.36 0.37 19 1199.51 2088309.7499
0.37 0.38 0 90.92 7319.0136
0.37 0.38 1 157.81 25208.5739
0.37 0.38 2 152.37 22081.5331
0.37 0.38 3 138.65 15415.9475
0.37 0.38 4 90.11 6639.6979
0.37 0.38 5 115.5 18454.59
0.37 0.38 6 68.46 7287.8084
0.37 0.38 7 105.08 19889.2336
0.37 0.38 8 146.01 50055.0299
0.37 0.38 9 117.56 33129.6664
0.37 0.38 10 157.9 61076.51
0.37 0.38 11 206.21 136217.6659
0.37 0.38 12 196.55 91734.4875
0.37 0.38 13 321.59 307830.7019
0.37 0.38 14 324.34 455491.5844
0.37 0.38 15 381.88 351852.7056
0.37 0.38 16 303.68 328269.5776
0.37 0.38 17 471.39 761317.9179
0.37 0.38 18 382.65 432319.8075
0.37 0.38 19 596.42 856846.4636
0.38 0.39 0 105.62 12840.0356
0.38 0.39 1 163.17 30858.9211
0.38 0.39 2 138.87 16188.8531
0.38 0.39 3 160.78 36497.8716
0.38 0.39 4 166.11 43440.3779
0.38 0.39 5 175.96 36357.6384
0.38 0.39 6 128.08 29194.6336
0.38 0.39 7 160.07 44953.6451
0.38 0.39 8 217.55 69060.7875
0.38 0.39 9 286.08 178046.0136
0.38 0.39 10 280.56 310799.5864
0.38 0.39 11 398.71 471936.4059
0.38 0.39 12 336.55 314779.4275
0.38 0.39 13 384.91 365980.6819
0.38 0.39 14 576.41 1061546.5819
0.38 0.39 15 487.77 543129.9371
0.38 0.39 16 784.95 1585579.5075
0.38 0.39 17 734.54 1075720.3284
0.38 0.39 18 654.97 1620717.0491
0.38 0.39 19 781.64 2991101.8104
0.39 0.4 0 100.03 8619.0091
0.39 0.4 1 176.75 23955.8075
0.39 0.4 2 165.28 24951.8016
0.39 0.4 3 180.09 26981.5619
0.39 0.4 4 165.85 28065.1475
0.39 0.4 5 116.94 15956.0364
0.39 0.4 6 214.32 66977.9176
0.39 0.4 7 224.21 98188.7259
0.39 0.4 8 232.28 125560.7416
0.39 0.4 9 380.37 344960.2331
0.39 0.4 10 259.81 191692.5339
0.39 0.4 11 448.43 465021.5451
0.39 0.4 12 350.27 353963.7971
0.39 0.4 13 469.2 454197.34
0.39 0.4 14 590.37 722864.2531
0.39 0.4 15 607.8 931092.52
0.39 0.4 16 449.01 576958.4699
0.39 0.4 17 842.71 1961846.1459
0.39 0.4 18 1005.24 3129596.0024
0.39 0.4 19 1417.38 9113550.3156
0.4 0.41 0 107.29 10956.4859
0.4 0.41 1 161.18 30380.2476
0.4 0.41 2 149.74 24171.6124
0.4 0.41 3 178.29 27256.2459
0.4 0.41 4 192.21 49374.1259
0.4 0.41 5 169.61 71236.8179
0.4 0.41 6 173.12 54433.6856
0.4 0.41 7 200.63 79517.2331
0.4 0.41 8 134.23 38923.1971
0.4 0.41 9 301.64 211919.7704
0.4 0.41 10 262.53 306302.1491
0.4 0.41 11 328.46 232150.3484
0.4 0.41 12 411.17 497143.8811
0.4 0.41 13 614.4 639399.28
0.4 0.41 14 704.44 1620805.4264
0.4 0.41 15 716.42 2101504.6636
0.4 0.41 16 962.79 2398657.1859
0.4 0.41 17 872.85 1496810.5875
0.4 0.41 18 928.59 2556184.1219
0.4 0.41 19 1128.29 4719701.7459
0.41 0.42 0 108.18 8768.1876
0.41 0.42 1 177.57 18999.7651
0.41 0.42 2 149.81 28484.2739
0.41 0.42 3 171.46 20650.1484
0.41 0.42 4 168.35 40350.2875
0.41 0.42 5 254.17 98291.6011
0.41 0.42 6 224.88 65683.4056
0.41 0.42 7 293.66 148018.4644
0.41 0.42 8 368.34 271509.3444
0.41 0.42 9 393.35 357436.2475
0.41 0.42 10 394.76 321784.2424
0.41 0.42 11 681.67 857140.3411
0.41 0.42 12 637.34 727959.0244
0.41 0.42 13 689.95 680733.6675
0.41 0.42 14 820.66 1440911.5244
0.41 0.42 15 762.61 1029621.3379
0.41 0.42 16 1239.0 4214863.04
0.41 0.42 17 1288.22 2855587.1716
0.41 0.42 18 1419.32 3216341.5576
0.41 0.42 19 1463.94 4328165.0364
0.42 0.43 0 92.91 5667.7219
0.42 0.43 1 177.44 35027.8064
0.42 0.43 2 156.08 18526.6936
0.42 0.43 3 153.49 24075.7699
0.42 0.43 4 182.82 32675.8076
0.42 0.43 5 208.78 60995.0716
0.42 0.43 6 213.31 84324.0939
0.42 0.43 7 247.87 96981.0531
0.42 0.43 8 303.48 153675.1896
0.42 0.43 9 347.8 241166.08
0.42 0.43 10 568.87 566305.7731
0.42 0.43 11 743.18 878954.2876
0.42 0.43 12 631.85 800633.9475
0.42 0.43 13 885.55 2160826.1875
0.42 0.43 14 813.78 1655732.5716
0.42 0.43 15 853.23 1574287.8971
0.42 0.43 16 1137.57 2426609.0851
0.42 0.43 17 840.04 1415696.3384
0.42 0.43 18 1557.71 5115866.4459
0.42 0.43 19 1717.12 6205930.3456
0.43 0.44 0 97.83 10073.7011
0.43 0.44 1 190.28 32966.2816
0.43 0.44 2 141.51 22831.9899
0.43 0.44 3 147.66 17367.2844
0.43 0.44 4 146.16 20906.7344
0.43 0.44 5 132.43 25256.9251
0.43 0.44 6 198.23 68518.4171
0.43 0.44 7 199.5 126833.89
0.43 0.44 8 265.57 158947.0851
0.43 0.44 9 352.88 333914.8656
0.43 0.44 10 385.75 505546.3675
0.43 0.44 11 429.73 516265.1171
0.43 0.44 12 430.71 510801.5659
0.43 0.44 13 596.38 896223.1556
0.43 0.44 14 551.97 1045877.2691
0.43 0.44 15 858.69 2011844.1739
0.43 0.44 16 809.64 1922528.8704
0.43 0.44 17 775.44 1806668.1064
0.43 0.44 18 1316.21 4575997.7859
0.43 0.44 19 1195.06 4107759.2364
0.44 0.45 0 101.62 7434.9156
0.44 0.45 1 194.76 41857.8024
0.44 0.45 2 162.18 18957.9076
0.44 0.45 3 158.69 25532.5539
0.44 0.45 4 196.81 52982.5739
0.44 0.45 5 228.58 85206.8036
0.44 0.45 6 236.0 113168.08
0.44 0.45 7 279.97 175399.7291
0.44 0.45 8 208.31 91903.8539
0.44 0.45 9 398.21 423033.0059
0.44 0.45 10 465.0 567791.52
0.44 0.45 11 535.07 734921.7051
0.44 0.45 12 547.43 619372.5851
0.44 0.45 13 587.95 1027019.4075
0.44 0.45 14 586.04 1325710.2584
0.44 0.45 15 974.65 2745452.2475
0.44 0.45 16 902.15 1982391.9275
0.44 0.45 17 846.02 3250660.6796
0.44 0.45 18 910.12 2938848.4456
0.44 0.45 19 1280.37 4329565.5331
0.45 0.46 0 118.09 13682.8019
0.45 0.46 1 181.54 36837.9684
0.45 0.46 2 153.86 29378.9404
0.45 0.46 3 135.23 22573.6971
0.45 0.46 4 219.9 74278.87
0.45 0.46 5 190.12 37287.9456
0.45 0.46 6 221.03 72826.7091
0.45 0.46 7 234.42 77332.5836
0.45 0.46 8 246.37 115391.2731
0.45 0.46 9 344.59 242852.1619
0.45 0.46 10 505.69 585167.6739
0.45 0.46 11 433.76 487353.1024
0.45 0.46 12 598.37 605667.8531
0.45 0.46 13 658.84 1278245.6944
0.45 0.46 14 912.57 1449019.3451
0.45 0.46 15 979.95 2212839.9875
0.45 0.46 16 896.99 1861587.6099
0.45 0.46 17 1180.6 4188111.06
0.45 0.46 18 1188.13 4363439.7931
0.45 0.46 19 1520.69 5746570.6739
0.46 0.47 0 82.14 7221.1204
0.46 0.47 1 187.67 39234.7011
0.46 0.47 2 200.67 31996.1211
0.46 0.47 3 145.48 21105.6896
0.46 0.47 4 151.45 26359.4075
0.46 0.47 5 180.55 44112.7475
0.46 0.47 6 198.3 81865.85
0.46 0.47 7 229.23 85743.9371
0.46 0.47 8 304.6 177036.22
0.46 0.47 9 357.92 385275.5536
0.46 0.47 10 385.41 386583.0419
0.46 0.47 11 672.31 935408.6339
0.46 0.47 12 517.9 988271.51
0.46 0.47 13 650.72 1174994.1216
0.46 0.47 14 755.4 1436213.62
0.46 0.47 15 686.35 1086578.9275
0.46 0.47 16 1063.02 3970348.7196
0.46 0.47 17 1210.82 2864301.0876
0.46 0.47 18 1061.31 4310117.2739
0.46 0.47 19 1283.71 6865997.9059
0.47 0.48 0 92.0 6909.64
0.47 0.48 1 221.24 48482.6224
0.47 0.48 2 205.12 29763.1856
0.47 0.48 3 122.44 16913.0664
0.47 0.48 4 124.69 15789.2139
0.47 0.48 5 189.4 46413.32
0.47 0.48 6 212.39 77615.5179
0.47 0.48 7 278.01 235184.5699
0.47 0.48 8 211.56 92870.1464
0.47 0.48 9 302.11 191819.2779
0.47 0.48 10 431.62 476608.8556
0.47 0.48 11 471.62 419360.7556
0.47 0.48 12 554.2 645511.2
0.47 0.48 13 602.36 813387.8304
0.47 0.48 14 797.32 1354560.2376
0.47 0.48 15 924.92 2271298.6936
0.47 0.48 16 876.34 1977443.7444
0.47 0.48 17 858.75 1388220.1475
0.47 0.48 18 1273.02 2837363.6796
0.47 0.48 19 1191.96 3528590.0584
0.48 0.49 0 99.5 9003.51
0.48 0.49 1 233.32 47941.6376
0.48 0.49 2 195.61 31736.4179
0.48 0.49 3 157.23 29911.3971
0.48 0.49 4 146.4 24202.08
0.48 0.49 5 165.03 46708.0091
0.48 0.49 6 237.77 163512.4171
0.48 0.49 7 277.11 125207.6779
0.48 0.49 8 332.61 230470.7779
0.48 0.49 9 381.27 305873.9771
0.48 0.49 10 409.33 404751.0411
0.48 0.49 11 523.69 640632.3339
0.48 0.49 12 598.64 652660.3704
0.48 0.49 13 922.78 2245818.2116
0.48 0.49 14 648.0 1055623.8
0.48 0.49 15 726.55 975853.0075
0.48 0.49 16 1176.86 5012052.7804
0.48 0.49 17 950.33 2290696.9611
0.48 0.49 18 1462.23 7537020.5571
0.48 0.49 19 1287.52 3448895.8496
0.49 0.5 0 104.71 8861.0459
0.49 0.5 1 186.64 26453.2304
0.49 0.5 2 136.36 16323.9504
0.49 0.5 3 131.12 23873.2256
0.49 0.5 4 138.04 18784.6184
0.49 0.5 5 162.77 55003.2971
0.49 0.5 6 204.73 129766.8771
0.49 0.5 7 322.74 240699.9324
0.49 0.5 8 256.18 106724.6676
0.49 0.5 9 336.85 261876.8075
0.49 0.5 10 315.83 213414.9811
0.49 0.5 11 520.89 398336.6779
0.49 0.5 12 655.21 871991.1059
0.49 0.5 13 615.47 1132884.4291
0.49 0.5 14 706.78 1169050.3316
0.49 0.5 15 934.35 1510290.5075
0.49 0.5 16 865.94 2039771.2964
0.49 0.5 17 914.7 2347460.59
0.49 0.5 18 932.93 2718324.7651
0.49 0.5 19 1151.54 7358377.0084
0.5 0.51 0 90.88 9099.2656
0.5 0.51 1 204.36 35567.1104
0.5 0.51 2 200.78 34824.4716
0.5 0.51 3 134.42 23325.5236
0.5 0.51 4 134.31 20543.4139
0.5 0.51 5 169.24 33568.5624
0.5 0.51 6 108.85 18482.3475
0.5 0.51 7 56.63 2093.2331
0.5 0.51 8 42.88 1025.8856
0.5 0.51 9 49.77 1683.7171
0.5 0.51 10 50.37 1373.6931
0.5 0.51 11 54.36 1440.2704
0.5 0.51 12 61.05 1682.2475
0.5 0.51 13 70.79 2931.4059
0.5 0.51 14 62.79 1763.9059
0.5 0.51 15 73.22 2891.6716
0.5 0.51 16 73.38 2592.9956
0.5 0.51 17 69.58 1825.1436
0.5 0.51 18 77.48 2956.8696
0.5 0.51 19 83.43 3603.9451
0.51 0.52 0 103.51 12686.8099
0.51 0.52 1 184.92 43615.8336
0.51 0.52 2 182.66 33316.4844
0.51 0.52 3 128.95 20736.6875
0.51 0.52 4 102.94 27253.1364
0.51 0.52 5 99.56 9635.7864
0.51 0.52 6 51.27 1865.3771
0.51 0.52 7 56.91 2952.5619
0.51 0.52 8 60.48 3892.0496
0.51 0.52 9 73.14 4374.9004
0.51 0.52 10 81.59 5191.9219
0.51 0.52 11 92.62 8414.5556
0.51 0.52 12 79.64 5567.1304
0.51 0.52 13 105.98 10244.2396
0.51 0.52 14 92.84 5665.7944
0.51 0.52 15 96.7 7095.29
0.51 0.52 16 99.94 8739.2964
0.51 0.52 17 106.34 8195.7044
0.51 0.52 18 130.69 12415.3339
0.51 0.52 19 125.32 8607.9176
0.52 0.53 0 84.85 6511.5875
0.52 0.53 1 188.77 37560.7371
0.52 0.53 2 165.99 27327.8899
0.52 0.53 3 138.49 20248.3499
0.52 0.53 4 144.41 23456.2019
0.52 0.53 5 74.5 6953.15
0.52 0.53 6 88.26 9491.9724
0.52 0.53 7 99.16 10446.3944
0.52 0.53 8 109.12 20452.2656
0.52 0.53 9 112.94 17018.5564
0.52 0.53 10 163.54 39118.1284
0.52 0.53 11 191.72 45675.0016
0.52 0.53 12 199.12 51624.0656
0.52 0.53 13 278.16 108848.8344
0.52 0.53 14 243.65 79986.2675
0.52 0.53 15 356.94 226577.9964
0.52 0.53 16 314.91 149951.9619
0.52 0.53 17 393.51 210836.7099
0.52 0.53 18 304.18 224771.3676
0.52 0.53 19 366.34 223100.0844
0.53 0.54 0 102.56 16798.1264
0.53 0.54 1 188.42 33434.9436
0.53 0.54 2 166.97 23863.5691
0.53 0.54 3 150.94 23265.7364
0.53 0.54 4 116.44 12361.8864
0.53 0.54 5 104.62 13808.6956
0.53 0.54 6 79.11 8638.2779
0.53 0.54 7 77.06 4705.2164
0.53 0.54 8 65.82 3246.5676
0.53 0.54 9 72.38 4766.5956
0.53 0.54 10 86.93 5713.5851
0.53 0.54 11 86.66 5381.5044
0.53 0.54 12 97.63 6793.0731
0.53 0.54 13 101.47 9508.6291
0.53 0.54 14 93.28 3823.5216
0.53 0.54 15 112.57 9039.8051
0.53 0.54 16 126.85 13297.6875
0.53 0.54 17 116.0 7617.52
0.53 0.54 18 141.37 12229.3931
0.53 0.54 19 137.64 13810.2304
0.54 0.55 0 113.16 12443.7744
0.54 0.55 1 153.88 18153.3856
0.54 0.55 2 138.13 20706.4331
0.54 0.55 3 124.7 12413.09
0.54 0.55 4 110.63 8349.8731
0.54 0.55 5 163.75 36443.4275
0.54 0.55 6 139.8 40131.2
0.54 0.55 7 162.64 42170.8504
0.54 0.55 8 218.24 87663.4824
0.54 0.55 9 165.02 43843.1796
0.54 0.55 10 286.22 154605.8116
0.54 0.55 11 320.3 210170.75
0.54 0.55 12 457.88 317228.4656
0.54 0.55 13 476.97 420233.5091
0.54 0.55 14 503.3 329946.25
0.54 0.55 15 368.01 335279.1699
0.54 0.55 16 567.35 708662.9075
0.54 0.55 17 609.06 684423.9364
0.54 0.55 18 666.0 668110.56
0.54 0.55 19 755.81 1194945.2739
0.55 0.56 0 114.43 13354.8651
0.55 0.56 1 155.0 21863.44
0.55 0.56 2 152.98 26777.7796
0.55 0.56 3 102.06 10285.1764
0.55 0.56 4 90.38 10954.5956
0.55 0.56 5 94.89 8808.5379
0.55 0.56 6 118.76 24040.8024
0.55 0.56 7 130.15 20923.3475
0.55 0.56 8 150.35 25297.3275
0.55 0.56 9 162.22 43813.4516
0.55 0.56 10 250.8 66753.56
0.55 0.56 11 286.67 109015.3611
0.55 0.56 12 337.54 151670.3884
0.55 0.56 13 337.77 214004.9771
0.55 0.56 14 412.22 266264.3316
0.55 0.56 15 469.59 478792.2419
0.55 0.56 16 448.31 394176.3939
0.55 0.56 17 409.14 273589.2804
0.55 0.56 18 638.14 568202.6204
0.55 0.56 19 611.57 636757.6251
0.56 0.57 0 91.19 7220.8539
0.56 0.57 1 160.58 24835.3236
0.56 0.57 2 182.22 41435.7916
0.56 0.57 3 131.56 17481.8464
0.56 0.57 4 113.36 10739.7504
0.56 0.57 5 89.94 6718.3364
0.56 0.57 6 74.59 6492.7019
0.56 0.57 7 56.19 2902.4539
0.56 0.57 8 69.13 3222.2331
0.56 0.57 9 58.15 2294.9075
0.56 0.57 10 71.41 3915.6219
0.56 0.57 11 82.32 6445.1776
0.56 0.57 12 80.87 4597.1131
0.56 0.57 13 97.0 8577.1
0.56 0.57 14 97.51 6738.5299
0.56 0.57 15 91.8 5633.94
0.56 0.57 16 120.43 9355.2851
0.56 0.57 17 123.02 13989.7796
0.56 0.57 18 122.95 9381.5475
0.56 0.57 19 116.3 11585.39
0.57 0.58 0 97.24 9375.7224
0.57 0.58 1 148.32 22652.4776
0.57 0.58 2 161.44 30208.3264
0.57 0.58 3 132.77 25241.9771
0.57 0.58 4 214.81 57604.3339
0.57 0.58 5 210.25 41112.0675
0.57 0.58 6 228.42 92077.7036
0.57 0.58 7 250.78 125727.0916
0.57 0.58 8 349.47 296985.5091
0.57 0.58 9 284.69 152365.4339
0.57 0.58 10 420.05 378167.2675
0.57 0.58 11 397.63 341752.3931
0.57 0.58 12 720.31 1295605.3739
0.57 0.58 13 533.32 748835.0976
0.57 0.58 14 708.34 1703886.3644
0.57 0.58 15 830.31 1575512.4339
0.57 0.58 16 1042.15 2181759.1275
0.57 0.58 17 1376.69 3665466.5539
0.57 0.58 18 1290.42 3335855.2636
0.57 0.58 19 994.18 5111549.4076
0.58 0.59 0 100.99 11394.9699
0.58 0.59 1 165.04 25541.3584
0.58 0.59 2 152.27 22627.2171
0.58 0.59 3 131.49 19074.8099
0.58 0.59 4 164.09 28260.1019
0.58 0.59 5 152.55 28177.4675
0.58 0.59 6 260.68 82219.6576
0.58 0.59 7 314.13 179525.8731
0.58 0.59 8 387.67 248615.8011
0.58 0.59 9 494.45 402956.5875
0.58 0.59 10 448.05 306696.5275
0.58 0.59 11 523.18 647597.7076
0.58 0.59 12 702.23 877868.2971
0.58 0.59 13 853.78 1569731.4716
0.58 0.59 14 819.99 1505580.5699
0.58 0.59 15 1035.09 2412800.6619
0.58 0.59 16 1316.4 3624110.4
0.58 0.59 17 1204.41 3225953.4819
0.58 0.59 18 1547.74 4020200.3924
0.58 0.59 19 1964.34 7006498.9244
0.59 0.6 0 99.27 10702.3371
0.59 0.6 1 149.27 26552.4971
0.59 0.6 2 148.36 20314.6904
0.59 0.6 3 123.14 21639.6204
0.59 0.6 4 153.4 25295.24
0.59 0.6 5 134.21 18411.1059
0.59 0.6 6 176.94 41311.2564
0.59 0.6 7 157.51 47274.7699
0.59 0.6 8 203.34 81186.4244
0.59 0.6 9 247.95 106097.9675
0.59 0.6 10 281.07 119351.8251
0.59 0.6 11 334.78 268153.6516
0.59 0.6 12 354.82 244424.5876
0.59 0.6 13 444.77 340845.9971
0.59 0.6 14 557.05 605613.0675
0.59 0.6 15 533.85 444706.7875
0.59 0.6 16 682.61 721831.8179
0.59 0.6 17 610.38 933423.2356
0.59 0.6 18 958.64 1524755.2904
0.59 0.6 19 994.82 1893615.0276
0.6 0.61 0 95.7 9217.41
0.6 0.61 1 160.41 21051.7219
0.6 0.61 2 123.85 17093.2675
0.6 0.61 3 118.45 17119.0275
0.6 0.61 4 141.09 20197.2819
0.6 0.61 5 153.71 35786.2459
0.6 0.61 6 164.01 37948.3099
0.6 0.61 7 210.21 55691.2059
0.6 0.61 8 236.01 101089.4299
0.6 0.61 9 306.92 172348.5136
0.6 0.61 10 412.15 287853.2675
0.6 0.61 11 302.57 134632.1251
0.6 0.61 12 609.53 667024.3091
0.6 0.61 13 539.7 450836.13
0.6 0.61 14 574.6 772410.44
0.6 0.61 15 581.59 490922.6819
0.6 0.61 16 671.57 704759.1051
0.6 0.61 17 749.25 948869.1475
0.6 0.61 18 836.75 1186508.1275
0.6 0.61 19 1258.62 3345022.0156
0.61 0.62 0 91.15 7265.7275
0.61 0.62 1 176.45 30457.5475
0.61 0.62 2 130.47 19849.4091
0.61 0.62 3 114.85 15615.1075
0.61 0.62 4 111.62 15546.9156
0.61 0.62 5 98.16 10749.9344
0.61 0.62 6 193.66 56455.9644
0.61 0.62 7 213.64 48014.2704
0.61 0.62 8 252.69 111661.3939
0.61 0.62 9 259.58 140866.0836
0.61 0.62 10 354.68 172782.0176
0.61 0.62 11 422.43 318620.3051
0.61 0.62 12 495.86 474091.7804
0.61 0.62 13 571.62 565342.0556
0.61 0.62 14 647.14 1122943.7004
0.61 0.62 15 727.63 780269.3731
0.61 0.62 16 814.6 1192588.3
0.61 0.62 17 588.76 850101.4824
0.61 0.62 18 875.52 1459946.3296
0.61 0.62 19 841.37 1357263.7931
0.62 0.63 0 106.58 9872.7636
0.62 0.63 1 172.27 33888.6371
0.62 0.63 2 139.31 14333.6139
0.62 0.63 3 123.66 18247.5444
0.62 0.63 4 82.13 7664.3731
0.62 0.63 5 66.69 3785.4339
0.62 0.63 6 45.06 1290.0564
0.62 0.63 7 46.21 1040.1459
0.62 0.63 8 55.0 2634.82
0.62 0.63 9 54.42 1896.2436
0.62 0.63 10 70.59 3769.8819
0.62 0.63 11 77.73 10230.8371
0.62 0.63 12 73.15 3101.6675
0.62 0.63 13 88.65 3538.4475
0.62 0.63 14 80.77 6489.2571
0.62 0.63 15 91.5 5875.69
0.62 0.63 16 97.17 7964.0811
0.62 0.63 17 91.35 5977.9475
0.62 0.63 18 117.1 11119.37
0.62 0.63 19 107.43 10751.4851
0.63 0.64 0 94.27 8339.8771
0.63 0.64 1 162.94 27566.1964
0.63 0.64 2 125.84 14414.3944
0.63 0.64 3 233.36 80255.9304
0.63 0.64 4 189.19 49727.1739
0.63 0.64 5 217.82 69464.8276
0.63 0.64 6 147.06 30882.1764
0.63 0.64 7 197.55 57037.2075
0.63 0.64 8 231.06 121590.8164
0.63 0.64 9 303.8 206058.92
0.63 0.64 10 285.98 153806.4196
0.63 0.64 11 250.72 155738.1016
0.63 0.64 12 409.86 404033.7804
0.63 0.64 13 471.2 582572.92
0.63 0.64 14 750.18 1570875.1676
0.63 0.64 15 509.54 506590.9484
0.63 0.64 16 756.83 1828051.4611
0.63 0.64 17 681.09 1296702.4019
0.63 0.64 18 640.99 1549722.3699
0.63 0.64 19 988.91 3465693.4619
0.64 0.65 0 96.25 12794.7275
0.64 0.65 1 172.97 31852.1491
0.64 0.65 2 151.04 23052.7784
0.64 0.65 3 196.28 38520.9416
0.64 0.65 4 180.99 36204.2499
0.64 0.65 5 171.01 56800.4699
0.64 0.65 6 180.81 47325.0939
0.64 0.65 7 167.42 61079.4436
0.64 0.65 8 207.48 78252.4496
0.64 0.65 9 224.21 135974.2259
0.64 0.65 10 372.39 212359.4579
0.64 0.65 11 382.31 282847.8539
0.64 0.65 12 440.65 481789.4275
0.64 0.65 13 375.47 302124.7091
0.64 0.65 14 426.09 288310.1619
0.64 0.65 15 574.85 956744.2275
0.64 0.65 16 684.44 1598678.7264
0.64 0.65 17 717.49 1001051.0299
0.64 0.65 18 780.57 1407993.3651
0.64 0.65 19 995.13 2928190.1331
0.65 0.66 0 98.19 11844.0539
0.65 0.66 1 120.83 10243.6811
0.65 0.66 2 135.76 20645.2624
0.65 0.66 3 157.32 25865.2376
0.65 0.66 4 165.33 31103.1411
0.65 0.66 5 130.8 27403.58
0.65 0.66 6 150.99 39538.0899
0.65 0.66 7 199.33 69818.5811
0.65 0.66 8 170.99 58100.5699
0.65 0.66 9 288.09 164853.1019
0.65 0.66 10 295.65 152816.2075
0.65 0.66 11 270.46 205003.5084
0.65 0.66 12 436.39 720754.3179
0.65 0.66 13 516.5 500677.31
0.65 0.66 14 644.53 828179.3491
0.65 0.66 15 650.09 1463862.4019
0.65 0.66 16 508.2 587152.86
0.65 0.66 17 655.53 1078347.1491
0.65 0.66 18 955.28 2204964.8416
0.65 0.66 19 737.34 1592571.2644
0.66 0.67 0 109.59 11525.4819
0.66 0.67 1 121.55 16684.1075
0.66 0.67 2 153.87 20809.0131
0.66 0.67 3 184.78 41575.9516
0.66 0.67 4 163.7 25121.33
0.66 0.67 5 262.16 71573.6344
0.66 0.67 6 253.43 66501.1651
0.66 0.67 7 293.17 90282.7211
0.66 0.67 8 458.52 361875.0696
0.66 0.67 9 424.16 261399.3144
0.66 0.67 10 430.17 235227.0811
0.66 0.67 11 550.3 473765.59
0.66 0.67 12 757.83 1000787.0011
0.66 0.67 13 1080.63 1447566.0131
0.66 0.67 14 1066.07 2248014.6051
0.66 0.67 15 1168.59 2810741.4019
0.66 0.67 16 1152.1 2788961.95
0.66 0.67 17 1220.38 3328293.0756
0.66 0.67 18 1581.28 4151704.5616
0.66 0.67 19 1804.56 5877095.8064
0.67 0.68 0 90.03 6010.9891
0.67 0.68 1 138.73 17427.7971
0.67 0.68 2 134.19 14385.5339
0.67 0.68 3 139.43 31105.0451
0.67 0.68 4 170.77 33947.5371
0.67 0.68 5 201.78 52266.8916
0.67 0.68 6 228.56 75767.8664
0.67 0.68 7 282.79 91157.3259
0.67 0.68 8 402.38 307186.1956
0.67 0.68 9 358.76 183569.7824
0.67 0.68 10 432.82 215812.2076
0.67 0.68 11 554.37 399479.2531
0.67 0.68 12 773.07 668586.4451
0.67 0.68 13 633.18 501418.0676
0.67 0.68 14 881.54 747314.3084
0.67 0.68 15 1022.22 2144900.8716
0.67 0.68 16 1075.69 1732369.5539
0.67 0.68 17 1138.38 1864552.8756
0.67 0.68 18 1215.17 2660836.5011
0.67 0.68 19 1427.65 3737896.0075
0.68 0.69 0 102.15 13361.1275
0.68 0.69 1 131.09 15939.0219
0.68 0.69 2 146.76 18754.2424
0.68 0.69 3 140.69 18296.9539
0.68 0.69 4 117.46 15026.6484
0.68 0.69 5 114.11 17372.4779
0.68 0.69 6 109.48 14056.3096
0.68 0.69 7 156.52 33141.0496
0.68 0.69 8 174.89 41889.1979
0.68 0.69 9 207.04 70562.4184
0.68 0.69 10 281.84 100276.3144
0.68 0.69 11 310.76 203315.0024
0.68 0.69 12 320.91 215864.0019
0.68 0.69 13 453.69 441835.8739
0.68 0.69 14 492.92 457110.2336
0.68 0.69 15 461.8 355208.32
0.68 0.69 16 411.96 303858.7984
0.68 0.69 17 715.47 1014307.5491
0.68 0.69 18 629.23 1099888.2771
0.68 0.69 19 857.93 1668527.9851
0.69 0.7 0 103.71 11149.5859
0.69 0.7 1 126.67 15332.0411
0.69 0.7 2 156.25 26948.0875
0.69 0.7 3 145.28 18692.0216
0.69 0.7 4 230.96 60196.0784
0.69 0.7 5 171.74 26469.1524
0.69 0.7 6 172.58 49103.8236
0.69 0.7 7 212.24 125768.8624
0.69 0.7 8 265.61 104277.1379
0.69 0.7 9 294.94 206147.4964
0.69 0.7 10 428.08 385084.9936
0.69 0.7 11 369.05 385708.7675
0.69 0.7 12 353.11 220052.6979
0.69 0.7 13 512.27 439550.3371
0.69 0.7 14 787.43 1247829.3651
0.69 0.7 15 706.83 1535245.8811
0.69 0.7 16 868.22 2391720.4116
0.69 0.7 17 796.36 1506249.7304
0.69 0.7 18 1099.2 3399680.2
0.69 0.7 19 1247.48 2547999.6896
0.7 0.71 0 91.92 6704.4536
0.7 0.71 1 140.44 21812.2264
0.7 0.71 2 112.51 13907.1699
0.7 0.71 3 130.04 16419.2784
0.7 0.71 4 144.01 19283.5299
0.7 0.71 5 202.2 57517.08
0.7 0.71 6 200.53 65630.8691
0.7 0.71 7 189.69 48634.1139
0.7 0.71 8 255.94 106681.8564
0.7 0.71 9 323.91 171874.0419
0.7 0.71 10 351.28 238413.4016
0.7 0.71 11 350.57 250751.7651
0.7 0.71 12 481.65 433881.8475
0.7 0.71 13 605.57 645607.8851
0.7 0.71 14 680.51 1004723.5299
0.7 0.71 15 901.08 967460.6736
0.7 0.71 16 750.18 1602278.4076
0.7 0.71 17 1054.81 2077526.9739
0.7 0.71 18 936.77 2139662.2171
0.7 0.71 19 1175.03 2589556.9091
0.71 0.72 0 111.81 10490.1539
0.71 0.72 1 136.76 18524.9024
0.71 0.72 2 139.97 23614.9291
0.71 0.72 3 148.71 21670.0659
0.71 0.72 4 122.65 24569.5275
0.71 0.72 5 154.82 38849.5876
0.71 0.72 6 185.47 36581.0891
0.71 0.72 7 205.45 70994.7875
0.71 0.72 8 238.59 78461.8819
0.71 0.72 9 221.52 114621.2296
0.71 0.72 10 293.21 170686.3659
0.71 0.72 11 416.26 417544.1124
0.71 0.72 12 376.32 252463.5576
0.71 0.72 13 594.32 475382.6176
0.71 0.72 14 393.7 301609.07
0.71 0.72 15 636.26 679778.5524
0.71 0.72 16 517.82 550212.8676
0.71 0.72 17 1083.5 2438920.15
0.71 0.72 18 669.24 906366.6024
0.71 0.72 19 768.74 1157884.2524
0.72 0.73 0 83.6 7776.48
0.72 0.73 1 138.28 18277.0616
0.72 0.73 2 145.24 16484.3424
0.72 0.73 3 105.82 9609.7076
0.72 0.73 4 141.43 24238.6651
0.72 0.73 5 233.96 76303.3384
0.72 0.73 6 199.86 48861.3804
0.72 0.73 7 173.71 54236.3059
0.72 0.73 8 258.66 81233.7444
0.72 0.73 9 296.48 182028.7496
0.72 0.73 10 364.16 228441.0744
0.72 0.73 11 482.87 387322.2531
0.72 0.73 12 529.75 701518.4275
0.72 0.73 13 509.42 577532.0636
0.72 0.73 14 697.16 1053816.2144
0.72 0.73 15 793.18 1126401.8876
0.72 0.73 16 961.96 1715738.0184
0.72 0.73 17 774.6 1017793.92
0.72 0.73 18 1043.69 1783408.2539
0.72 0.73 19 1020.78 1828316.6716
0.73 0.74 0 105.21 10906.5459
0.73 0.74 1 115.95 11867.3675
0.73 0.74 2 139.26 18682.4124
0.73 0.74 3 113.83 7830.1611
0.73 0.74 4 109.45 13408.4875
0.73 0.74 5 146.58 37847.2236
0.73 0.74 6 124.81 22297.1539
0.73 0.74 7 198.81 78344.2939
0.73 0.74 8 214.39 64991.1979
0.73 0.74 9 252.98 115430.2996
0.73 0.74 10 234.85 145077.7475
0.73 0.74 11 443.73 620892.8171
0.73 0.74 12 389.25 261900.9075
0.73 0.74 13 479.74 361310.4524
0.73 0.74 14 626.98 638346.3996
0.73 0.74 15 732.29 1506116.6659
0.73 0.74 16 652.41 1245587.5619
0.73 0.74 17 544.53 600518.0291
0.73 0.74 18 920.8 1839097.1
0.73 0.74 19 914.24 1797199.1824
0.74 0.75 0 87.44 6730.0264
0.74 0.75 1 105.46 11011.1084
0.74 0.75 2 127.9 14551.61
0.74 0.75 3 127.66 12317.1444
0.74 0.75 4 84.27 15510.3771
0.74 0.75 5 102.51 22960.7299
0.74 0.75 6 105.22 16252.4516
0.74 0.75 7 136.32 31970.4576
0.74 0.75 8 174.11 64703.7179
0.74 0.75 9 193.46 73038.4284
0.74 0.75 10 224.42 92954.1636
0.74 0.75 11 246.38 141763.1956
0.74 0.75 12 296.77 239798.1771
0.74 0.75 13 308.47 187374.0691
0.74 0.75 14 429.64 424576.7304
0.74 0.75 15 500.3 520847.21
0.74 0.75 16 383.66 483891.0444
0.74 0.75 17 596.51 1211596.1899
0.74 0.75 18 503.33 947933.2611
0.74 0.75 19 828.35 1929182.2875
0.75 0.76 0 93.73 8179.4371
0.75 0.76 1 108.24 12922.7624
0.75 0.76 2 237.97 92640.9891
0.75 0.76 3 162.93 28171.6451
0.75 0.76 4 140.77 39003.1371
0.75 0.76 5 133.78 36017.5116
0.75 0.76 6 119.52 15613.7696
0.75 0.76 7 68.77 3925.4171
0.75 0.76 8 59.09 2800.4019
0.75 0.76 9 62.3 2420.67
0.75 0.76 10 65.52 2068.5096
0.75 0.76 11 72.45 2503.1875
0.75 0.76 12 62.87 2181.3931
0.75 0.76 13 75.93 2220.8851
0.75 0.76 14 76.92 2197.4936
0.75 0.76 15 94.5 3912.21
0.75 0.76 16 100.55 5003.9675
0.75 0.76 17 96.65 4163.1875
0.75 0.76 18 81.3 3570.41
0.75 0.76 19 104.4 5023.3
0.76 0.77 0 98.9 11585.83
0.76 0.77 1 116.82 18099.4876
0.76 0.77 2 226.31 41479.3739
0.76 0.77 3 162.15 26299.5075
0.76 0.77 4 143.76 18689.6024
0.76 0.77 5 97.61 8219.6179
0.76 0.77 6 54.88 2230.5656
0.76 0.77 7 65.1 3516.05
0.76 0.77 8 75.94 3524.1564
0.76 0.77 9 70.27 2404.6171
0.76 0.77 10 68.09 2290.6619
0.76 0.77 11 85.08 4759.9136
0.76 0.77 12 83.25 4210.4475
0.76 0.77 13 100.57 7385.2451
0.76 0.77 14 98.58 8997.5636
0.76 0.77 15 109.66 7009.8444
0.76 0.77 16 117.78 11994.4516
0.76 0.77 17 125.78 9781.6916
0.76 0.77 18 116.55 8408.1275
0.76 0.77 19 134.8 9584.06
0.77 0.78 0 87.04 5229.2384
0.77 0.78 1 127.13 18037.8331
0.77 0.78 2 185.9 43017.43
0.77 0.78 3 125.04 15697.3984
0.77 0.78 4 127.32 20619.9176
0.77 0.78 5 76.78 4534.4916
0.77 0.78 6 85.97 4853.5891
0.77 0.78 7 93.27 11386.8171
0.77 0.78 8 94.75 13634.9475
0.77 0.78 9 106.07 10312.3851
0.77 0.78 10 158.25 34758.8875
0.77 0.78 11 186.51 43970.3899
0.77 0.78 12 193.54 69328.6484
0.77 0.78 13 258.18 95297.0276
0.77 0.78 14 229.46 118235.4884
0.77 0.78 15 277.23 97526.2771
0.77 0.78 16 328.7 151766.29
0.77 0.78 17 419.16 296724.9544
0.77 0.78 18 367.06 192374.5564
0.77 0.78 19 316.42 263322.8036
0.78 0.79 0 82.92 6364.0736
0.78 0.79 1 106.61 9861.7179
0.78 0.79 2 188.71 37055.3659
0.78 0.79 3 172.97 26796.1691
0.78 0.79 4 135.44 13530.9064
0.78 0.79 5 110.99 12584.1499
0.78 0.79 6 98.46 8932.3484
0.78 0.79 7 68.87 4037.3531
0.78 0.79 8 74.99 3755.6299
0.78 0.79 9 77.78 3423.9116
0.78 0.79 10 79.74 4473.2124
0.78 0.79 11 85.44 3968.5664
0.78 0.79 12 94.9 5727.99
0.78 0.79 13 92.47 4594.0691
0.78 0.79 14 109.37 9172.9531
0.78 0.79 15 112.62 9043.3556
0.78 0.79 16 113.79 9464.7859
0.78 0.79 17 110.67 7309.8611
0.78 0.79 18 120.8 13354.56
0.78 0.79 19 168.19 18552.2139
0.79 0.8 0 117.9 14561.47
0.79 0.8 1 131.08 16705.9336
0.79 0.8 2 192.67 35454.5811
0.79 0.8 3 152.87 25418.8731
0.79 0.8 4 107.6 13373.24
0.79 0.8 5 150.1 25422.35
0.79 0.8 6 128.86 18063.0404
0.79 0.8 7 146.98 25455.7796
0.79 0.8 8 179.84 45533.6744
0.79 0.8 9 199.13 87424.3531
0.79 0.8 10 363.81 152187.9339
0.79 0.8 11 311.81 170218.3939
0.79 0.8 12 319.8 198901.24
0.79 0.8 13 407.17 366178.5211
0.79 0.8 14 429.13 307417.3731
0.79 0.8 15 523.82 426733.3876
0.79 0.8 16 625.75 895498.2475
0.79 0.8 17 518.38 538911.3556
0.79 0.8 18 630.73 635099.7171
0.79 0.8 19 499.04 625508.2984
0.8 0.81 0 104.17 8919.7411
0.8 0.81 1 126.98 17029.0196
0.8 0.81 2 171.24 24551.6424
0.8 0.81 3 114.17 11019.7411
0.8 0.81 4 86.03 7436.3091
0.8 0.81 5 79.86 9729.2604
0.8 0.81 6 131.99 19163.0899
0.8 0.81 7 96.31 9863.1339
0.8 0.81 8 151.06 23737.6764
0.8 0.81 9 184.94 53913.4364
0.8 0.81 10 261.82 101103.9076
0.8 0.81 11 250.99 90598.3299
0.8 0.81 12 372.74 270453.8524
0.8 0.81 13 267.71 130765.5659
0.8 0.81 14 436.5 276215.15
0.8 0.81 15 426.69 243209.0939
0.8 0.81 16 482.04 409933.1984
0.8 0.81 17 498.34 409500.9044
0.8 0.81 18 866.91 988082.0819
0.8 0.81 19 435.56 314916.3064
0.81 0.82 0 105.14 12354.3604
0.81 0.82 1 104.31 10820.5339
0.81 0.82 2 161.36 24926.5704
0.81 0.82 3 125.67 14982.5411
0.81 0.82 4 105.35 9391.5675
0.81 0.82 5 76.87 6113.0731
0.81 0.82 6 61.07 2173.3451
0.81 0.82 7 67.41 2774.0219
0.81 0.82 8 66.08 3209.3536
0.81 0.82 9 72.3 3585.47
0.81 0.82 10 77.74 4674.7724
0.81 0.82 11 85.89 4408.0179
0.81 0.82 12 84.12 5044.7256
0.81 0.82 13 96.74 9498.0324
0.81 0.82 14 102.16 7070.9344
0.81 0.82 15 103.9 9601.13
0.81 0.82 16 114.3 7147.39
0.81 0.82 17 128.54 14980.3484
0.81 0.82 18 117.77 15001.3171
0.81 0.82 19 131.83 8890.1411
0.82 0.83 0 112.82 13157.3876
0.82 0.83 1 106.53 8784.0291
0.82 0.83 2 145.94 23027.0364
0.82 0.83 3 128.07 13802.4451
0.82 0.83 4 194.98 33769.8996
0.82 0.83 5 177.69 25653.5939
0.82 0.83 6 179.56 77345.4264
0.82 0.83 7 169.3 38656.13
0.82 0.83 8 174.15 50138.7675
0.82 0.83 9 303.97 152461.7291
0.82 0.83 10 235.83 135342.8211
0.82 0.83 11 354.09 383660.3219
0.82 0.83 12 410.19 364815.7339
0.82 0.83 13 288.0 144828.58
0.82 0.83 14 474.32 577370.9376
0.82 0.83 15 511.75 827493.3875
0.82 0.83 16 547.36 956221.8904
0.82 0.83 17 656.85 1093944.6075
0.82 0.83 18 928.17 2446896.0611
0.82 0.83 19 791.66 1531451.0844
0.83 0.84 0 99.73 9708.0971
0.83 0.84 1 103.28 9212.5416
0.83 0.84 2 122.03 21373.3491
0.83 0.84 3 109.2 12696.82
0.83 0.84 4 125.76 13462.0224
0.83 0.84 5 121.14 17771.1804
0.83 0.84 6 181.5 38049.59
0.83 0.84 7 161.86 26327.5004
0.83 0.84 8 223.58 78108.8236
0.83 0.84 9 337.99 201715.9499
0.83 0.84 10 513.76 447942.4224
0.83 0.84 11 418.21 253392.2059
0.83 0.84 12 514.27 379241.6771
0.83 0.84 13 648.57 619550.6051
0.83 0.84 14 723.73 946364.5171
0.83 0.84 15 777.78 991640.0716
0.83 0.84 16 876.62 1198849.4156
0.83 0.84 17 987.25 1755997.9475
0.83 0.84 18 967.5 1566014.19
0.83 0.84 19 1419.61 6522878.3779
0.84 0.85 0 120.97 12787.3491
0.84 0.85 1 113.45 11922.0275
0.84 0.85 2 125.52 13282.5096
0.84 0.85 3 117.28 12325.3416
0.84 0.85 4 109.7 11606.05
0.84 0.85 5 125.77 17399.1971
0.84 0.85 6 110.48 18348.2296
0.84 0.85 7 143.0 24199.32
0.84 0.85 8 177.01 63307.8499
0.84 0.85 9 195.91 80157.8019
0.84 0.85 10 261.03 124282.4491
0.84 0.85 11 297.9 142922.51
0.84 0.85 12 273.11 145811.9979
0.84 0.85 13 405.88 267986.1856
0.84 0.85 14 340.89 233432.8379
0.84 0.85 15 345.92 240502.7936
0.84 0.85 16 370.46 354131.7484
0.84 0.85 17 509.46 440607.0684
0.84 0.85 18 688.69 1305934.6539
0.84 0.85 19 563.32 663289.1376
0.85 0.86 0 109.77 20265.0571
0.85 0.86 1 111.33 12946.4811
0.85 0.86 2 121.04 14120.9584
0.85 0.86 3 99.87 11370.0931
0.85 0.86 4 102.57 12946.0051
0.85 0.86 5 155.42 27454.6436
0.85 0.86 6 126.32 32335.4976
0.85 0.86 7 161.23 31810.5571
0.85 0.86 8 184.9 50436.05
0.85 0.86 9 186.46 50015.4684
0.85 0.86 10 199.74 55403.2324
0.85 0.86 11 239.47 107523.4491
0.85 0.86 12 274.37 156020.0331
0.85 0.86 13 382.01 282690.5099
0.85 0.86 14 385.76 309881.8224
0.85 0.86 15 367.31 173315.2739
0.85 0.86 16 520.05 688487.1875
0.85 0.86 17 571.3 623095.15
0.85 0.86 18 650.06 788285.8764
0.85 0.86 19 492.91 491146.3619
0.86 0.87 0 107.14 11102.7004
0.86 0.87 1 88.73 8527.8371
0.86 0.87 2 108.58 15188.5236
0.86 0.87 3 103.84 11813.1944
0.86 0.87 4 98.21 11910.1459
0.86 0.87 5 103.79 16467.0459
0.86 0.87 6 138.74 20985.5924
0.86 0.87 7 167.42 28195.4836
0.86 0.87 8 184.09 45323.6419
0.86 0.87 9 173.47 52585.7091
0.86 0.87 10 281.2 130668.78
0.86 0.87 11 324.97 127134.4091
0.86 0.87 12 307.44 342070.5464
0.86 0.87 13 415.21 347787.2459
0.86 0.87 14 419.84 344125.4544
0.86 0.87 15 563.12 673538.2256
0.86 0.87 16 367.75 182212.3675
0.86 0.87 17 587.63 773844.0131
0.86 0.87 18 559.06 800121.8764
0.86 0.87 19 628.42 671282.1236
0.87 0.88 0 111.67 11485.9411
0.87 0.88 1 120.78 10509.0916
0.87 0.88 2 102.65 8717.3875
0.87 0.88 3 112.06 8298.9164
0.87 0.88 4 74.83 3470.5211
0.87 0.88 5 60.72 3357.3616
0.87 0.88 6 45.58 1215.3036
0.87 0.88 7 44.8 967.14
0.87 0.88 8 48.3 1299.39
0.87 0.88 9 50.26 1600.5324
0.87 0.88 10 51.64 1730.9304
0.87 0.88 11 48.61 1327.8179
0.87 0.88 12 63.68 1909.1976
0.87 0.88 13 66.44 3198.7464
0.87 0.88 14 66.69 2704.7539
0.87 0.88 15 86.05 3091.6675
0.87 0.88 16 78.48 3666.9296
0.87 0.88 17 80.46 4241.6884
0.87 0.88 18 87.23 4297.5771
0.87 0.88 19 109.66 9342.6844
0.88 0.89 0 103.32 9187.3176
0.88 0.89 1 110.38 10375.2156
0.88 0.89 2 83.67 7729.3611
0.88 0.89 3 185.91 44885.5419
0.88 0.89 4 118.23 16108.6371
0.88 0.89 5 140.2 17724.02
0.88 0.89 6 64.59 2805.3419
0.88 0.89 7 59.42 2524.3036
0.88 0.89 8 72.98 2880.5396
0.88 0.89 9 68.23 2582.9571
0.88 0.89 10 63.91 1902.0619
0.88 0.89 11 78.27 2897.5571
0.88 0.89 12 104.98 7760.3596
0.88 0.89 13 102.45 6611.6475
0.88 0.89 14 106.79 6296.4859
0.88 0.89 15 91.14 7709.7604
0.88 0.89 16 115.8 6017.84
0.88 0.89 17 112.37 7796.4731
0.88 0.89 18 115.79 7706.7659
0.88 0.89 19 156.07 17212.0451
0.89 0.9 0 90.64 7724.5904
0.89 0.9 1 111.73 13468.1571
0.89 0.9 2 88.99 6655.7099
0.89 0.9 3 137.71 13555.4659
0.89 0.9 4 95.4 8908.38
0.89 0.9 5 97.22 9508.2116
0.89 0.9 6 96.89 6385.8579
0.89 0.9 7 79.49 5908.2699
0.89 0.9 8 78.52 3249.8096
0.89 0.9 9 80.09 4643.4019
0.89 0.9 10 89.25 6217.4875
0.89 0.9 11 93.34 7344.0444
0.89 0.9 12 97.38 7709.8156
0.89 0.9 13 101.68 5932.0576
0.89 0.9 14 117.73 12515.1771
0.89 0.9 15 124.09 11587.8819
0.89 0.9 16 108.36 7744.6104
0.89 0.9 17 132.01 11567.1299
0.89 0.9 18 133.35 19727.4475
0.89 0.9 19 171.45 24333.6475
0.9 0.91 0 101.76 10952.9424
0.9 0.91 1 107.7 13733.13
0.9 0.91 2 88.5 8470.87
0.9 0.91 3 104.66 10467.1444
0.9 0.91 4 100.03 8991.9891
0.9 0.91 5 71.97 5728.6891
0.9 0.91 6 54.64 2003.5504
0.9 0.91 7 61.16 2372.7744
0.9 0.91 8 65.46 2988.9484
0.9 0.91 9 67.49 3367.0299
0.9 0.91 10 78.49 3041.1899
0.9 0.91 11 70.56 2961.4064
0.9 0.91 12 89.11 3799.2979
0.9 0.91 13 98.26 5464.3124
0.9 0.91 14 100.68 6010.7576
0.9 0.91 15 115.25 7380.4875
0.9 0.91 16 118.05 8824.4275
0.9 0.91 17 120.95 10184.8675
0.9 0.91 18 116.66 5224.5444
0.9 0.91 19 132.22 11701.4516
0.91 0.92 0 114.15 15540.2075
0.91 0.92 1 131.92 13920.8736
0.91 0.92 2 98.48 7792.3096
0.91 0.92 3 104.47 12959.6691
0.91 0.92 4 90.14 8469.5004
0.91 0.92 5 159.88 30375.3056
0.91 0.92 6 116.49 11040.1099
0.91 0.92 7 148.35 32935.5275
0.91 0.92 8 187.17 53429.9211
0.91 0.92 9 193.34 60551.1644
0.91 0.92 10 173.22 46489.0516
0.91 0.92 11 238.24 114113.1224
0.91 0.92 12 291.62 132042.2756
0.91 0.92 13 347.2 155186.7
0.91 0.92 14 311.2 201502.8
0.91 0.92 15 369.81 302157.5539
0.91 0.92 16 434.85 416763.7875
0.91 0.92 17 360.38 245988.7756
0.91 0.92 18 559.04 625169.1384
0.91 0.92 19 527.35 692826.0275
0.92 0.93 0 87.54 9736.1884
0.92 0.93 1 99.38 10043.6756
0.92 0.93 2 102.38 10381.5356
0.92 0.93 3 116.48 11333.7496
0.92 0.93 4 86.27 7017.0771
0.92 0.93 5 105.79 9647.4259
0.92 0.93 6 98.51 10967.6099
0.92 0.93 7 105.4 12114.58
0.92 0.93 8 114.97 14897.1291
0.92 0.93 9 135.26 21528.2324
0.92 0.93 10 139.4 38045.12
0.92 0.93 11 185.67 54370.2811
0.92 0.93 12 184.49 42074.2899
0.92 0.93 13 248.72 96267.9016
0.92 0.93 14 296.79 147852.5459
0.92 0.93 15 326.71 241763.7459
0.92 0.93 16 395.48 293976.9696
0.92 0.93 17 379.93 233414.9651
0.92 0.93 18 517.61 653234.5779
0.92 0.93 19 366.62 244887.8956
0.93 0.94 0 89.9 7614.85
0.93 0.94 1 109.12 12210.4256
0.93 0.94 2 114.6 14376.98
0.93 0.94 3 98.03 10048.8491
0.93 0.94 4 65.41 4011.7219
0.93 0.94 5 52.46 1774.6484
0.93 0.94 6 41.21 1288.8259
0.93 0.94 7 49.92 1611.9736
0.93 0.94 8 51.27 1185.3371
0.93 0.94 9 55.73 2177.7971
0.93 0.94 10 63.67 2191.0411
0.93 0.94 11 64.54 2298.1284
0.93 0.94 12 78.36 2346.1304
0.93 0.94 13 91.21 5119.0659
0.93 0.94 14 84.38 3638.5556
0.93 0.94 15 96.37 4278.8731
0.93 0.94 16 74.02 3440.3596
0.93 0.94 17 81.69 3146.9939
0.93 0.94 18 95.21 6631.0459
0.93 0.94 19 100.76 7096.0824
0.94 0.95 0 89.38 8246.8556
0.94 0.95 1 113.62 9816.5556
0.94 0.95 2 80.42 5195.2836
0.94 0.95 3 69.66 4465.9844
0.94 0.95 4 103.18 10427.0676
0.94 0.95 5 98.14 11543.2204
0.94 0.95 6 96.76 9110.9024
0.94 0.95 7 66.86 3208.6004
0.94 0.95 8 65.34 3127.3444
0.94 0.95 9 57.7 1538.61
0.94 0.95 10 78.7 2461.51
0.94 0.95 11 78.33 4000.8011
0.94 0.95 12 76.99 3063.9299
0.94 0.95 13 88.56 3433.2664
0.94 0.95 14 102.65 4938.3875
0.94 0.95 15 104.29 5015.1059
0.94 0.95 16 113.88 7826.3056
0.94 0.95 17 108.69 4529.2539
0.94 0.95 18 127.08 13144.6136
0.94 0.95 19 127.54 10447.9684
0.95 0.96 0 105.0 14434.88
0.95 0.96 1 104.0 11496.6
0.95 0.96 2 101.6 8459.52
0.95 0.96 3 71.87 3936.3731
0.95 0.96 4 94.71 10115.2259
0.95 0.96 5 95.03 8001.6091
0.95 0.96 6 61.94 2720.4164
0.95 0.96 7 65.53 3380.5091
0.95 0.96 8 72.61 3166.7779
0.95 0.96 9 78.02 4435.3396
0.95 0.96 10 73.53 3554.0491
0.95 0.96 11 87.04 4263.3184
0.95 0.96 12 76.85 3855.1875
0.95 0.96 13 87.66 5003.2644
0.95 0.96 14 103.68 8466.6576
0.95 0.96 15 110.2 10481.46
0.95 0.96 16 110.66 7452.6444
0.95 0.96 17 130.49 11598.3099
0.95 0.96 18 134.92 6757.9936
0.95 0.96 19 130.84 8906.5144
0.96 0.97 0 105.8 7603.76
0.96 0.97 1 128.34 14943.2844
0.96 0.97 2 84.49 5953.6099
0.96 0.97 3 80.59 7594.8619
0.96 0.97 4 72.26 4309.5724
0.96 0.97 5 48.77 2159.9571
0.96 0.97 6 56.52 2224.4496
0.96 0.97 7 50.73 2410.5171
0.96 0.97 8 54.35 1832.1075
0.96 0.97 9 62.43 3756.6251
0.96 0.97 10 59.01 1302.1299
0.96 0.97 11 65.91 2735.8819
0.96 0.97 12 76.81 3473.4339
0.96 0.97 13 65.9 2960.37
0.96 0.97 14 75.86 3704.8804
0.96 0.97 15 95.76 5200.1824
0.96 0.97 16 97.12 5861.1856
0.96 0.97 17 95.64 7169.9504
0.96 0.97 18 111.35 5548.5475
0.96 0.97 19 95.84 5901.6544
0.97 0.98 0 111.66 11745.2244
0.97 0.98 1 115.13 13270.3931
0.97 0.98 2 83.38 6468.8156
0.97 0.98 3 63.79 4558.3059
0.97 0.98 4 54.91 1840.2019
0.97 0.98 5 85.91 10148.2819
0.97 0.98 6 106.81 11477.6139
0.97 0.98 7 67.29 3302.6459
0.97 0.98 8 70.65 1801.1675
0.97 0.98 9 67.95 2365.4275
0.97 0.98 10 65.16 2268.0544
0.97 0.98 11 73.64 2298.0904
0.97 0.98 12 81.36 3633.1504
0.97 0.98 13 73.2 2953.44
0.97 0.98 14 91.41 5378.3819
0.97 0.98 15 91.16 4063.8744
0.97 0.98 16 94.05 5227.0475
0.97 0.98 17 101.89 5616.8579
0.97 0.98 18 94.87 5271.4531
0.97 0.98 19 115.41 7320.9819
0.98 0.99 0 98.8 14725.22
0.98 0.99 1 102.24 11840.1424
0.98 0.99 2 87.53 6994.7691
0.98 0.99 3 59.57 3036.9451
0.98 0.99 4 55.6 2298.64
0.98 0.99 5 60.94 3412.9764
0.98 0.99 6 43.68 847.1776
0.98 0.99 7 47.84 1072.2544
0.98 0.99 8 50.04 1983.1384
0.98 0.99 9 59.18 2095.4276
0.98 0.99 10 71.32 3677.5176
0.98 0.99 11 63.92 2076.6736
0.98 0.99 12 79.87 4589.8131
0.98 0.99 13 70.53 2482.5491
0.98 0.99 14 85.55 3952.0075
0.98 0.99 15 89.62 4048.3956
0.98 0.99 16 89.47 7422.9491
0.98 0.99 17 96.17 6520.9411
0.98 0.99 18 102.47 7883.3691
0.98 0.99 19 92.13 6326.7931
0.99 1.0 0 95.42 14157.1436
0.99 1.0 1 96.1 9632.73
0.99 1.0 2 90.04 6371.7184
0.99 1.0 3 49.81 1839.9339
0.99 1.0 4 32.55 915.4675
0.99 1.0 5 23.04 163.0584
0.99 1.0 6 25.59 284.8219
0.99 1.0 7 30.22 324.4516
0.99 1.0 8 30.07 290.1651
0.99 1.0 9 30.63 392.9331
0.99 1.0 10 31.36 649.7904
0.99 1.0 11 40.67 731.4411
0.99 1.0 12 38.54 638.5884
0.99 1.0 13 42.33 771.1011
0.99 1.0 14 50.08 805.5536
0.99 1.0 15 49.27 676.9771
0.99 1.0 16 57.01 1118.9099
0.99 1.0 17 50.28 885.3416
0.99 1.0 18 62.24 1491.4224
0.99 1.0 19 63.64 1545.5504
