0.0 0.01 0 75.372 6007.437616
0.0 0.01 1 91.01 9276.0519
0.0 0.01 2 75.125 5522.837375
0.0 0.01 3 49.59 2442.5519
0.0 0.01 4 32.092 679.757536
0.0 0.01 5 24.59 255.7359
0.0 0.01 6 25.237 279.334831
0.0 0.01 7 27.718 334.844476
0.0 0.01 8 31.092 492.087536
0.0 0.01 9 34.631 564.964839
0.0 0.01 10 38.288 653.455056
0.0 0.01 11 40.434 810.089644
0.0 0.01 12 42.456 772.194064
0.0 0.01 13 47.36 950.0324
0.0 0.01 14 49.45 1148.4975
0.0 0.01 15 52.593 1210.381351
0.0 0.01 16 54.378 1351.577116
0.0 0.01 17 60.329 1755.872759
0.0 0.01 18 62.221 1798.890159
0.0 0.01 19 65.072 1840.680816
0.01 0.02 0 72.122 5568.377116
0.01 0.02 1 150.679 41241.835959
0.01 0.02 2 117.089 18635.019079
0.01 0.02 3 70.02 6590.7616
0.01 0.02 4 56.745 3411.289975
0.01 0.02 5 49.53 1862.3491
0.01 0.02 6 40.119 929.722839
0.01 0.02 7 45.373 1185.415871
0.01 0.02 8 48.739 1204.064879
0.01 0.02 9 53.776 1469.917824
0.01 0.02 10 62.442 2152.818636
0.01 0.02 11 64.026 2030.977324
0.01 0.02 12 68.291 2383.572319
0.01 0.02 13 74.403 2898.314591
0.01 0.02 14 78.942 3390.890636
0.01 0.02 15 87.776 4174.339824
0.01 0.02 16 88.12 4193.5936
0.01 0.02 17 95.089 5247.329079
0.01 0.02 18 97.505 5505.215975
0.01 0.02 19 107.302 6754.030796
0.02 0.03 0 72.16 5385.0324
0.02 0.03 1 152.665 31357.998775
0.02 0.03 2 123.76 19729.9724
0.02 0.03 3 87.222 9517.692716
0.02 0.03 4 65.777 4014.501271
0.02 0.03 5 62.879 3272.742359
0.02 0.03 6 76.841 4770.263719
0.02 0.03 7 86.726 5901.304924
0.02 0.03 8 90.306 7667.988364
0.02 0.03 9 101.083 8563.218111
0.02 0.03 10 114.954 10669.659884
0.02 0.03 11 125.325 13066.313375
0.02 0.03 12 136.431 16491.495239
0.02 0.03 13 138.074 15225.608524
0.02 0.03 14 151.751 18014.532999
0.02 0.03 15 166.633 23366.196311
0.02 0.03 16 173.647 22062.554391
0.02 0.03 17 178.769 27462.489639
0.02 0.03 18 193.916 29327.290944
0.02 0.03 19 201.385 33676.434775
0.03 0.04 0 75.423 6103.360071
0.03 0.04 1 159.971 30345.256159
0.03 0.04 2 121.58 15955.2836
0.03 0.04 3 88.426 8447.952524
0.03 0.04 4 65.702 3203.861196
0.03 0.04 5 66.627 3789.525871
0.03 0.04 6 66.976 3616.713424
0.03 0.04 7 74.066 4922.419644
0.03 0.04 8 76.405 4533.536975
0.03 0.04 9 86.156 5869.411664
0.03 0.04 10 92.009 6996.058919
0.03 0.04 11 98.079 7083.010759
0.03 0.04 12 107.643 9399.631551
0.03 0.04 13 116.959 10853.149319
0.03 0.04 14 124.781 12035.973039
0.03 0.04 15 132.254 13904.185484
0.03 0.04 16 143.993 18344.770951
0.03 0.04 17 155.398 18357.563596
0.03 0.04 18 158.679 20777.713959
0.03 0.04 19 165.192 23328.121136
0.04 0.05 0 77.171 5342.859759
0.04 0.05 1 157.297 31991.974791
0.04 0.05 2 124.573 17391.694671
0.04 0.05 3 89.464 8075.850704
0.04 0.05 4 76.728 5441.542016
0.04 0.05 5 95.708 7821.064736
0.04 0.05 6 92.368 7248.088576
0.04 0.05 7 96.645 8677.874975
0.04 0.05 8 115.129 12144.080359
0.04 0.05 9 120.326 11472.891724
0.04 0.05 10 129.677 15256.132671
0.04 0.05 11 145.781 18521.281039
0.04 0.05 12 149.083 18618.988111
0.04 0.05 13 184.083 29201.950111
0.04 0.05 14 182.674 29150.001724
0.04 0.05 15 203.288 36004.375056
0.04 0.05 16 207.269 39856.586639
0.04 0.05 17 220.871 39385.472359
0.04 0.05 18 234.234 44320.327244
0.04 0.05 19 246.764 55521.458304
0.05 0.06 0 80.736 7166.428304
0.05 0.06 1 152.452 26458.699696
0.05 0.06 2 120.682 17931.196876
0.05 0.06 3 88.038 7213.240556
0.05 0.06 4 94.239 8421.313879
0.05 0.06 5 102.035 9034.951775
0.05 0.06 6 128.22 13955.8856
0.05 0.06 7 142.927 18531.273671
0.05 0.06 8 148.747 20974.320991
0.05 0.06 9 165.939 25147.691279
0.05 0.06 10 178.793 28033.526151
0.05 0.06 11 203.954 32779.423884
0.05 0.06 12 222.493 45074.963951
0.05 0.06 13 244.419 58958.057439
0.05 0.06 14 247.058 58834.084636
0.05 0.06 15 257.94 52413.0384
0.05 0.06 16 270.099 67653.327199
0.05 0.06 17 304.345 90345.211975
0.05 0.06 18 310.839 87963.117079
0.05 0.06 19 349.143 114722.558551
0.06 0.07 0 84.384 6776.896544
0.06 0.07 1 166.027 31430.718271
0.06 0.07 2 124.281 17650.644039
0.06 0.07 3 91.549 7781.695599
0.06 0.07 4 87.64 8161.3584
0.06 0.07 5 75.417 5520.579111
0.06 0.07 6 69.65 4124.3735
0.06 0.07 7 77.838 5590.195756
0.06 0.07 8 87.061 6121.021279
0.06 0.07 9 92.375 8120.832375
0.06 0.07 10 105.066 9540.905644
0.06 0.07 11 107.827 9693.965071
0.06 0.07 12 132.451 14595.847599
0.06 0.07 13 131.589 13926.712079
0.06 0.07 14 142.788 16526.077056
0.06 0.07 15 150.044 20041.630064
0.06 0.07 16 152.372 20410.803616
0.06 0.07 17 170.545 25111.417975
0.06 0.07 18 169.658 23965.709036
0.06 0.07 19 194.929 31865.561959
0.07 0.08 0 80.979 7411.698559
0.07 0.08 1 161.305 29380.449975
0.07 0.08 2 126.702 16619.513196
0.07 0.08 3 96.544 8475.586064
0.07 0.08 4 108.261 12760.200879
0.07 0.08 5 108.648 12995.804096
0.07 0.08 6 111.048 10773.411696
0.07 0.08 7 115.18 11823.9356
0.07 0.08 8 127.894 14603.148764
0.07 0.08 9 142.96 19278.3084
0.07 0.08 10 150.261 23057.698879
0.07 0.08 11 174.426 29407.030524
0.07 0.08 12 188.81 35772.1059
0.07 0.08 13 194.216 37740.127344
0.07 0.08 14 205.638 40771.690956
0.07 0.08 15 225.35 46831.5435
0.07 0.08 16 233.22 62848.2556
0.07 0.08 17 262.664 68278.545104
0.07 0.08 18 260.41 68775.4539
0.07 0.08 19 279.562 80804.842156
0.08 0.09 0 86.827 7540.967071
0.08 0.09 1 166.582 29825.435276
0.08 0.09 2 123.106 13996.140764
0.08 0.09 3 108.391 10955.268119
0.08 0.09 4 124.279 14878.347159
0.08 0.09 5 130.081 15618.726439
0.08 0.09 6 148.266 20492.945244
0.08 0.09 7 162.444 24415.546864
0.08 0.09 8 182.057 30421.061751
0.08 0.09 9 207.294 40156.887564
0.08 0.09 10 216.683 43592.414511
0.08 0.09 11 235.545 49791.357975
0.08 0.09 12 262.324 62570.441024
0.08 0.09 13 289.485 73287.169775
0.08 0.09 14 313.989 93487.574879
0.08 0.09 15 325.582 91938.729276
0.08 0.09 16 348.435 113115.235775
0.08 0.09 17 353.042 123155.040236
0.08 0.09 18 373.2 120685.742
0.08 0.09 19 401.073 150754.073671
0.09 0.1 0 77.141 5857.953119
0.09 0.1 1 166.215 32705.224775
0.09 0.1 2 132.101 16957.638799
0.09 0.1 3 125.638 14262.970956
0.09 0.1 4 130.75 16168.7235
0.09 0.1 5 124.812 14713.430656
0.09 0.1 6 116.728 14005.504016
0.09 0.1 7 133.366 15834.360044
0.09 0.1 8 145.929 19067.409959
0.09 0.1 9 164.482 25804.299676
0.09 0.1 10 178.312 30009.556656
0.09 0.1 11 193.667 38812.092111
0.09 0.1 12 201.597 39864.172591
0.09 0.1 13 226.029 48324.110159
0.09 0.1 14 236.846 54769.156284
0.09 0.1 15 262.794 68701.813564
0.09 0.1 16 285.799 68159.874599
0.09 0.1 17 282.327 83201.346071
0.09 0.1 18 312.245 83033.248975
0.09 0.1 19 318.374 102141.904124
0.1 0.11 0 83.373 7181.607871
0.1 0.11 1 156.358 28699.575836
0.1 0.11 2 125.161 15008.199079
0.1 0.11 3 130.066 14895.095644
0.1 0.11 4 132.678 17060.152316
0.1 0.11 5 156.477 24785.037471
0.1 0.11 6 177.562 28857.384156
0.1 0.11 7 189.346 32243.874284
0.1 0.11 8 197.947 38414.390191
0.1 0.11 9 207.134 43285.934044
0.1 0.11 10 248.111 57114.762679
0.1 0.11 11 269.132 62810.556576
0.1 0.11 12 297.811 82410.051279
0.1 0.11 13 296.723 83695.014271
0.1 0.11 14 317.784 110154.343344
0.1 0.11 15 356.132 111230.838576
0.1 0.11 16 384.526 148059.847324
0.1 0.11 17 406.017 172617.824711
0.1 0.11 18 444.329 211194.892759
0.1 0.11 19 442.194 173300.078364
0.11 0.12 0 77.696 5983.781584
0.11 0.12 1 161.669 24926.347439
0.11 0.12 2 120.656 14611.179664
0.11 0.12 3 133.513 18336.355831
0.11 0.12 4 155.647 23465.288391
0.11 0.12 5 164.458 25878.878236
0.11 0.12 6 190.918 33426.819276
0.11 0.12 7 212.596 46107.750784
0.11 0.12 8 241.206 58672.727564
0.11 0.12 9 251.404 61787.080784
0.11 0.12 10 295.591 81062.769719
0.11 0.12 11 309.922 88549.195916
0.11 0.12 12 332.331 108927.469439
0.11 0.12 13 364.586 150279.600604
0.11 0.12 14 380.372 138701.509616
0.11 0.12 15 398.027 169058.960271
0.11 0.12 16 438.577 200502.384071
0.11 0.12 17 494.794 265146.741564
0.11 0.12 18 484.858 244781.817836
0.11 0.12 19 525.924 284319.328224
0.12 0.13 0 86.72 7402.3336
0.12 0.13 1 167.522 29923.319516
0.12 0.13 2 133.567 15848.237511
0.12 0.13 3 131.64 16532.7644
0.12 0.13 4 108.655 11348.493975
0.12 0.13 5 90.316 7830.892144
0.12 0.13 6 79.751 6163.302999
0.12 0.13 7 86.92 7705.9016
0.12 0.13 8 94.245 8390.298975
0.12 0.13 9 101.42 10128.6056
0.12 0.13 10 113.297 13488.658791
0.12 0.13 11 120.435 13460.983775
0.12 0.13 12 131.677 18142.122671
0.12 0.13 13 126.221 13958.304159
0.12 0.13 14 149.4 22026.488
0.12 0.13 15 155.094 23514.189164
0.12 0.13 16 171.313 26019.057031
0.12 0.13 17 176.597 32108.338591
0.12 0.13 18 181.238 33243.173356
0.12 0.13 19 198.214 35151.522204
0.13 0.14 0 87.395 6621.198975
0.13 0.14 1 161.134 29397.912044
0.13 0.14 2 131.031 19932.574039
0.13 0.14 3 145.97 20844.2471
0.13 0.14 4 122.145 16160.583975
0.13 0.14 5 110.112 13545.353456
0.13 0.14 6 122.031 15432.500039
0.13 0.14 7 125.85 16928.7395
0.13 0.14 8 160.798 26947.937196
0.13 0.14 9 157.808 27404.331136
0.13 0.14 10 188.692 43104.193136
0.13 0.14 11 207.036 47007.060704
0.13 0.14 12 219.366 47861.004044
0.13 0.14 13 238.574 56062.028524
0.13 0.14 14 254.77 65216.8031
0.13 0.14 15 260.685 74413.321775
0.13 0.14 16 292.226 87962.646924
0.13 0.14 17 290.614 87899.101004
0.13 0.14 18 297.763 92405.964831
0.13 0.14 19 318.718 100893.126476
0.14 0.15 0 86.518 7781.079676
0.14 0.15 1 169.756 30707.198464
0.14 0.15 2 127.915 16451.221775
0.14 0.15 3 146.748 20911.402496
0.14 0.15 4 142.691 22540.653519
0.14 0.15 5 130.559 15742.330519
0.14 0.15 6 138.24 19208.9144
0.14 0.15 7 156.261 26048.876879
0.14 0.15 8 168.574 30083.624524
0.14 0.15 9 186.192 40521.585136
0.14 0.15 10 205.011 45177.530879
0.14 0.15 11 228.745 55667.243975
0.14 0.15 12 241.429 53077.320959
0.14 0.15 13 276.46 72395.4764
0.14 0.15 14 273.493 73753.923951
0.14 0.15 15 299.53 85909.3531
0.14 0.15 16 320.205 93102.378975
0.14 0.15 17 336.135 116096.984775
0.14 0.15 18 382.142 160064.549836
0.14 0.15 19 378.346 148210.574284
0.15 0.16 0 91.506 8491.187964
0.15 0.16 1 164.714 28746.156204
0.15 0.16 2 133.755 16517.178975
0.15 0.16 3 164.22 28053.0976
0.15 0.16 4 139.907 18829.676351
0.15 0.16 5 142.788 19697.761056
0.15 0.16 6 136.983 18763.294711
0.15 0.16 7 145.084 19646.692944
0.15 0.16 8 159.233 25647.728711
0.15 0.16 9 171.646 30234.540684
0.15 0.16 10 182.499 34902.093999
0.15 0.16 11 206.442 39971.712636
0.15 0.16 12 228.081 50193.682439
0.15 0.16 13 241.472 58431.721216
0.15 0.16 14 257.061 69079.223279
0.15 0.16 15 270.036 71140.338704
0.15 0.16 16 297.526 82006.971324
0.15 0.16 17 311.946 90277.379084
0.15 0.16 18 314.622 102610.429116
0.15 0.16 19 360.915 141822.259775
0.16 0.17 0 89.37 7275.9531
0.16 0.17 1 160.273 27529.164471
0.16 0.17 2 145.214 21782.030204
0.16 0.17 3 159.718 26234.306476
0.16 0.17 4 158.65 25113.5135
0.16 0.17 5 171.41 29756.3059
0.16 0.17 6 193.628 36108.953616
0.16 0.17 7 205.915 45889.635775
0.16 0.17 8 237.642 57152.289836
0.16 0.17 9 251.139 66316.991679
0.16 0.17 10 286.866 88672.838044
0.16 0.17 11 312.117 103017.281311
0.16 0.17 12 330.474 108537.295324
0.16 0.17 13 347.04 111090.8544
0.16 0.17 14 379.656 151474.751664
0.16 0.17 15 422.115 178594.025775
0.16 0.17 16 432.539 206513.652479
0.16 0.17 17 467.049 236259.902599
0.16 0.17 18 512.139 263490.031679
0.16 0.17 19 500.796 257757.688384
0.17 0.18 0 86.824 7791.823024
0.17 0.18 1 164.35 28947.2215
0.17 0.18 2 146.421 20360.741759
0.17 0.18 3 175.449 32799.965399
0.17 0.18 4 165.297 28000.802791
0.17 0.18 5 203.012 40629.611856
0.17 0.18 6 212.836 46198.455104
0.17 0.18 7 249.769 60303.519639
0.17 0.18 8 262.461 73175.638479
0.17 0.18 9 294.345 96654.333975
0.17 0.18 10 306.188 89178.564656
0.17 0.18 11 340.114 114521.009004
0.17 0.18 12 374.923 150703.183071
0.17 0.18 13 399.887 177555.344231
0.17 0.18 14 402.893 167144.041551
0.17 0.18 15 464.861 214473.737679
0.17 0.18 16 493.888 216377.047456
0.17 0.18 17 479.382 250146.576076
0.17 0.18 18 526.064 245079.605904
0.17 0.18 19 569.936 366001.699904
0.18 0.19 0 84.984 7236.097744
0.18 0.19 1 172.056 30927.116864
0.18 0.19 2 146.631 19887.134839
0.18 0.19 3 164.039 26409.013479
0.18 0.19 4 164.252 25070.444496
0.18 0.19 5 169.479 29457.123559
0.18 0.19 6 160.414 27714.340604
0.18 0.19 7 153.073 23029.809671
0.18 0.19 8 165.136 27773.415504
0.18 0.19 9 177.434 30746.965644
0.18 0.19 10 193.972 38277.217216
0.18 0.19 11 209.473 41414.255271
0.18 0.19 12 222.283 49530.244911
0.18 0.19 13 248.768 59926.714176
0.18 0.19 14 258.557 63350.156751
0.18 0.19 15 282.737 77435.517831
0.18 0.19 16 304.988 97202.089856
0.18 0.19 17 338.086 114024.642604
0.18 0.19 18 338.424 105933.440224
0.18 0.19 19 366.975 137551.528375
0.19 0.2 0 84.058 7004.310636
0.19 0.2 1 163.941 27423.439519
0.19 0.2 2 161.921 26817.134759
0.19 0.2 3 174.417 32197.887111
0.19 0.2 4 173.953 34588.266791
0.19 0.2 5 168.214 29964.978204
0.19 0.2 6 176.255 33025.927975
0.19 0.2 7 188.838 39716.847756
0.19 0.2 8 208.816 48737.946144
0.19 0.2 9 220.299 47098.785599
0.19 0.2 10 262.847 70831.075591
0.19 0.2 11 275.214 80183.206204
0.19 0.2 12 287.895 86833.451975
0.19 0.2 13 342.066 128866.681644
0.19 0.2 14 355.154 133514.354284
0.19 0.2 15 379.063 163086.411031
0.19 0.2 16 399.052 149534.219296
0.19 0.2 17 439.025 194115.376375
0.19 0.2 18 439.087 193952.729431
0.19 0.2 19 469.67 245274.5831
0.2 0.21 0 94.762 8673.975356
0.2 0.21 1 179.271 33996.037559
0.2 0.21 2 164.098 25565.320396
0.2 0.21 3 173.903 28903.823591
0.2 0.21 4 190.648 32131.614096
0.2 0.21 5 220.152 51005.392896
0.2 0.21 6 202.721 40316.489159
0.2 0.21 7 223.468 52475.642976
0.2 0.21 8 235.244 55466.706464
0.2 0.21 9 279.316 76405.812144
0.2 0.21 10 294.058 95910.698636
0.2 0.21 11 332.583 108280.443111
0.2 0.21 12 351.26 112522.5324
0.2 0.21 13 384.896 145450.749184
0.2 0.21 14 420.243 177807.953951
0.2 0.21 15 429.505 196734.797975
0.2 0.21 16 484.308 251718.473136
0.2 0.21 17 498.57 272409.0411
0.2 0.21 18 527.589 291833.060079
0.2 0.21 19 542.046 307468.255884
0.21 0.22 0 92.464 8515.106704
0.21 0.22 1 175.958 30089.540236
0.21 0.22 2 173.398 30895.613596
0.21 0.22 3 184.988 35474.043856
0.21 0.22 4 201.473 42054.145271
0.21 0.22 5 221.566 45950.607644
0.21 0.22 6 237.036 57421.174704
0.21 0.22 7 230.064 55323.745904
0.21 0.22 8 243.438 57452.784156
0.21 0.22 9 273.817 75949.409511
0.21 0.22 10 290.829 81216.487759
0.21 0.22 11 326.784 109889.237344
0.21 0.22 12 332.377 121248.068871
0.21 0.22 13 371.685 134837.589775
0.21 0.22 14 403.131 159254.165839
0.21 0.22 15 413.405 167421.550975
0.21 0.22 16 463.664 204606.263104
0.21 0.22 17 488.105 231543.277975
0.21 0.22 18 512.165 266027.775775
0.21 0.22 19 523.688 280041.368656
0.22 0.23 0 88.259 8029.537919
0.22 0.23 1 170.609 27720.700119
0.22 0.23 2 181.722 32516.476716
0.22 0.23 3 200.041 36544.601319
0.22 0.23 4 208.096 46997.966784
0.22 0.23 5 226.156 54633.361664
0.22 0.23 6 237.982 55755.693676
0.22 0.23 7 266.545 65734.279975
0.22 0.23 8 294.169 87714.018439
0.22 0.23 9 305.563 94770.070031
0.22 0.23 10 368.641 156129.772119
0.22 0.23 11 384.641 167272.550119
0.22 0.23 12 401.602 159516.937596
0.22 0.23 13 445.794 204961.845564
0.22 0.23 14 466.203 216341.609791
0.22 0.23 15 503.137 254394.486231
0.22 0.23 16 520.079 263124.948759
0.22 0.23 17 557.688 313406.706656
0.22 0.23 18 616.239 376718.243879
0.22 0.23 19 607.867 357979.777311
0.23 0.24 0 90.142 7721.623836
0.23 0.24 1 163.993 27478.022951
0.23 0.24 2 180.549 32353.371599
0.23 0.24 3 202.127 46865.574871
0.23 0.24 4 225.051 54814.426399
0.23 0.24 5 247.233 64836.962711
0.23 0.24 6 261.723 69604.042271
0.23 0.24 7 275.936 77867.627904
0.23 0.24 8 286.145 81483.137975
0.23 0.24 9 327.553 116349.349191
0.23 0.24 10 373.036 139462.064704
0.23 0.24 11 406.833 159432.447111
0.23 0.24 12 426.52 179294.5396
0.23 0.24 13 449.623 237364.304871
0.23 0.24 14 527.009 284639.046919
0.23 0.24 15 510.998 292255.931996
0.23 0.24 16 530.137 280154.182231
0.23 0.24 17 574.163 387009.384431
0.23 0.24 18 639.881 461707.222839
0.23 0.24 19 681.104 447911.671184
0.24 0.25 0 93.652 7894.114896
0.24 0.25 1 177.151 29750.140199
0.24 0.25 2 209.327 50625.154071
0.24 0.25 3 221.535 47053.676775
0.24 0.25 4 236.786 55188.614204
0.24 0.25 5 277.262 70962.965356
0.24 0.25 6 301.045 93479.204975
0.24 0.25 7 340.446 115809.649084
0.24 0.25 8 377.027 142656.182271
0.24 0.25 9 434.896 189908.803184
0.24 0.25 10 455.062 253051.768156
0.24 0.25 11 519.884 274251.842544
0.24 0.25 12 530.02 319871.3256
0.24 0.25 13 614.146 369898.884684
0.24 0.25 14 600.627 379618.403871
0.24 0.25 15 685.416 451135.784944
0.24 0.25 16 745.492 557699.619936
0.24 0.25 17 776.675 611948.897375
0.24 0.25 18 834.695 724801.793975
0.24 0.25 19 834.921 657419.854759
0.25 0.26 0 89.226 8223.934924
0.25 0.26 1 101.134 11408.422044
0.25 0.26 2 131.426 15692.596524
0.25 0.26 3 114.174 13068.639724
0.25 0.26 4 92.539 8050.932479
0.25 0.26 5 87.25 8673.1535
0.25 0.26 6 90.982 8393.377676
0.25 0.26 7 94.892 9128.698336
0.25 0.26 8 108.959 13525.009319
0.25 0.26 9 123.234 16624.287244
0.25 0.26 10 126.807 18022.105751
0.25 0.26 11 133.517 19706.559711
0.25 0.26 12 160.275 28401.843375
0.25 0.26 13 160.303 24807.151191
0.25 0.26 14 168.703 29649.506791
0.25 0.26 15 183.704 36809.230384
0.25 0.26 16 186.621 41658.887359
0.25 0.26 17 208.012 53394.915856
0.25 0.26 18 232.235 65639.961775
0.25 0.26 19 232.619 57523.247839
0.26 0.27 0 86.814 7147.995404
0.26 0.27 1 95.055 8850.243975
0.26 0.27 2 133.17 17669.9991
0.26 0.27 3 124.244 15142.072464
0.26 0.27 4 101.63 9635.8551
0.26 0.27 5 100.623 9765.838871
0.26 0.27 6 98.864 8941.969504
0.26 0.27 7 103.417 9682.097111
0.26 0.27 8 113.192 11136.753136
0.26 0.27 9 121.697 12720.715191
0.26 0.27 10 139.881 20063.886839
0.26 0.27 11 148.255 21647.035975
0.26 0.27 12 155.262 21859.621356
0.26 0.27 13 172.131 28377.665839
0.26 0.27 14 192.782 35873.352476
0.26 0.27 15 191.454 32548.639884
0.26 0.27 16 213.497 46236.023991
0.26 0.27 17 217.227 40004.719471
0.26 0.27 18 226.856 49467.811264
0.26 0.27 19 237.84 52321.1104
0.27 0.28 0 91.767 8483.946711
0.27 0.28 1 99.087 9388.293431
0.27 0.28 2 145.493 19732.273951
0.27 0.28 3 125.654 15681.174284
0.27 0.28 4 112.15 11648.7755
0.27 0.28 5 104.384 10421.186544
0.27 0.28 6 125.591 15859.489719
0.27 0.28 7 132.942 18470.448636
0.27 0.28 8 144.524 19996.073424
0.27 0.28 9 171.601 28178.741799
0.27 0.28 10 189.07 36495.8331
0.27 0.28 11 205.025 39427.950375
0.27 0.28 12 219.485 48439.551775
0.27 0.28 13 232.779 48732.632159
0.27 0.28 14 253.248 58983.404496
0.27 0.28 15 261.672 62732.904416
0.27 0.28 16 277.508 71115.679936
0.27 0.28 17 304.666 89627.484444
0.27 0.28 18 322.821 97359.706959
0.27 0.28 19 305.116 82539.172544
0.28 0.29 0 84.471 7450.871159
0.28 0.29 1 103.501 9872.205999
0.28 0.29 2 139.051 19452.498399
0.28 0.29 3 119.183 14132.211511
0.28 0.29 4 117.163 12605.484431
0.28 0.29 5 114.96 12293.5064
0.28 0.29 6 120.404 13503.442784
0.28 0.29 7 119.202 13260.145196
0.28 0.29 8 130.083 15152.162111
0.28 0.29 9 130.679 17080.757959
0.28 0.29 10 156.099 22857.615199
0.28 0.29 11 166.23 26478.2411
0.28 0.29 12 174.522 24766.437516
0.28 0.29 13 192.56 32469.7064
0.28 0.29 14 208.326 46259.389724
0.28 0.29 15 238.107 48935.027551
0.28 0.29 16 236.692 51979.129136
0.28 0.29 17 245.834 62121.888444
0.28 0.29 18 259.344 62808.137664
0.28 0.29 19 276.654 68319.872284
0.29 0.3 0 90.326 8100.987724
0.29 0.3 1 103.975 9863.816375
0.29 0.3 2 131.281 17436.422039
0.29 0.3 3 120.751 15209.798999
0.29 0.3 4 116.922 14347.731916
0.29 0.3 5 130.422 16479.677916
0.29 0.3 6 131.376 16401.412624
0.29 0.3 7 139.149 18428.354799
0.29 0.3 8 158.311 23317.162279
0.29 0.3 9 177.55 31189.7875
0.29 0.3 10 198.774 39512.414924
0.29 0.3 11 209.738 45921.605356
0.29 0.3 12 225.193 47374.239751
0.29 0.3 13 240.23 50235.4651
0.29 0.3 14 253.009 60390.252919
0.29 0.3 15 260.857 58125.312551
0.29 0.3 16 278.625 81580.504375
0.29 0.3 17 306.46 77681.5864
0.29 0.3 18 321.981 107900.572639
0.29 0.3 19 345.489 107180.931879
0.3 0.31 0 91.801 8243.109399
0.3 0.31 1 106.395 10639.538975
0.3 0.31 2 138.453 19064.605791
0.3 0.31 3 121.136 15899.799504
0.3 0.31 4 131.976 16710.343424
0.3 0.31 5 134.409 15955.055719
0.3 0.31 6 145.672 19888.806416
0.3 0.31 7 152.589 21222.098079
0.3 0.31 8 171.898 31856.905596
0.3 0.31 9 199.483 34927.717711
0.3 0.31 10 222.372 48734.919616
0.3 0.31 11 238.327 52096.192071
0.3 0.31 12 255.992 61096.749936
0.3 0.31 13 272.665 75310.868775
0.3 0.31 14 295.099 88259.967199
0.3 0.31 15 299.73 91229.4671
0.3 0.31 16 326.202 93135.571196
0.3 0.31 17 337.278 124538.094716
0.3 0.31 18 379.7 156657.126
0.3 0.31 19 366.138 140691.230956
0.31 0.32 0 81.691 6911.545519
0.31 0.32 1 101.981 9954.178639
0.31 0.32 2 137.44 17655.5484
0.31 0.32 3 127.048 16450.711696
0.31 0.32 4 123.001 16798.434999
0.31 0.32 5 113.541 12142.430319
0.31 0.32 6 110.947 13296.412191
0.31 0.32 7 116.784 13009.329344
0.31 0.32 8 125.65 13997.2155
0.31 0.32 9 136.208 16910.554736
0.31 0.32 10 144.273 19593.634471
0.31 0.32 11 151.525 21226.381375
0.31 0.32 12 177.538 28967.618556
0.31 0.32 13 184.349 29862.591199
0.31 0.32 14 195.712 37732.067056
0.31 0.32 15 205.0 35487.816
0.31 0.32 16 212.868 42689.792576
0.31 0.32 17 229.023 49177.142471
0.31 0.32 18 255.888 58099.753456
0.31 0.32 19 246.72 52205.5756
0.32 0.33 0 86.079 7402.024759
0.32 0.33 1 104.931 10543.886239
0.32 0.33 2 151.331 22495.143439
0.32 0.33 3 124.616 15004.710544
0.32 0.33 4 150.688 20995.528656
0.32 0.33 5 145.875 21968.855375
0.32 0.33 6 139.07 18199.6351
0.32 0.33 7 166.843 26174.280351
0.32 0.33 8 169.709 25260.904319
0.32 0.33 9 186.274 33310.934924
0.32 0.33 10 208.773 40583.127471
0.32 0.33 11 222.496 53988.813984
0.32 0.33 12 252.74 60147.5164
0.32 0.33 13 266.999 70821.112999
0.32 0.33 14 291.875 79756.419375
0.32 0.33 15 297.815 94900.174775
0.32 0.33 16 318.9 98941.414
0.32 0.33 17 328.616 114523.524544
0.32 0.33 18 369.944 128691.406864
0.32 0.33 19 358.641 115524.384119
0.33 0.34 0 89.095 7423.719975
0.33 0.34 1 104.705 10718.713975
0.33 0.34 2 135.927 19326.629671
0.33 0.34 3 141.007 19564.060951
0.33 0.34 4 144.184 19017.184144
0.33 0.34 5 149.681 22644.567239
0.33 0.34 6 163.54 23750.8604
0.33 0.34 7 186.772 38029.464016
0.33 0.34 8 206.37 41924.5131
0.33 0.34 9 230.861 54517.169679
0.33 0.34 10 256.856 59989.119264
0.33 0.34 11 265.497 67088.835991
0.33 0.34 12 284.123 79954.791871
0.33 0.34 13 316.422 89702.229916
0.33 0.34 14 332.954 104802.863884
0.33 0.34 15 341.604 119990.395184
0.33 0.34 16 399.795 166986.788975
0.33 0.34 17 407.978 176084.765516
0.33 0.34 18 437.396 183636.181184
0.33 0.34 19 465.981 234217.708639
0.34 0.35 0 82.858 6298.119836
0.34 0.35 1 106.833 11253.247111
0.34 0.35 2 137.916 18148.308944
0.34 0.35 3 141.764 18327.394304
0.34 0.35 4 141.538 19429.108556
0.34 0.35 5 150.834 23728.708444
0.34 0.35 6 131.153 16474.355591
0.34 0.35 7 140.292 19712.126736
0.34 0.35 8 149.262 22467.099356
0.34 0.35 9 183.224 39420.169824
0.34 0.35 10 190.574 40387.734524
0.34 0.35 11 214.61 39751.3819
0.34 0.35 12 211.446 47885.427084
0.34 0.35 13 230.614 50481.743004
0.34 0.35 14 251.836 57950.679104
0.34 0.35 15 267.855 68515.391975
0.34 0.35 16 308.636 89066.063504
0.34 0.35 17 309.002 88362.733996
0.34 0.35 18 333.573 113946.902671
0.34 0.35 19 348.585 115481.748775
0.35 0.36 0 85.887 7208.134231
0.35 0.36 1 106.393 11662.882551
0.35 0.36 2 150.774 21759.024924
0.35 0.36 3 147.555 21852.398975
0.35 0.36 4 143.069 19808.378239
0.35 0.36 5 158.887 25357.822231
0.35 0.36 6 173.013 28412.716831
0.35 0.36 7 183.278 29398.562716
0.35 0.36 8 196.887 38828.908231
0.35 0.36 9 222.153 47003.657591
0.35 0.36 10 237.666 54968.804444
0.35 0.36 11 264.838 75552.145756
0.35 0.36 12 270.126 76840.148124
0.35 0.36 13 302.33 86036.0211
0.35 0.36 14 326.54 113841.8824
0.35 0.36 15 350.094 134102.439164
0.35 0.36 16 355.454 124566.711884
0.35 0.36 17 385.367 158487.382311
0.35 0.36 18 390.434 154052.773644
0.35 0.36 19 405.05 165171.7235
0.36 0.37 0 85.104 6881.113184
0.36 0.37 1 106.048 10904.417696
0.36 0.37 2 145.57 20741.3691
0.36 0.37 3 152.215 28047.934775
0.36 0.37 4 140.024 20495.689424
0.36 0.37 5 151.764 22271.824304
0.36 0.37 6 174.673 28414.376071
0.36 0.37 7 185.891 29434.277119
0.36 0.37 8 216.601 43884.333799
0.36 0.37 9 245.436 61254.159904
0.36 0.37 10 256.195 69340.906975
0.36 0.37 11 275.939 75172.535279
0.36 0.37 12 300.182 89780.006876
0.36 0.37 13 321.091 109266.270719
0.36 0.37 14 359.508 118580.257936
0.36 0.37 15 390.688 157108.602656
0.36 0.37 16 388.085 156378.403775
0.36 0.37 17 421.56 187750.0944
0.36 0.37 18 443.56 196890.9164
0.36 0.37 19 446.558 203391.996636
0.37 0.38 0 84.905 7019.977975
0.37 0.38 1 106.801 10941.313399
0.37 0.38 2 136.751 19226.478999
0.37 0.38 3 144.68 22819.2256
0.37 0.38 4 121.0 13561.046
0.37 0.38 5 104.199 10602.441399
0.37 0.38 6 93.436 7541.487904
0.37 0.38 7 92.994 8608.597964
0.37 0.38 8 106.426 10704.554524
0.37 0.38 9 118.65 12941.7995
0.37 0.38 10 130.953 16166.876791
0.37 0.38 11 134.962 14726.628556
0.37 0.38 12 149.974 20806.617324
0.37 0.38 13 161.29 23466.6419
0.37 0.38 14 165.991 23919.974919
0.37 0.38 15 173.646 29727.922684
0.37 0.38 16 173.345 26320.481975
0.37 0.38 17 206.818 42441.472876
0.37 0.38 18 209.344 42085.777664
0.37 0.38 19 227.769 47968.763639
0.38 0.39 0 82.88 7111.0056
0.38 0.39 1 108.912 11638.082256
0.38 0.39 2 146.236 21303.446304
0.38 0.39 3 166.666 29326.112444
0.38 0.39 4 160.009 26343.836919
0.38 0.39 5 143.379 19965.485359
0.38 0.39 6 161.406 25259.557164
0.38 0.39 7 172.356 30863.517264
0.38 0.39 8 189.909 34460.704719
0.38 0.39 9 216.339 46341.786079
0.38 0.39 10 241.045 63019.078975
0.38 0.39 11 245.608 59059.234336
0.38 0.39 12 290.759 90856.302919
0.38 0.39 13 285.139 85483.055679
0.38 0.39 14 327.096 106503.968784
0.38 0.39 15 349.35 116554.3535
0.38 0.39 16 367.037 140721.947631
0.38 0.39 17 378.919 142469.694439
0.38 0.39 18 410.142 177725.637836
0.38 0.39 19 431.091 201570.506719
0.39 0.4 0 81.379 6535.691359
0.39 0.4 1 105.415 12673.820775
0.39 0.4 2 146.194 20481.890364
0.39 0.4 3 159.959 25702.489319
0.39 0.4 4 159.021 23682.564559
0.39 0.4 5 149.055 20373.649975
0.39 0.4 6 174.168 31206.253776
0.39 0.4 7 187.541 36063.536319
0.39 0.4 8 203.71 45736.2299
0.39 0.4 9 212.938 43687.350156
0.39 0.4 10 238.823 58519.133671
0.39 0.4 11 262.115 67556.835775
0.39 0.4 12 272.525 71205.425375
0.39 0.4 13 296.887 95451.424231
0.39 0.4 14 323.422 107578.941916
0.39 0.4 15 354.813 122521.738031
0.39 0.4 16 362.046 143562.495884
0.39 0.4 17 370.978 141003.481516
0.39 0.4 18 386.275 155023.995375
0.39 0.4 19 435.78 207269.6656
0.4 0.41 0 85.424 7840.468224
0.4 0.41 1 110.427 11468.784671
0.4 0.41 2 144.624 21124.146624
0.4 0.41 3 152.139 22708.965679
0.4 0.41 4 152.016 23326.767744
0.4 0.41 5 146.144 21732.859264
0.4 0.41 6 141.665 19293.802775
0.4 0.41 7 146.736 21575.958304
0.4 0.41 8 164.805 27633.690975
0.4 0.41 9 192.25 37075.1975
0.4 0.41 10 195.642 35893.971836
0.4 0.41 11 206.17 45566.5931
0.4 0.41 12 251.725 73980.841375
0.4 0.41 13 251.263 56301.059831
0.4 0.41 14 273.419 66276.437439
0.4 0.41 15 278.639 82674.274679
0.4 0.41 16 295.896 100655.473184
0.4 0.41 17 321.694 98629.592364
0.4 0.41 18 332.764 115782.442304
0.4 0.41 19 368.543 129075.836151
0.41 0.42 0 83.377 6248.590871
0.41 0.42 1 106.304 10263.257584
0.41 0.42 2 141.765 20311.351775
0.41 0.42 3 156.296 25278.696384
0.41 0.42 4 146.916 23689.952944
0.41 0.42 5 176.281 27678.766039
0.41 0.42 6 183.593 31594.155351
0.41 0.42 7 194.892 34902.310336
0.41 0.42 8 227.365 57034.439775
0.41 0.42 9 251.267 67896.095711
0.41 0.42 10 260.984 68356.399744
0.41 0.42 11 306.635 89333.523775
0.41 0.42 12 331.182 118850.754876
0.41 0.42 13 336.263 114962.937831
0.41 0.42 14 373.217 142883.659911
0.41 0.42 15 385.114 145052.767004
0.41 0.42 16 391.215 152751.980775
0.41 0.42 17 417.14 167800.7484
0.41 0.42 18 456.389 198598.899679
0.41 0.42 19 506.367 239699.210311
0.42 0.43 0 86.329 7350.296759
0.42 0.43 1 104.813 12010.242031
0.42 0.43 2 141.88 18136.9216
0.42 0.43 3 148.152 19868.550896
0.42 0.43 4 146.589 22344.434079
0.42 0.43 5 151.719 20955.898039
0.42 0.43 6 166.102 24218.365596
0.42 0.43 7 180.509 31767.897919
0.42 0.43 8 203.698 40016.362796
0.42 0.43 9 218.528 50636.959216
0.42 0.43 10 239.22 51411.4836
0.42 0.43 11 269.651 79225.855199
0.42 0.43 12 285.508 83002.781936
0.42 0.43 13 296.153 81819.285591
0.42 0.43 14 326.156 112332.859664
0.42 0.43 15 341.601 124424.067799
0.42 0.43 16 385.897 160962.560391
0.42 0.43 17 376.999 142430.866999
0.42 0.43 18 420.661 174965.876079
0.42 0.43 19 414.018 165413.087676
0.43 0.44 0 82.553 6783.175191
0.43 0.44 1 107.031 11755.688039
0.43 0.44 2 152.287 25900.228631
0.43 0.44 3 139.372 16862.265616
0.43 0.44 4 142.551 19924.173399
0.43 0.44 5 132.323 15276.084671
0.43 0.44 6 122.683 14578.070511
0.43 0.44 7 129.067 15636.124511
0.43 0.44 8 142.09 20678.3619
0.43 0.44 9 157.308 25548.883136
0.43 0.44 10 171.272 28772.018016
0.43 0.44 11 177.454 33487.703884
0.43 0.44 12 206.241 44468.332919
0.43 0.44 13 212.601 44301.849799
0.43 0.44 14 242.533 57444.992911
0.43 0.44 15 250.277 63056.560271
0.43 0.44 16 243.367 56534.862311
0.43 0.44 17 270.617 63896.918311
0.43 0.44 18 293.592 85952.755536
0.43 0.44 19 296.81 86997.7739
0.44 0.45 0 90.05 8664.2015
0.44 0.45 1 105.261 10955.282879
0.44 0.45 2 143.312 19975.756656
0.44 0.45 3 127.683 14015.124511
0.44 0.45 4 155.651 20868.923199
0.44 0.45 5 159.836 24470.271104
0.44 0.45 6 168.929 27270.297959
0.44 0.45 7 175.469 30414.585039
0.44 0.45 8 199.268 40400.198176
0.44 0.45 9 225.866 51201.246044
0.44 0.45 10 232.717 54524.414911
0.44 0.45 11 249.805 69555.250975
0.44 0.45 12 272.267 72560.323711
0.44 0.45 13 282.161 82281.005079
0.44 0.45 14 336.51 113934.8899
0.44 0.45 15 364.008 120628.865936
0.44 0.45 16 351.744 116127.440464
0.44 0.45 17 371.527 132290.545271
0.44 0.45 18 386.156 147415.203664
0.44 0.45 19 426.872 181042.149616
0.45 0.46 0 83.564 7792.305904
0.45 0.46 1 107.597 10565.830591
0.45 0.46 2 150.205 22027.800975
0.45 0.46 3 141.387 18102.447231
0.45 0.46 4 145.073 20924.791671
0.45 0.46 5 147.158 22594.759036
0.45 0.46 6 156.447 24171.191191
0.45 0.46 7 163.66 24100.9444
0.45 0.46 8 184.148 32485.238096
0.45 0.46 9 208.17 44166.4651
0.45 0.46 10 220.575 44429.780375
0.45 0.46 11 236.003 51609.826991
0.45 0.46 12 260.165 68290.877775
0.45 0.46 13 264.618 80340.550076
0.45 0.46 14 280.019 78367.140639
0.45 0.46 15 333.27 102964.2191
0.45 0.46 16 348.588 118948.594256
0.45 0.46 17 370.723 128439.398271
0.45 0.46 18 377.33 149214.6531
0.45 0.46 19 405.699 163095.340399
0.46 0.47 0 83.856 6710.367264
0.46 0.47 1 110.439 12560.672279
0.46 0.47 2 153.351 22797.795799
0.46 0.47 3 133.434 16903.257644
0.46 0.47 4 132.519 17757.629639
0.46 0.47 5 149.287 23346.222631
0.46 0.47 6 140.18 18970.9196
0.46 0.47 7 149.632 22168.540576
0.46 0.47 8 158.47 22098.2271
0.46 0.47 9 172.94 29699.1764
0.46 0.47 10 188.269 32888.514639
0.46 0.47 11 205.41 45818.7919
0.46 0.47 12 227.025 57037.036375
0.46 0.47 13 247.886 56423.775004
0.46 0.47 14 250.525 60547.479375
0.46 0.47 15 264.864 67805.857504
0.46 0.47 16 302.714 89171.724204
0.46 0.47 17 303.817 88438.031511
0.46 0.47 18 320.038 103550.510556
0.46 0.47 19 333.727 104198.046471
0.47 0.48 0 86.911 6792.469079
0.47 0.48 1 112.583 11944.349111
0.47 0.48 2 144.562 23065.508156
0.47 0.48 3 131.57 16786.0011
0.47 0.48 4 120.867 13532.217311
0.47 0.48 5 147.8 19327.47
0.47 0.48 6 167.574 27047.324524
0.47 0.48 7 168.76 29119.5444
0.47 0.48 8 191.932 37057.091376
0.47 0.48 9 221.196 46992.927584
0.47 0.48 10 237.335 51435.530775
0.47 0.48 11 247.955 64233.320975
0.47 0.48 12 276.375 73676.000375
0.47 0.48 13 296.805 87716.852975
0.47 0.48 14 329.602 100512.141596
0.47 0.48 15 328.95 113120.3335
0.47 0.48 16 371.027 136139.312271
0.47 0.48 17 374.285 148636.065775
0.47 0.48 18 410.648 161122.026096
0.47 0.48 19 428.803 174333.142191
0.48 0.49 0 89.243 7502.465951
0.48 0.49 1 112.41 12709.1479
0.48 0.49 2 150.812 23408.434656
0.48 0.49 3 133.971 16429.438159
0.48 0.49 4 120.892 14202.854336
0.48 0.49 5 130.399 15549.147799
0.48 0.49 6 130.711 15107.429479
0.48 0.49 7 140.207 19932.434151
0.48 0.49 8 147.2 18523.852
0.48 0.49 9 164.357 25084.667551
0.48 0.49 10 196.508 34237.897936
0.48 0.49 11 200.514 41964.977804
0.48 0.49 12 224.646 49219.414684
0.48 0.49 13 219.676 44668.477024
0.48 0.49 14 242.665 55037.040775
0.48 0.49 15 272.464 75266.274704
0.48 0.49 16 285.097 75575.495591
0.48 0.49 17 295.204 89509.412384
0.48 0.49 18 330.976 103151.255424
0.48 0.49 19 316.449 102528.407399
0.49 0.5 0 85.034 7494.530844
0.49 0.5 1 110.117 11259.273311
0.49 0.5 2 141.486 20929.209804
0.49 0.5 3 137.947 18069.746191
0.49 0.5 4 116.378 13181.151116
0.49 0.5 5 106.968 10567.412976
0.49 0.5 6 117.043 13092.599151
0.49 0.5 7 129.478 17875.273516
0.49 0.5 8 144.382 17976.864076
0.49 0.5 9 154.1 22015.296
0.49 0.5 10 170.979 31327.128559
0.49 0.5 11 190.773 38638.149471
0.49 0.5 12 197.719 38596.250039
0.49 0.5 13 227.46 52002.4724
0.49 0.5 14 230.4 57341.104
0.49 0.5 15 257.154 63200.622284
0.49 0.5 16 275.39 74599.8639
0.49 0.5 17 269.23 75918.8571
0.49 0.5 18 306.949 91981.848399
0.49 0.5 19 306.062 91912.734156
0.5 0.51 0 84.279 7540.915159
0.5 0.51 1 145.81 19595.6339
0.5 0.51 2 151.94 26128.5244
0.5 0.51 3 140.554 21169.579084
0.5 0.51 4 130.944 21326.416864
0.5 0.51 5 127.474 18047.773324
0.5 0.51 6 131.495 19447.363975
0.5 0.51 7 153.402 27583.268396
0.5 0.51 8 158.801 28246.495399
0.5 0.51 9 173.795 38555.608975
0.5 0.51 10 205.209 50285.527319
0.5 0.51 11 231.996 63456.105984
0.5 0.51 12 248.468 80722.570976
0.5 0.51 13 250.321 75072.457959
0.5 0.51 14 263.704 94169.750384
0.5 0.51 15 288.73 103046.3651
0.5 0.51 16 298.222 111550.388716
0.5 0.51 17 324.547 134202.145791
0.5 0.51 18 336.221 134521.296159
0.5 0.51 19 363.224 174335.319824
0.51 0.52 0 83.11 6621.2799
0.51 0.52 1 162.862 28498.688956
0.51 0.52 2 153.847 24053.647591
0.51 0.52 3 131.662 16963.347756
0.51 0.52 4 114.637 13434.751231
0.51 0.52 5 108.516 10892.765744
0.51 0.52 6 113.244 12739.754464
0.51 0.52 7 121.104 16121.133184
0.51 0.52 8 144.626 21844.510124
0.51 0.52 9 155.834 27603.122444
0.51 0.52 10 163.262 27673.713356
0.51 0.52 11 191.693 41852.932751
0.51 0.52 12 203.952 42486.497696
0.51 0.52 13 213.96 50731.9404
0.51 0.52 14 222.2 51680.37
0.51 0.52 15 258.921 80032.908759
0.51 0.52 16 253.514 73005.193804
0.51 0.52 17 266.305 72248.241975
0.51 0.52 18 278.253 90971.650991
0.51 0.52 19 315.008 105704.323936
0.52 0.53 0 82.312 7167.556656
0.52 0.53 1 169.733 32728.985711
0.52 0.53 2 152.027 22610.920271
0.52 0.53 3 136.012 17363.629856
0.52 0.53 4 111.664 10986.267104
0.52 0.53 5 123.486 15051.717804
0.52 0.53 6 131.496 17480.915984
0.52 0.53 7 150.081 22170.276439
0.52 0.53 8 169.748 26488.378496
0.52 0.53 9 180.653 34763.654591
0.52 0.53 10 199.868 43353.916576
0.52 0.53 11 226.298 52048.965196
0.52 0.53 12 230.526 59878.559324
0.52 0.53 13 266.69 74729.8259
0.52 0.53 14 275.726 76696.464924
0.52 0.53 15 285.012 85423.825856
0.52 0.53 16 306.946 101824.389084
0.52 0.53 17 321.197 110707.074191
0.52 0.53 18 342.136 121917.515504
0.52 0.53 19 348.02 111476.8996
0.53 0.54 0 90.016 7471.935744
0.53 0.54 1 160.979 26540.606559
0.53 0.54 2 147.592 20586.745536
0.53 0.54 3 126.304 16314.331584
0.53 0.54 4 108.614 11055.315004
0.53 0.54 5 119.195 14310.812975
0.53 0.54 6 125.913 15458.197431
0.53 0.54 7 130.793 14548.730151
0.53 0.54 8 145.806 19653.308364
0.53 0.54 9 163.128 24789.443616
0.53 0.54 10 168.902 28952.972396
0.53 0.54 11 168.964 26778.492704
0.53 0.54 12 186.964 34687.316704
0.53 0.54 13 216.112 46229.231456
0.53 0.54 14 237.39 54119.9859
0.53 0.54 15 248.317 58605.758511
0.53 0.54 16 262.308 76743.899136
0.53 0.54 17 263.672 65196.714416
0.53 0.54 18 283.042 80760.890236
0.53 0.54 19 284.764 83078.644304
0.54 0.55 0 87.143 7064.804551
0.54 0.55 1 160.657 30393.483351
0.54 0.55 2 151.424 24834.698224
0.54 0.55 3 123.497 14517.879991
0.54 0.55 4 119.092 12583.219536
0.54 0.55 5 128.41 15470.7399
0.54 0.55 6 133.146 15987.652684
0.54 0.55 7 148.387 20457.883231
0.54 0.55 8 167.204 29043.572384
0.54 0.55 9 178.991 33105.556919
0.54 0.55 10 192.739 35757.832879
0.54 0.55 11 211.039 42442.693479
0.54 0.55 12 235.815 60005.612775
0.54 0.55 13 233.709 53001.624319
0.54 0.55 14 268.355 75305.896975
0.54 0.55 15 266.928 69779.282816
0.54 0.55 16 300.327 94337.114071
0.54 0.55 17 308.947 103021.864191
0.54 0.55 18 326.826 102531.001724
0.54 0.55 19 337.481 118140.483639
0.55 0.56 0 90.62 7843.9616
0.55 0.56 1 163.329 31288.138759
0.55 0.56 2 148.27 22856.7271
0.55 0.56 3 125.418 15807.213276
0.55 0.56 4 124.012 15612.551856
0.55 0.56 5 123.661 16800.206079
0.55 0.56 6 143.483 19908.121711
0.55 0.56 7 158.531 24690.745039
0.55 0.56 8 168.25 24574.5475
0.55 0.56 9 183.567 32322.049511
0.55 0.56 10 214.577 47798.234071
0.55 0.56 11 233.313 56764.847031
0.55 0.56 12 245.202 62604.647196
0.55 0.56 13 258.194 71168.720364
0.55 0.56 14 280.381 94228.707839
0.55 0.56 15 299.113 95661.478231
0.55 0.56 16 321.053 106993.286191
0.55 0.56 17 330.262 114485.231356
0.55 0.56 18 362.624 118383.698624
0.55 0.56 19 360.301 136984.488399
0.56 0.57 0 79.597 6003.886591
0.56 0.57 1 163.086 28341.466604
0.56 0.57 2 149.599 20920.906199
0.56 0.57 3 124.3 14782.084
0.56 0.57 4 129.994 15916.235964
0.56 0.57 5 111.679 11931.419959
0.56 0.57 6 110.122 11709.635116
0.56 0.57 7 117.943 13602.405751
0.56 0.57 8 127.657 15174.013351
0.56 0.57 9 132.867 15019.713311
0.56 0.57 10 152.734 22393.151244
0.56 0.57 11 159.986 24029.953804
0.56 0.57 12 179.386 29835.025004
0.56 0.57 13 178.692 31134.961136
0.56 0.57 14 203.799 37693.322599
0.56 0.57 15 215.614 45298.837004
0.56 0.57 16 224.478 48847.263516
0.56 0.57 17 235.697 52213.623191
0.56 0.57 18 247.582 66219.277276
0.56 0.57 19 255.644 66475.611264
0.57 0.58 0 86.817 7005.895511
0.57 0.58 1 167.131 29160.221839
0.57 0.58 2 141.121 20945.032359
0.57 0.58 3 125.273 15275.172471
0.57 0.58 4 137.672 19636.362416
0.57 0.58 5 134.53 18811.5291
0.57 0.58 6 142.007 20199.772951
0.57 0.58 7 155.671 23447.012759
0.57 0.58 8 167.179 30256.760959
0.57 0.58 9 186.199 34335.813399
0.57 0.58 10 210.686 42428.683404
0.57 0.58 11 215.79 44686.0239
0.57 0.58 12 233.942 55002.662636
0.57 0.58 13 271.535 74605.630775
0.57 0.58 14 268.512 69113.707856
0.57 0.58 15 287.302 91601.864796
0.57 0.58 16 316.37 97716.8431
0.57 0.58 17 330.95 115183.6095
0.57 0.58 18 359.858 119624.385836
0.57 0.58 19 372.498 143210.005996
0.58 0.59 0 91.12 8516.2436
0.58 0.59 1 173.765 28859.479775
0.58 0.59 2 145.161 21677.273079
0.58 0.59 3 134.857 16856.200551
0.58 0.59 4 141.589 18656.548079
0.58 0.59 5 137.202 19921.155196
0.58 0.59 6 160.072 27773.960816
0.58 0.59 7 182.977 31231.314471
0.58 0.59 8 191.536 37046.500704
0.58 0.59 9 214.113 48440.836231
0.58 0.59 10 246.48 61066.5476
0.58 0.59 11 268.417 70233.995111
0.58 0.59 12 287.23 85831.1331
0.58 0.59 13 280.782 76031.438476
0.58 0.59 14 338.555 114222.288975
0.58 0.59 15 341.583 115028.931111
0.58 0.59 16 367.053 135929.252191
0.58 0.59 17 383.199 151372.165399
0.58 0.59 18 402.827 171060.521071
0.58 0.59 19 450.343 201745.995351
0.59 0.6 0 89.598 9129.300396
0.59 0.6 1 156.294 29583.229564
0.59 0.6 2 135.477 19030.077471
0.59 0.6 3 140.568 21248.717376
0.59 0.6 4 128.273 17718.536471
0.59 0.6 5 131.149 18475.760799
0.59 0.6 6 133.881 16331.712839
0.59 0.6 7 132.074 18215.120524
0.59 0.6 8 147.94 20950.6104
0.59 0.6 9 165.57 27927.2851
0.59 0.6 10 186.403 32091.612591
0.59 0.6 11 186.074 35998.720524
0.59 0.6 12 212.671 44641.276759
0.59 0.6 13 223.484 50585.233744
0.59 0.6 14 248.169 61967.100439
0.59 0.6 15 273.758 81591.725436
0.59 0.6 16 280.39 77913.4979
0.59 0.6 17 274.905 77393.069975
0.59 0.6 18 298.279 87089.909159
0.59 0.6 19 331.762 115989.145356
0.6 0.61 0 90.328 6992.006416
0.6 0.61 1 167.75 29187.1775
0.6 0.61 2 142.851 21725.780799
0.6 0.61 3 138.579 22702.203759
0.6 0.61 4 128.975 15115.682375
0.6 0.61 5 141.637 18731.671231
0.6 0.61 6 156.45 26406.3095
0.6 0.61 7 162.463 26885.756631
0.6 0.61 8 193.052 39321.497296
0.6 0.61 9 198.621 45363.061359
0.6 0.61 10 205.996 44181.845984
0.6 0.61 11 232.703 54789.938791
0.6 0.61 12 261.985 71827.498775
0.6 0.61 13 274.736 88305.622304
0.6 0.61 14 290.495 93492.737975
0.6 0.61 15 315.929 103939.879959
0.6 0.61 16 325.089 113089.581079
0.6 0.61 17 348.613 148314.103231
0.6 0.61 18 365.508 125154.601936
0.6 0.61 19 367.25 155939.1895
0.61 0.62 0 85.185 6647.568775
0.61 0.62 1 162.346 31990.132284
0.61 0.62 2 137.696 18929.745584
0.61 0.62 3 146.602 22430.201596
0.61 0.62 4 124.59 14855.2699
0.61 0.62 5 128.063 17191.683031
0.61 0.62 6 151.509 25032.221919
0.61 0.62 7 166.864 31121.799504
0.61 0.62 8 191.362 42621.482956
0.61 0.62 9 192.48 40423.5796
0.61 0.62 10 206.536 47825.878704
0.61 0.62 11 243.216 56289.189344
0.61 0.62 12 257.909 67346.426719
0.61 0.62 13 288.709 96540.060319
0.61 0.62 14 304.035 110915.619775
0.61 0.62 15 309.462 104211.246556
0.61 0.62 16 371.27 142646.3431
0.61 0.62 17 345.185 133536.824775
0.61 0.62 18 382.088 161176.970256
0.61 0.62 19 398.18 165129.2736
0.62 0.63 0 84.057 7401.513751
0.62 0.63 1 160.764 28157.728304
0.62 0.63 2 129.32 18020.7236
0.62 0.63 3 149.009 22177.028919
0.62 0.63 4 114.854 14136.854684
0.62 0.63 5 97.103 8954.956391
0.62 0.63 6 89.236 9110.198304
0.62 0.63 7 89.839 7732.379079
0.62 0.63 8 99.099 9653.501199
0.62 0.63 9 115.802 13448.566796
0.62 0.63 10 116.99 12590.0859
0.62 0.63 11 124.866 16996.600044
0.62 0.63 12 146.189 20229.459279
0.62 0.63 13 155.923 25725.685071
0.62 0.63 14 158.603 29951.129391
0.62 0.63 15 172.642 32156.847836
0.62 0.63 16 193.102 38285.433596
0.62 0.63 17 207.244 42256.472464
0.62 0.63 18 199.417 40327.331111
0.62 0.63 19 214.738 48638.473356
0.63 0.64 0 88.455 8655.643975
0.63 0.64 1 164.495 27884.055975
0.63 0.64 2 130.176 17022.009024
0.63 0.64 3 141.065 20068.016775
0.63 0.64 4 139.352 19159.626096
0.63 0.64 5 133.767 18725.690711
0.63 0.64 6 149.839 23844.145079
0.63 0.64 7 158.81 27599.6259
0.63 0.64 8 180.38 33678.4356
0.63 0.64 9 204.458 47213.506236
0.63 0.64 10 220.046 52248.199884
0.63 0.64 11 242.731 67142.646639
0.63 0.64 12 249.548 62176.731696
0.63 0.64 13 286.997 87594.914991
0.63 0.64 14 296.319 94984.629239
0.63 0.64 15 306.345 95413.803975
0.63 0.64 16 352.377 116742.994871
0.63 0.64 17 360.548 147317.485696
0.63 0.64 18 381.07 154382.7631
0.63 0.64 19 408.834 172128.328444
0.64 0.65 0 84.187 7411.886031
0.64 0.65 1 166.833 27578.693111
0.64 0.65 2 133.959 18689.945319
0.64 0.65 3 140.126 19661.662124
0.64 0.65 4 135.456 21017.558064
0.64 0.65 5 136.972 20152.081216
0.64 0.65 6 148.724 23008.211824
0.64 0.65 7 174.713 29594.538631
0.64 0.65 8 170.75 28822.4155
0.64 0.65 9 196.249 41449.194999
0.64 0.65 10 212.998 44636.645996
0.64 0.65 11 234.39 60464.1939
0.64 0.65 12 238.37 54531.2911
0.64 0.65 13 264.044 73230.034064
0.64 0.65 14 290.944 81179.156864
0.64 0.65 15 288.501 82675.371999
0.64 0.65 16 321.846 108558.540284
0.64 0.65 17 342.252 116005.986496
0.64 0.65 18 352.048 114459.595696
0.64 0.65 19 379.951 159565.530599
0.65 0.66 0 87.046 7709.659884
0.65 0.66 1 160.255 26420.795975
0.65 0.66 2 133.158 18274.385036
0.65 0.66 3 133.419 18049.785439
0.65 0.66 4 128.547 16050.787791
0.65 0.66 5 122.848 15762.166896
0.65 0.66 6 116.909 12268.756719
0.65 0.66 7 126.08 15120.4156
0.65 0.66 8 133.306 17916.268364
0.65 0.66 9 156.176 24721.575024
0.65 0.66 10 169.278 29653.008716
0.65 0.66 11 184.913 36674.707431
0.65 0.66 12 190.916 34968.102944
0.65 0.66 13 208.542 40763.328236
0.65 0.66 14 242.246 56642.315484
0.65 0.66 15 233.937 55957.485031
0.65 0.66 16 274.513 83091.651831
0.65 0.66 17 256.607 76246.358551
0.65 0.66 18 282.412 86373.168256
0.65 0.66 19 300.543 96838.570151
0.66 0.67 0 84.336 7061.131104
0.66 0.67 1 162.449 26169.635399
0.66 0.67 2 120.481 15568.767639
0.66 0.67 3 125.917 16223.598111
0.66 0.67 4 130.178 17950.162316
0.66 0.67 5 141.184 20949.932144
0.66 0.67 6 158.41 24312.8199
0.66 0.67 7 172.487 30548.819831
0.66 0.67 8 185.484 33481.737744
0.66 0.67 9 203.744 45838.636464
0.66 0.67 10 222.219 51546.441039
0.66 0.67 11 248.541 67078.866319
0.66 0.67 12 279.559 84416.034519
0.66 0.67 13 266.428 79797.256816
0.66 0.67 14 331.547 110980.635791
0.66 0.67 15 336.621 104533.683359
0.66 0.67 16 340.345 111071.113975
0.66 0.67 17 375.592 137895.949536
0.66 0.67 18 384.403 161364.700591
0.66 0.67 19 402.486 163350.321804
0.67 0.68 0 89.59 7966.0939
0.67 0.68 1 165.459 27044.476319
0.67 0.68 2 130.886 17480.763004
0.67 0.68 3 124.237 13936.138831
0.67 0.68 4 126.978 15873.757516
0.67 0.68 5 127.714 15399.360204
0.67 0.68 6 135.856 18528.799264
0.67 0.68 7 144.011 21835.138879
0.67 0.68 8 159.145 26998.785975
0.67 0.68 9 177.231 33611.111639
0.67 0.68 10 194.4 40021.602
0.67 0.68 11 205.305 45005.267975
0.67 0.68 12 228.982 52183.313676
0.67 0.68 13 233.446 64200.961084
0.67 0.68 14 257.035 80505.173775
0.67 0.68 15 267.759 67281.942919
0.67 0.68 16 301.164 98078.545104
0.67 0.68 17 312.387 104998.581231
0.67 0.68 18 333.314 130857.073404
0.67 0.68 19 339.79 121645.4479
0.68 0.69 0 84.581 6773.433439
0.68 0.69 1 161.59 28482.7579
0.68 0.69 2 134.513 18729.187831
0.68 0.69 3 118.251 14795.639999
0.68 0.69 4 124.733 15792.993711
0.68 0.69 5 103.204 9406.044384
0.68 0.69 6 103.711 10675.801479
0.68 0.69 7 100.382 8646.552076
0.68 0.69 8 112.565 12603.505775
0.68 0.69 9 116.767 14393.092711
0.68 0.69 10 137.346 18850.306284
0.68 0.69 11 147.883 22112.883311
0.68 0.69 12 164.506 29218.049964
0.68 0.69 13 173.973 34520.686271
0.68 0.69 14 178.301 29977.024399
0.68 0.69 15 202.1 42046.218
0.68 0.69 16 213.09 45248.2719
0.68 0.69 17 217.498 44967.675996
0.68 0.69 18 223.428 50740.406816
0.68 0.69 19 234.547 52336.567791
0.69 0.7 0 86.872 7173.761616
0.69 0.7 1 165.404 28241.920784
0.69 0.7 2 132.272 18714.068016
0.69 0.7 3 106.202 11039.517196
0.69 0.7 4 128.284 15496.197344
0.69 0.7 5 130.108 17269.908336
0.69 0.7 6 148.877 22708.703871
0.69 0.7 7 134.351 18136.615799
0.69 0.7 8 160.637 23554.607231
0.69 0.7 9 191.352 45053.598096
0.69 0.7 10 205.709 47668.356319
0.69 0.7 11 217.544 47835.602064
0.69 0.7 12 238.684 59956.790144
0.69 0.7 13 248.396 57942.067184
0.69 0.7 14 261.962 78925.942556
0.69 0.7 15 291.957 101076.417151
0.69 0.7 16 319.512 107239.899856
0.69 0.7 17 322.278 99280.086716
0.69 0.7 18 351.685 126044.759775
0.69 0.7 19 377.058 159249.058636
0.7 0.71 0 84.927 7606.787671
0.7 0.71 1 160.78 27223.7716
0.7 0.71 2 141.995 19419.080975
0.7 0.71 3 113.701 14211.701599
0.7 0.71 4 118.542 13809.556236
0.7 0.71 5 124.7 17725.646
0.7 0.71 6 124.828 16684.918416
0.7 0.71 7 137.201 17411.498599
0.7 0.71 8 148.062 20846.472156
0.7 0.71 9 158.44 23424.4844
0.7 0.71 10 167.954 32223.725884
0.7 0.71 11 186.34 33736.4484
0.7 0.71 12 202.391 38668.282119
0.7 0.71 13 226.489 56383.245879
0.7 0.71 14 226.637 53805.129231
0.7 0.71 15 251.599 64467.212199
0.7 0.71 16 265.39 71735.5759
0.7 0.71 17 281.882 87713.178076
0.7 0.71 18 308.652 102937.330896
0.7 0.71 19 321.382 102834.182076
0.71 0.72 0 86.918 6849.057276
0.71 0.72 1 157.507 26736.231951
0.71 0.72 2 130.63 17562.1531
0.71 0.72 3 109.488 11931.273856
0.71 0.72 4 106.537 12176.504631
0.71 0.72 5 110.311 13984.752279
0.71 0.72 6 107.36 11980.2884
0.71 0.72 7 119.685 13508.719775
0.71 0.72 8 129.185 17918.266775
0.71 0.72 9 143.674 21939.061724
0.71 0.72 10 142.918 22321.707276
0.71 0.72 11 154.928 23926.956816
0.71 0.72 12 176.432 30401.961376
0.71 0.72 13 191.83 34693.9551
0.71 0.72 14 195.671 37747.818759
0.71 0.72 15 222.292 57075.718736
0.71 0.72 16 218.488 45048.669856
0.71 0.72 17 238.739 61328.624879
0.71 0.72 18 255.347 72466.892591
0.71 0.72 19 267.912 78053.614256
0.72 0.73 0 82.202 6562.773196
0.72 0.73 1 157.388 25948.133456
0.72 0.73 2 130.395 17203.976975
0.72 0.73 3 112.387 13465.141231
0.72 0.73 4 101.658 10080.385036
0.72 0.73 5 123.131 14612.523839
0.72 0.73 6 129.818 17901.976876
0.72 0.73 7 140.53 19805.2071
0.72 0.73 8 159.951 25273.820599
0.72 0.73 9 177.44 33779.3164
0.72 0.73 10 191.383 38158.104311
0.72 0.73 11 205.793 52293.432151
0.72 0.73 12 214.895 49779.399975
0.72 0.73 13 233.411 63336.478079
0.72 0.73 14 248.469 67210.997039
0.72 0.73 15 289.368 88636.932576
0.72 0.73 16 287.582 93377.257276
0.72 0.73 17 307.598 100372.938396
0.72 0.73 18 311.553 101097.827191
0.72 0.73 19 345.513 124874.127831
0.73 0.74 0 85.715 7291.041775
0.73 0.74 1 149.005 23823.148975
0.73 0.74 2 129.548 20003.751696
0.73 0.74 3 114.057 14317.431751
0.73 0.74 4 95.122 8900.251116
0.73 0.74 5 98.466 11412.012844
0.73 0.74 6 110.531 14144.891039
0.73 0.74 7 109.129 14651.080359
0.73 0.74 8 124.485 17172.897775
0.73 0.74 9 132.229 21301.356559
0.73 0.74 10 142.432 20264.861376
0.73 0.74 11 152.5 30336.376
0.73 0.74 12 173.573 31377.826671
0.73 0.74 13 185.001 40999.374999
0.73 0.74 14 198.475 47753.933375
0.73 0.74 15 204.492 50754.861936
0.73 0.74 16 213.543 52744.434151
0.73 0.74 17 230.063 63820.323031
0.73 0.74 18 247.793 72072.916151
0.73 0.74 19 263.082 81513.097276
0.74 0.75 0 89.341 8115.766719
0.74 0.75 1 145.093 22644.198351
0.74 0.75 2 127.298 17136.765196
0.74 0.75 3 111.226 14365.556924
0.74 0.75 4 96.64 10929.1364
0.74 0.75 5 82.189 8080.525279
0.74 0.75 6 91.043 11230.055151
0.74 0.75 7 102.015 13079.380775
0.74 0.75 8 103.661 13329.430079
0.74 0.75 9 121.123 21203.369871
0.74 0.75 10 136.228 26022.482016
0.74 0.75 11 145.777 27392.403271
0.74 0.75 12 161.541 34183.282319
0.74 0.75 13 168.411 41726.326079
0.74 0.75 14 181.294 46486.567564
0.74 0.75 15 191.939 50117.049279
0.74 0.75 16 202.443 60218.516751
0.74 0.75 17 220.391 65428.000119
0.74 0.75 18 239.689 82721.458279
0.74 0.75 19 231.466 73015.314844
0.75 0.76 0 87.701 7144.869599
0.75 0.76 1 125.728 14102.096016
0.75 0.76 2 186.892 39435.268336
0.75 0.76 3 195.241 38460.972919
0.75 0.76 4 221.904 49274.312784
0.75 0.76 5 235.515 53903.879775
0.75 0.76 6 249.206 58982.995564
0.75 0.76 7 286.501 78041.729999
0.75 0.76 8 331.857 89141.956551
0.75 0.76 9 362.095 127369.379975
0.75 0.76 10 395.548 151167.649696
0.75 0.76 11 445.087 177086.033431
0.75 0.76 12 472.95 225519.7415
0.75 0.76 13 522.096 261351.202784
0.75 0.76 14 548.682 276710.726876
0.75 0.76 15 584.533 336572.458911
0.75 0.76 16 604.065 336553.300775
0.75 0.76 17 670.586 428738.732604
0.75 0.76 18 721.219 451764.631039
0.75 0.76 19 715.642 515987.807836
0.76 0.77 0 96.857 9592.300551
0.76 0.77 1 129.215 15093.020775
0.76 0.77 2 186.695 34971.059975
0.76 0.77 3 202.196 42189.009584
0.76 0.77 4 212.745 44806.557975
0.76 0.77 5 211.995 43744.880975
0.76 0.77 6 231.849 50352.764199
0.76 0.77 7 242.233 66088.450711
0.76 0.77 8 258.264 63181.222304
0.76 0.77 9 267.199 68206.929399
0.76 0.77 10 337.544 117211.396064
0.76 0.77 11 338.57 112755.3751
0.76 0.77 12 368.058 127832.724636
0.76 0.77 13 408.33 159729.7671
0.76 0.77 14 444.042 200258.756236
0.76 0.77 15 440.671 173856.852759
0.76 0.77 16 503.729 241494.105559
0.76 0.77 17 519.966 262739.488844
0.76 0.77 18 531.969 252705.482039
0.76 0.77 19 577.653 337658.292591
0.77 0.78 0 93.281 8232.354039
0.77 0.78 1 132.643 16703.307551
0.77 0.78 2 177.553 30346.223191
0.77 0.78 3 184.961 30068.187479
0.77 0.78 4 183.905 33410.981975
0.77 0.78 5 214.739 40461.616879
0.77 0.78 6 221.691 47727.245519
0.77 0.78 7 245.429 66010.808959
0.77 0.78 8 284.02 87571.0016
0.77 0.78 9 308.832 93055.611776
0.77 0.78 10 320.141 107610.123119
0.77 0.78 11 377.179 138770.354959
0.77 0.78 12 376.693 131604.514751
0.77 0.78 13 416.254 155808.123484
0.77 0.78 14 464.826 208348.105724
0.77 0.78 15 489.777 221024.503271
0.77 0.78 16 507.705 254728.647975
0.77 0.78 17 553.496 294644.361984
0.77 0.78 18 580.235 295243.967775
0.77 0.78 19 580.909 354675.522719
0.78 0.79 0 90.755 8735.034975
0.78 0.79 1 127.966 17277.662844
0.78 0.79 2 181.433 26956.849511
0.78 0.79 3 180.489 31558.903879
0.78 0.79 4 199.02 36690.2596
0.78 0.79 5 226.349 50566.649199
0.78 0.79 6 229.436 49033.705904
0.78 0.79 7 247.889 69752.992679
0.78 0.79 8 248.647 58652.246391
0.78 0.79 9 264.16 67482.1384
0.78 0.79 10 282.558 75031.184636
0.78 0.79 11 302.82 87452.4916
0.78 0.79 12 346.889 112409.136679
0.78 0.79 13 369.769 130595.239639
0.78 0.79 14 397.829 148735.799759
0.78 0.79 15 410.369 158851.814839
0.78 0.79 16 426.005 166521.920975
0.78 0.79 17 427.893 176390.477551
0.78 0.79 18 501.521 233698.391559
0.78 0.79 19 515.548 252379.285696
0.79 0.8 0 93.968 7952.980976
0.79 0.8 1 121.388 13966.419456
0.79 0.8 2 188.292 35670.382736
0.79 0.8 3 198.332 36435.551776
0.79 0.8 4 190.588 35196.546256
0.79 0.8 5 214.525 45467.401375
0.79 0.8 6 208.513 40346.835831
0.79 0.8 7 232.145 54636.947975
0.79 0.8 8 275.804 77513.329584
0.79 0.8 9 288.084 80548.998944
0.79 0.8 10 320.943 102205.293751
0.79 0.8 11 367.67 130512.2551
0.79 0.8 12 393.662 164001.335756
0.79 0.8 13 403.132 160256.790576
0.79 0.8 14 436.998 196810.647996
0.79 0.8 15 484.417 234455.925111
0.79 0.8 16 476.6 223212.012
0.79 0.8 17 513.667 252347.224111
0.79 0.8 18 534.081 271771.852439
0.79 0.8 19 549.301 341170.288399
0.8 0.81 0 86.509 7106.073919
0.8 0.81 1 131.642 16884.601836
0.8 0.81 2 176.186 29533.629404
0.8 0.81 3 183.19 31902.5239
0.8 0.81 4 187.945 38393.523975
0.8 0.81 5 168.113 30364.592231
0.8 0.81 6 201.874 37752.398124
0.8 0.81 7 213.579 41030.201759
0.8 0.81 8 225.751 54926.796999
0.8 0.81 9 263.073 64103.157671
0.8 0.81 10 281.711 76934.055479
0.8 0.81 11 296.019 88291.642639
0.8 0.81 12 330.7 104196.534
0.8 0.81 13 366.211 133984.414479
0.8 0.81 14 377.814 146344.859404
0.8 0.81 15 425.872 189155.865616
0.8 0.81 16 434.251 167590.231999
0.8 0.81 17 452.614 204358.933004
0.8 0.81 18 471.071 233458.319959
0.8 0.81 19 526.513 262770.307831
0.81 0.82 0 88.082 6874.349276
0.81 0.82 1 134.254 19671.913484
0.81 0.82 2 171.954 28001.617884
0.81 0.82 3 178.72 28364.3976
0.81 0.82 4 203.689 37394.534279
0.81 0.82 5 188.371 34570.107359
0.81 0.82 6 179.227 33574.523471
0.81 0.82 7 171.668 27554.571776
0.81 0.82 8 192.223 40394.163271
0.81 0.82 9 195.127 40713.580871
0.81 0.82 10 230.132 51309.434576
0.81 0.82 11 249.916 67023.018944
0.81 0.82 12 251.357 63483.567551
0.81 0.82 13 280.451 81623.929599
0.81 0.82 14 318.089 97146.965079
0.81 0.82 15 340.329 122998.248759
0.81 0.82 16 335.292 112449.612736
0.81 0.82 17 345.75 109020.6435
0.81 0.82 18 377.234 137213.867244
0.81 0.82 19 382.541 143563.364319
0.82 0.83 0 88.405 7960.244975
0.82 0.83 1 131.428 17039.780816
0.82 0.83 2 173.941 27836.933519
0.82 0.83 3 184.453 33507.289791
0.82 0.83 4 214.181 41735.556239
0.82 0.83 5 241.388 68959.687456
0.82 0.83 6 215.403 49203.028591
0.82 0.83 7 272.73 69897.9331
0.82 0.83 8 313.285 96824.881775
0.82 0.83 9 348.704 127854.220384
0.82 0.83 10 364.03 132223.0351
0.82 0.83 11 367.041 121893.197319
0.82 0.83 12 411.016 188028.609744
0.82 0.83 13 471.103 214861.142391
0.82 0.83 14 473.714 227579.630204
0.82 0.83 15 546.363 291854.527231
0.82 0.83 16 562.766 310123.527244
0.82 0.83 17 606.548 422919.317696
0.82 0.83 18 629.55 380907.8255
0.82 0.83 19 630.755 386803.436975
0.83 0.84 0 89.238 8512.449356
0.83 0.84 1 134.468 17981.758976
0.83 0.84 2 172.985 28175.592775
0.83 0.84 3 180.713 31266.508631
0.83 0.84 4 197.39 35627.1099
0.83 0.84 5 203.163 43423.690431
0.83 0.84 6 246.694 58717.850364
0.83 0.84 7 256.197 67085.852191
0.83 0.84 8 290.902 90453.800396
0.83 0.84 9 309.539 98277.644479
0.83 0.84 10 340.166 126129.210444
0.83 0.84 11 379.391 144130.180119
0.83 0.84 12 411.054 168702.565084
0.83 0.84 13 424.954 220810.981884
0.83 0.84 14 463.293 244136.837151
0.83 0.84 15 510.542 238378.332236
0.83 0.84 16 531.477 276603.129471
0.83 0.84 17 547.695 292529.111975
0.83 0.84 18 614.327 427078.636071
0.83 0.84 19 623.863 401062.616231
0.84 0.85 0 83.509 6914.055919
0.84 0.85 1 132.371 16566.835359
0.84 0.85 2 172.015 32403.830775
0.84 0.85 3 191.353 39165.770391
0.84 0.85 4 165.608 30086.672336
0.84 0.85 5 168.781 26643.771039
0.84 0.85 6 182.895 37893.217975
0.84 0.85 7 169.155 29715.984975
0.84 0.85 8 206.223 44066.321271
0.84 0.85 9 218.03 47300.4671
0.84 0.85 10 236.103 59183.678391
0.84 0.85 11 254.888 61408.181456
0.84 0.85 12 268.559 78021.636519
0.84 0.85 13 314.174 104922.137724
0.84 0.85 14 331.335 114212.832775
0.84 0.85 15 350.393 118067.846551
0.84 0.85 16 359.395 141570.568975
0.84 0.85 17 390.329 168321.392759
0.84 0.85 18 411.435 168017.543775
0.84 0.85 19 433.033 192269.193911
0.85 0.86 0 84.115 7337.733775
0.85 0.86 1 131.296 16522.934384
0.85 0.86 2 179.105 36484.247975
0.85 0.86 3 178.985 35694.434775
0.85 0.86 4 150.999 23468.492999
0.85 0.86 5 182.441 31658.470519
0.85 0.86 6 188.055 34991.883975
0.85 0.86 7 203.797 44167.121791
0.85 0.86 8 232.33 55645.1571
0.85 0.86 9 246.148 64512.738096
0.85 0.86 10 287.638 86611.198956
0.85 0.86 11 297.682 96644.652876
0.85 0.86 12 310.669 100744.375439
0.85 0.86 13 346.546 114884.741884
0.85 0.86 14 366.526 130896.691324
0.85 0.86 15 400.305 191767.419975
0.85 0.86 16 441.999 199047.698999
0.85 0.86 17 453.238 228251.033356
0.85 0.86 18 469.855 224208.819975
0.85 0.86 19 489.008 263201.735936
0.86 0.87 0 83.387 7227.731231
0.86 0.87 1 130.507 16830.165951
0.86 0.87 2 170.555 27186.142975
0.86 0.87 3 159.003 28392.304991
0.86 0.87 4 135.118 19371.068076
0.86 0.87 5 135.385 20252.454775
0.86 0.87 6 165.737 27288.019831
0.86 0.87 7 194.985 37687.152775
0.86 0.87 8 203.451 45542.615599
0.86 0.87 9 244.068 70874.835376
0.86 0.87 10 250.178 72173.392316
0.86 0.87 11 284.267 87818.763711
0.86 0.87 12 305.119 93252.132839
0.86 0.87 13 329.411 106398.872079
0.86 0.87 14 367.542 141259.210236
0.86 0.87 15 381.431 152961.471239
0.86 0.87 16 413.809 170114.828519
0.86 0.87 17 441.944 214207.200864
0.86 0.87 18 462.292 212006.282736
0.86 0.87 19 474.048 236225.817696
0.87 0.88 0 81.919 6412.900439
0.87 0.88 1 126.914 15533.138604
0.87 0.88 2 185.831 37720.974439
0.87 0.88 3 161.747 27373.292991
0.87 0.88 4 134.7 18056.368
0.87 0.88 5 116.122 12382.853116
0.87 0.88 6 105.348 10846.862896
0.87 0.88 7 118.236 16688.478304
0.87 0.88 8 119.507 15091.271951
0.87 0.88 9 140.311 21476.508279
0.87 0.88 10 144.19 21827.4759
0.87 0.88 11 164.677 28379.692671
0.87 0.88 12 165.545 28361.387975
0.87 0.88 13 186.918 39269.389276
0.87 0.88 14 186.529 34625.083159
0.87 0.88 15 198.136 46708.903504
0.87 0.88 16 221.486 53127.863804
0.87 0.88 17 234.193 58510.135751
0.87 0.88 18 260.374 71151.452124
0.87 0.88 19 254.115 65978.043775
0.88 0.89 0 90.259 8793.899919
0.88 0.89 1 122.131 14982.663839
0.88 0.89 2 172.066 30675.581644
0.88 0.89 3 225.0 56381.282
0.88 0.89 4 236.477 57939.629471
0.88 0.89 5 286.708 93716.890736
0.88 0.89 6 324.704 104849.676384
0.88 0.89 7 356.35 132981.8695
0.88 0.89 8 387.729 192182.213559
0.88 0.89 9 427.479 198889.323559
0.88 0.89 10 491.26 231866.4664
0.88 0.89 11 506.563 297757.968031
0.88 0.89 12 586.712 403142.495056
0.88 0.89 13 616.848 424959.998896
0.88 0.89 14 609.027 362527.178271
0.88 0.89 15 671.225 437824.798375
0.88 0.89 16 720.594 531333.517164
0.88 0.89 17 748.224 572348.611824
0.88 0.89 18 821.994 668250.051964
0.88 0.89 19 871.366 835291.486044
0.89 0.9 0 83.403 6515.282591
0.89 0.9 1 124.354 15787.936684
0.89 0.9 2 177.544 36912.212064
0.89 0.9 3 194.278 37075.810716
0.89 0.9 4 221.732 52033.624176
0.89 0.9 5 243.289 58371.307479
0.89 0.9 6 271.729 77339.555559
0.89 0.9 7 305.87 90802.2471
0.89 0.9 8 322.553 106601.015191
0.89 0.9 9 334.961 111794.477479
0.89 0.9 10 376.122 145984.417116
0.89 0.9 11 406.54 185785.3684
0.89 0.9 12 423.369 199849.610839
0.89 0.9 13 483.093 290485.510351
0.89 0.9 14 523.094 321202.157164
0.89 0.9 15 534.637 341723.623231
0.89 0.9 16 568.508 367650.165936
0.89 0.9 17 613.452 418048.771696
0.89 0.9 18 650.432 490485.375376
0.89 0.9 19 667.869 517277.345839
0.9 0.91 0 83.919 7987.348439
0.9 0.91 1 126.118 15948.496076
0.9 0.91 2 177.348 35910.040896
0.9 0.91 3 186.942 38075.950636
0.9 0.91 4 209.343 43191.377351
0.9 0.91 5 186.867 34970.313311
0.9 0.91 6 187.721 35392.051159
0.9 0.91 7 213.941 49118.541519
0.9 0.91 8 246.841 67861.085719
0.9 0.91 9 255.006 70089.183964
0.9 0.91 10 285.3 90825.176
0.9 0.91 11 302.935 112686.062775
0.9 0.91 12 330.66 132311.1084
0.9 0.91 13 348.319 119764.909239
0.9 0.91 14 384.58 160531.8476
0.9 0.91 15 389.826 171703.699724
0.9 0.91 16 406.344 184407.661664
0.9 0.91 17 486.161 239719.361079
0.9 0.91 18 500.372 273492.643616
0.9 0.91 19 529.44 295862.8324
0.91 0.92 0 85.74 6753.6024
0.91 0.92 1 117.309 14583.821519
0.91 0.92 2 172.362 29002.524956
0.91 0.92 3 172.482 33091.727676
0.91 0.92 4 177.341 29832.652719
0.91 0.92 5 214.069 44956.924239
0.91 0.92 6 264.633 72003.126311
0.91 0.92 7 272.117 84898.965311
0.91 0.92 8 303.708 93261.200736
0.91 0.92 9 337.79 116473.9999
0.91 0.92 10 389.362 160112.478956
0.91 0.92 11 399.02 158853.3416
0.91 0.92 12 415.653 213081.860591
0.91 0.92 13 440.988 211326.903856
0.91 0.92 14 524.94 290062.7524
0.91 0.92 15 560.097 378833.345591
0.91 0.92 16 579.683 372571.560511
0.91 0.92 17 592.556 414713.072864
0.91 0.92 18 640.92 421580.9756
0.91 0.92 19 680.704 496385.126384
0.92 0.93 0 82.935 6670.830775
0.92 0.93 1 124.898 15313.275596
0.92 0.93 2 177.423 31004.152071
0.92 0.93 3 158.181 24778.652239
0.92 0.93 4 165.023 28237.618471
0.92 0.93 5 153.841 23370.805719
0.92 0.93 6 171.296 30321.308384
0.92 0.93 7 184.299 35419.233599
0.92 0.93 8 189.222 38519.680716
0.92 0.93 9 225.756 53228.322464
0.92 0.93 10 238.93 58508.2611
0.92 0.93 11 246.025 72162.452375
0.92 0.93 12 272.5 75024.978
0.92 0.93 13 300.068 104497.381376
0.92 0.93 14 312.035 100896.035775
0.92 0.93 15 358.52 126328.8996
0.92 0.93 16 371.691 149316.449519
0.92 0.93 17 377.913 145472.725431
0.92 0.93 18 404.583 171194.111111
0.92 0.93 19 426.459 177158.222319
0.93 0.94 0 83.457 6784.930151
0.93 0.94 1 113.771 12690.462559
0.93 0.94 2 168.635 29931.825775
0.93 0.94 3 140.383 20703.216311
0.93 0.94 4 110.541 11136.044319
0.93 0.94 5 105.936 12267.955904
0.93 0.94 6 103.79 11971.0019
0.93 0.94 7 121.276 15840.665824
0.93 0.94 8 132.546 17384.967884
0.93 0.94 9 137.604 20968.881184
0.93 0.94 10 153.118 23894.942076
0.93 0.94 11 168.748 30617.286496
0.93 0.94 12 180.711 36385.441479
0.93 0.94 13 195.227 41209.737471
0.93 0.94 14 208.714 44776.948204
0.93 0.94 15 219.844 56124.165664
0.93 0.94 16 236.062 59950.572156
0.93 0.94 17 254.348 62415.830896
0.93 0.94 18 283.335 84917.188775
0.93 0.94 19 279.617 74337.782311
0.94 0.95 0 79.01 6086.4059
0.94 0.95 1 113.056 12450.058864
0.94 0.95 2 152.085 26485.069775
0.94 0.95 3 117.165 14380.645775
0.94 0.95 4 141.43 19788.5091
0.94 0.95 5 179.017 30923.134711
0.94 0.95 6 219.049 48617.572599
0.94 0.95 7 235.158 58099.671036
0.94 0.95 8 252.333 62967.388111
0.94 0.95 9 287.649 90638.267799
0.94 0.95 10 313.675 98354.087375
0.94 0.95 11 334.26 108245.8564
0.94 0.95 12 376.052 153662.097296
0.94 0.95 13 370.778 151096.364716
0.94 0.95 14 406.202 166129.565196
0.94 0.95 15 448.579 200954.185759
0.94 0.95 16 479.058 253302.920636
0.94 0.95 17 499.033 256152.977911
0.94 0.95 18 555.178 326583.400316
0.94 0.95 19 596.622 359547.089116
0.95 0.96 0 76.583 5922.025111
0.95 0.96 1 97.785 9793.984775
0.95 0.96 2 152.935 25181.500775
0.95 0.96 3 122.123 14146.177871
0.95 0.96 4 126.565 16189.387775
0.95 0.96 5 140.78 21747.4576
0.95 0.96 6 151.45 22787.6215
0.95 0.96 7 151.119 22830.622839
0.95 0.96 8 176.159 31364.585719
0.95 0.96 9 181.812 33843.566656
0.95 0.96 10 198.832 41834.647776
0.95 0.96 11 220.979 52707.018559
0.95 0.96 12 251.159 63232.383719
0.95 0.96 13 274.35 85536.1255
0.95 0.96 14 279.394 84826.350764
0.95 0.96 15 299.799 101043.200599
0.95 0.96 16 328.124 113117.856624
0.95 0.96 17 339.63 127905.8931
0.95 0.96 18 353.663 112996.511431
0.95 0.96 19 378.73 152158.9471
0.96 0.97 0 78.962 5661.126556
0.96 0.97 1 101.614 10607.223004
0.96 0.97 2 151.794 28041.505564
0.96 0.97 3 113.616 13242.296544
0.96 0.97 4 104.117 10316.487311
0.96 0.97 5 93.967 8591.487911
0.96 0.97 6 91.036 8875.250704
0.96 0.97 7 109.559 11963.964519
0.96 0.97 8 114.874 13453.262124
0.96 0.97 9 131.682 17956.474876
0.96 0.97 10 144.259 21392.281919
0.96 0.97 11 158.976 25645.425424
0.96 0.97 12 165.892 30071.022336
0.96 0.97 13 187.706 36336.395564
0.96 0.97 14 186.536 36117.152704
0.96 0.97 15 204.634 41934.628044
0.96 0.97 16 216.435 51635.745775
0.96 0.97 17 231.113 61159.286231
0.96 0.97 18 242.899 60966.026799
0.96 0.97 19 257.531 70732.405039
0.97 0.98 0 72.821 5681.936959
0.97 0.98 1 98.723 9116.786271
0.97 0.98 2 138.086 22301.828604
0.97 0.98 3 103.47 12979.0191
0.97 0.98 4 76.296 6334.444384
0.97 0.98 5 107.308 11158.865136
0.97 0.98 6 138.884 21960.350544
0.97 0.98 7 141.234 19002.725244
0.97 0.98 8 163.063 25359.861031
0.97 0.98 9 190.099 36202.423199
0.97 0.98 10 204.355 43207.024975
0.97 0.98 11 220.358 44648.535836
0.97 0.98 12 226.883 51904.191311
0.97 0.98 13 257.727 68938.522471
0.97 0.98 14 260.994 74558.631964
0.97 0.98 15 301.625 90982.358375
0.97 0.98 16 309.878 86117.167116
0.97 0.98 17 341.638 124586.080956
0.97 0.98 18 329.816 116703.632144
0.97 0.98 19 350.995 117190.284975
0.98 0.99 0 74.785 5807.948775
0.98 0.99 1 94.614 9499.201004
0.98 0.99 2 118.347 17461.026591
0.98 0.99 3 92.281 11007.770039
0.98 0.99 4 69.27 4961.3631
0.98 0.99 5 76.74 6014.6764
0.98 0.99 6 66.115 4284.459775
0.98 0.99 7 78.298 5884.759196
0.98 0.99 8 87.441 6986.290519
0.98 0.99 9 97.475 9216.201375
0.98 0.99 10 103.45 10376.8595
0.98 0.99 11 118.005 14685.114975
0.98 0.99 12 126.65 16719.8055
0.98 0.99 13 133.73 18608.6971
0.98 0.99 14 145.156 21301.559664
0.98 0.99 15 151.258 25268.025436
0.98 0.99 16 162.56 27882.2084
0.98 0.99 17 166.703 25579.752791
0.98 0.99 18 173.582 28709.897276
0.98 0.99 19 191.82 35432.1356
0.99 1.0 0 74.426 5118.684524
0.99 1.0 1 79.597 6210.638591
0.99 1.0 2 79.161 6112.539079
0.99 1.0 3 54.455 2261.415975
0.99 1.0 4 37.411 974.942079
0.99 1.0 5 31.988 601.597856
0.99 1.0 6 32.864 599.515504
0.99 1.0 7 35.653 860.074591
0.99 1.0 8 40.255 1072.325975
0.99 1.0 9 44.204 1261.028384
0.99 1.0 10 50.012 1676.343856
0.99 1.0 11 53.729 1932.521559
0.99 1.0 12 58.685 2372.247775
0.99 1.0 13 62.302 2642.278796
0.99 1.0 14 66.321 2812.865959
0.99 1.0 15 69.25 3088.7235
0.99 1.0 16 78.004 4555.395984
0.99 1.0 17 81.227 5147.509471
0.99 1.0 18 86.253 5298.112991
0.99 1.0 19 86.381 4796.989839
