0.0 0.01 0 97.78 8392.3716
0.0 0.01 1 101.92 11798.9736
0.0 0.01 2 92.72 7632.3616
0.0 0.01 3 50.43 1586.9851
0.0 0.01 4 39.65 816.4475
0.0 0.01 5 36.52 621.2096
0.0 0.01 6 36.49 722.7099
0.0 0.01 7 41.34 674.4444
0.0 0.01 8 39.69 532.8739
0.0 0.01 9 42.34 963.9844
0.0 0.01 10 42.36 737.3704
0.0 0.01 11 42.59 494.6819
0.0 0.01 12 47.05 899.8875
0.0 0.01 13 52.74 773.1724
0.0 0.01 14 55.4 1064.76
0.0 0.01 15 52.98 1174.6596
0.0 0.01 16 58.11 1138.7779
0.0 0.01 17 66.9 1531.67
0.0 0.01 18 71.63 2611.9131
0.0 0.01 19 71.66 2113.5044
0.01 0.02 0 106.42 10540.6436
0.01 0.02 1 105.79 9775.6659
0.01 0.02 2 124.37 21249.8931
0.01 0.02 3 109.67 13807.5011
0.01 0.02 4 114.06 17276.8164
0.01 0.02 5 106.15 10973.2675
0.01 0.02 6 46.83 1001.2411
0.01 0.02 7 41.22 695.3116
0.01 0.02 8 49.63 1204.5731
0.01 0.02 9 49.0 1190.98
0.01 0.02 10 59.03 1812.8491
0.01 0.02 11 58.85 1033.5275
0.01 0.02 12 59.87 2037.0331
0.01 0.02 13 61.36 1863.2904
0.01 0.02 14 63.47 1417.9891
0.01 0.02 15 71.36 2057.1704
0.01 0.02 16 68.3 1860.75
0.01 0.02 17 85.09 3237.9219
0.01 0.02 18 83.42 3234.5036
0.01 0.02 19 83.51 2398.3499
0.02 0.03 0 93.25 7559.1875
0.02 0.03 1 133.62 21610.8756
0.02 0.03 2 132.57 17132.9851
0.02 0.03 3 152.07 30172.4651
0.02 0.03 4 87.82 8843.4076
0.02 0.03 5 118.26 13280.0524
0.02 0.03 6 94.41 9381.5219
0.02 0.03 7 54.64 1609.1504
0.02 0.03 8 65.24 2850.1824
0.02 0.03 9 80.33 3753.1611
0.02 0.03 10 64.95 3048.2675
0.02 0.03 11 88.52 6041.4296
0.02 0.03 12 95.39 7521.8979
0.02 0.03 13 91.36 4350.6704
0.02 0.03 14 100.52 7131.7696
0.02 0.03 15 97.39 4922.9579
0.02 0.03 16 111.33 6155.7611
0.02 0.03 17 127.58 11684.4036
0.02 0.03 18 157.79 21395.6659
0.02 0.03 19 124.22 13053.5116
0.03 0.04 0 121.05 11034.7675
0.03 0.04 1 119.58 14076.3236
0.03 0.04 2 121.42 13337.8436
0.03 0.04 3 148.21 23726.2059
0.03 0.04 4 127.99 21787.9699
0.03 0.04 5 56.88 2706.8056
0.03 0.04 6 47.26 1325.7324
0.03 0.04 7 43.94 1143.3364
0.03 0.04 8 48.89 1078.7179
0.03 0.04 9 52.11 953.2979
0.03 0.04 10 62.1 1866.63
0.03 0.04 11 65.05 1815.6875
0.03 0.04 12 66.46 2793.6084
0.03 0.04 13 70.63 1462.3131
0.03 0.04 14 71.14 2213.1004
0.03 0.04 15 73.3 2730.71
0.03 0.04 16 81.94 3601.8564
0.03 0.04 17 81.4 3750.1
0.03 0.04 18 95.72 3032.5416
0.03 0.04 19 86.09 3462.6419
0.04 0.05 0 87.81 6137.5739
0.04 0.05 1 137.78 17791.6116
0.04 0.05 2 163.36 38346.6104
0.04 0.05 3 139.17 19434.4411
0.04 0.05 4 164.52 30716.2296
0.04 0.05 5 92.71 6086.3659
0.04 0.05 6 57.51 2508.3499
0.04 0.05 7 68.3 2881.89
0.04 0.05 8 62.96 2704.3184
0.04 0.05 9 82.7 5193.39
0.04 0.05 10 78.46 3991.8884
0.04 0.05 11 95.91 7444.2019
0.04 0.05 12 93.74 6811.9924
0.04 0.05 13 108.46 8991.8484
0.04 0.05 14 120.04 12508.7384
0.04 0.05 15 130.3 16400.33
0.04 0.05 16 123.88 16423.8256
0.04 0.05 17 127.78 15761.0916
0.04 0.05 18 154.85 18098.7875
0.04 0.05 19 152.08 20258.9936
0.05 0.06 0 100.56 10335.9864
0.05 0.06 1 106.44 11139.7464
0.05 0.06 2 148.95 19359.7075
0.05 0.06 3 119.92 16892.6936
0.05 0.06 4 168.75 32199.5275
0.05 0.06 5 107.84 9115.8344
0.05 0.06 6 95.9 8279.45
0.05 0.06 7 83.76 4469.9224
0.05 0.06 8 94.34 8561.4244
0.05 0.06 9 93.54 8102.3284
0.05 0.06 10 116.67 10513.5811
0.05 0.06 11 130.66 14534.0444
0.05 0.06 12 162.09 27307.6819
0.05 0.06 13 157.17 19605.6411
0.05 0.06 14 129.05 22860.6075
0.05 0.06 15 178.96 27137.4984
0.05 0.06 16 196.03 38606.4091
0.05 0.06 17 235.77 59262.1171
0.05 0.06 18 232.62 46858.7756
0.05 0.06 19 238.05 60531.0275
0.06 0.07 0 112.53 13260.1891
0.06 0.07 1 132.67 19555.8211
0.06 0.07 2 153.58 21822.1636
0.06 0.07 3 145.06 17255.7964
0.06 0.07 4 75.9 3978.55
0.06 0.07 5 49.65 1762.7275
0.06 0.07 6 44.79 1348.6659
0.06 0.07 7 53.92 2005.2536
0.06 0.07 8 49.11 1760.2579
0.06 0.07 9 59.7 2532.25
0.06 0.07 10 66.64 2107.0904
0.06 0.07 11 69.62 3336.2756
0.06 0.07 12 74.05 3088.6475
0.06 0.07 13 88.5 3565.65
0.06 0.07 14 67.35 2779.5475
0.06 0.07 15 78.38 3228.4356
0.06 0.07 16 91.53 4427.2891
0.06 0.07 17 90.38 3793.6956
0.06 0.07 18 98.54 5550.1084
0.06 0.07 19 109.14 6564.9804
0.07 0.08 0 99.06 9902.8764
0.07 0.08 1 88.19 6682.5539
0.07 0.08 2 132.46 18979.0484
0.07 0.08 3 158.69 23515.6739
0.07 0.08 4 98.51 11304.1899
0.07 0.08 5 82.32 8210.2576
0.07 0.08 6 61.87 2841.6331
0.07 0.08 7 69.51 3909.6699
0.07 0.08 8 60.08 2556.0136
0.07 0.08 9 68.99 3004.3099
0.07 0.08 10 78.59 3931.8619
0.07 0.08 11 86.77 3538.4971
0.07 0.08 12 82.02 3599.3796
0.07 0.08 13 100.01 5679.7099
0.07 0.08 14 95.76 5580.9824
0.07 0.08 15 132.2 14556.74
0.07 0.08 16 121.75 8037.7275
0.07 0.08 17 107.17 8211.4011
0.07 0.08 18 128.91 12187.7419
0.07 0.08 19 135.96 9463.0184
0.08 0.09 0 92.46 7170.6684
0.08 0.09 1 131.03 15945.6291
0.08 0.09 2 134.16 15340.9944
0.08 0.09 3 195.27 36623.6571
0.08 0.09 4 102.05 9329.2675
0.08 0.09 5 97.07 10569.9051
0.08 0.09 6 77.28 4685.0016
0.08 0.09 7 83.21 5055.2459
0.08 0.09 8 93.97 8497.3291
0.08 0.09 9 102.05 8009.4475
0.08 0.09 10 114.15 9237.7875
0.08 0.09 11 123.14 16304.5604
0.08 0.09 12 137.28 18685.9016
0.08 0.09 13 168.07 21663.7251
0.08 0.09 14 150.09 18108.9819
0.08 0.09 15 159.13 21913.0931
0.08 0.09 16 175.77 32873.0371
0.08 0.09 17 197.25 40072.1675
0.08 0.09 18 220.89 83058.2179
0.08 0.09 19 230.17 48810.5011
0.09 0.1 0 100.6 11204.6
0.09 0.1 1 121.28 13754.8816
0.09 0.1 2 133.6 15236.66
0.09 0.1 3 206.01 34530.6699
0.09 0.1 4 96.87 9204.5531
0.09 0.1 5 84.51 3820.2299
0.09 0.1 6 63.23 2186.3371
0.09 0.1 7 76.02 6153.0796
0.09 0.1 8 95.04 9505.5984
0.09 0.1 9 71.07 4831.2651
0.09 0.1 10 108.53 7100.2691
0.09 0.1 11 118.37 13432.6131
0.09 0.1 12 120.34 12854.8444
0.09 0.1 13 153.55 20348.2475
0.09 0.1 14 149.23 18052.3171
0.09 0.1 15 149.93 23358.7851
0.09 0.1 16 170.47 25622.9691
0.09 0.1 17 155.5 27921.91
0.09 0.1 18 169.21 35101.6059
0.09 0.1 19 193.94 36202.7764
0.1 0.11 0 104.63 10064.8531
0.1 0.11 1 103.92 13096.8936
0.1 0.11 2 142.87 10913.4331
0.1 0.11 3 215.02 32629.7796
0.1 0.11 4 138.27 14394.2571
0.1 0.11 5 137.7 16736.17
0.1 0.11 6 113.57 14053.9451
0.1 0.11 7 110.76 10920.7824
0.1 0.11 8 111.05 10015.9275
0.1 0.11 9 127.11 13282.0379
0.1 0.11 10 134.48 12467.9096
0.1 0.11 11 143.35 19466.7475
0.1 0.11 12 166.96 32738.9584
0.1 0.11 13 169.54 31257.1084
0.1 0.11 14 177.72 28903.8616
0.1 0.11 15 218.44 71647.3264
0.1 0.11 16 208.17 45825.5011
0.1 0.11 17 261.58 71384.0236
0.1 0.11 18 240.06 61916.0364
0.1 0.11 19 281.61 176798.4579
0.11 0.12 0 96.99 11028.2699
0.11 0.12 1 118.48 16143.4896
0.11 0.12 2 143.32 27341.6776
0.11 0.12 3 191.85 34361.7475
0.11 0.12 4 132.35 18036.4075
0.11 0.12 5 116.93 10049.8451
0.11 0.12 6 145.28 21345.3216
0.11 0.12 7 113.54 20136.0284
0.11 0.12 8 128.26 14428.2924
0.11 0.12 9 130.75 11750.5675
0.11 0.12 10 149.15 21776.7075
0.11 0.12 11 181.93 39722.8651
0.11 0.12 12 186.63 40783.2331
0.11 0.12 13 233.27 80837.0771
0.11 0.12 14 234.12 74398.6856
0.11 0.12 15 255.97 51366.1691
0.11 0.12 16 251.66 76916.8444
0.11 0.12 17 239.42 57429.5436
0.11 0.12 18 237.31 85609.1139
0.11 0.12 19 288.6 93084.3
0.12 0.13 0 93.28 8977.6016
0.12 0.13 1 114.29 14342.6659
0.12 0.13 2 134.09 16206.7019
0.12 0.13 3 112.51 12375.2699
0.12 0.13 4 95.15 9064.1475
0.12 0.13 5 62.81 4000.3139
0.12 0.13 6 54.75 2360.4875
0.12 0.13 7 60.33 2435.4611
0.12 0.13 8 52.67 1884.9211
0.12 0.13 9 64.87 2622.3731
0.12 0.13 10 57.89 2805.4179
0.12 0.13 11 62.3 2415.55
0.12 0.13 12 71.72 2875.3216
0.12 0.13 13 69.14 3340.5604
0.12 0.13 14 85.78 3942.6916
0.12 0.13 15 84.45 4493.8275
0.12 0.13 16 86.79 3415.0859
0.12 0.13 17 89.78 4544.2516
0.12 0.13 18 82.52 5244.8296
0.12 0.13 19 102.92 5797.6336
0.13 0.14 0 85.52 6652.5896
0.13 0.14 1 141.43 19865.0251
0.13 0.14 2 134.13 17146.6331
0.13 0.14 3 113.43 12149.4851
0.13 0.14 4 67.99 3122.2099
0.13 0.14 5 79.77 6102.5171
0.13 0.14 6 60.52 3147.1896
0.13 0.14 7 67.67 3994.6011
0.13 0.14 8 67.69 3137.2739
0.13 0.14 9 78.66 4663.1044
0.13 0.14 10 77.22 3759.4916
0.13 0.14 11 87.86 6023.4804
0.13 0.14 12 104.46 9574.4484
0.13 0.14 13 114.33 10521.0611
0.13 0.14 14 107.91 7762.0019
0.13 0.14 15 122.8 12338.6
0.13 0.14 16 129.86 11931.0204
0.13 0.14 17 137.32 20827.4576
0.13 0.14 18 122.95 10328.1075
0.13 0.14 19 152.07 17777.5251
0.14 0.15 0 99.3 8501.77
0.14 0.15 1 113.57 12422.0251
0.14 0.15 2 178.31 29258.7339
0.14 0.15 3 103.82 13648.9476
0.14 0.15 4 111.47 13670.3691
0.14 0.15 5 93.88 7815.2656
0.14 0.15 6 67.85 3752.1675
0.14 0.15 7 65.72 2757.2816
0.14 0.15 8 71.82 4199.9876
0.14 0.15 9 86.92 6599.7136
0.14 0.15 10 89.25 3873.9475
0.14 0.15 11 110.72 11840.1216
0.14 0.15 12 117.33 8802.4211
0.14 0.15 13 125.14 13969.9804
0.14 0.15 14 133.37 17079.1931
0.14 0.15 15 134.64 13443.9704
0.14 0.15 16 146.13 17691.1131
0.14 0.15 17 139.76 18152.2224
0.14 0.15 18 139.01 19530.1499
0.14 0.15 19 174.58 25923.6236
0.15 0.16 0 89.31 10823.2539
0.15 0.16 1 143.74 19333.1324
0.15 0.16 2 137.81 15319.3739
0.15 0.16 3 128.06 15932.5164
0.15 0.16 4 109.44 11201.7464
0.15 0.16 5 88.09 7819.4619
0.15 0.16 6 72.89 4813.4579
0.15 0.16 7 75.66 5161.3044
0.15 0.16 8 81.05 4975.2675
0.15 0.16 9 115.22 11085.4916
0.15 0.16 10 91.97 6341.0891
0.15 0.16 11 94.15 8658.2475
0.15 0.16 12 114.54 10765.0884
0.15 0.16 13 146.16 19324.1144
0.15 0.16 14 119.5 10351.81
0.15 0.16 15 141.03 14301.7891
0.15 0.16 16 147.02 17100.4996
0.15 0.16 17 185.59 31801.8819
0.15 0.16 18 204.15 37514.8275
0.15 0.16 19 169.73 26369.6171
0.16 0.17 0 92.39 6826.1979
0.16 0.17 1 124.75 19415.1275
0.16 0.17 2 143.24 23503.2424
0.16 0.17 3 152.89 20629.4179
0.16 0.17 4 134.85 14254.2275
0.16 0.17 5 119.1 12169.89
0.16 0.17 6 107.98 7655.7196
0.16 0.17 7 107.05 12884.3875
0.16 0.17 8 111.41 7465.6819
0.16 0.17 9 109.8 12979.56
0.16 0.17 10 130.45 13504.9475
0.16 0.17 11 191.24 31767.4824
0.16 0.17 12 186.49 51880.7699
0.16 0.17 13 177.47 30102.3091
0.16 0.17 14 203.24 48951.1024
0.16 0.17 15 220.29 48170.4659
0.16 0.17 16 218.73 33978.0971
0.16 0.17 17 204.95 56345.4275
0.16 0.17 18 291.64 56016.6304
0.16 0.17 19 292.81 132465.1539
0.17 0.18 0 118.52 10575.6096
0.17 0.18 1 127.31 13529.5739
0.17 0.18 2 172.94 34666.5764
0.17 0.18 3 116.15 10808.4075
0.17 0.18 4 132.05 14198.1275
0.17 0.18 5 111.14 9289.2804
0.17 0.18 6 126.41 16331.5819
0.17 0.18 7 105.22 9647.4516
0.17 0.18 8 98.8 9065.34
0.17 0.18 9 132.41 15273.0219
0.17 0.18 10 151.14 14207.0604
0.17 0.18 11 151.93 17615.5251
0.17 0.18 12 165.04 23658.4584
0.17 0.18 13 161.37 17266.8131
0.17 0.18 14 217.17 55735.5211
0.17 0.18 15 244.55 52495.9875
0.17 0.18 16 222.54 40390.7484
0.17 0.18 17 260.38 70504.5356
0.17 0.18 18 306.87 102775.4731
0.17 0.18 19 285.29 78753.3259
0.18 0.19 0 126.83 14692.0411
0.18 0.19 1 105.73 8113.0371
0.18 0.19 2 182.85 26757.9475
0.18 0.19 3 109.74 17170.6324
0.18 0.19 4 104.92 10045.8136
0.18 0.19 5 85.23 5374.4771
0.18 0.19 6 79.69 5058.4139
0.18 0.19 7 90.74 6336.4524
0.18 0.19 8 87.51 7707.4899
0.18 0.19 9 107.07 10969.2451
0.18 0.19 10 118.24 10580.0224
0.18 0.19 11 145.61 22120.6979
0.18 0.19 12 125.15 19758.0475
0.18 0.19 13 146.71 21762.1659
0.18 0.19 14 146.62 24012.1956
0.18 0.19 15 172.78 41357.5716
0.18 0.19 16 168.26 30803.9924
0.18 0.19 17 192.82 33947.3276
0.18 0.19 18 178.58 48399.9036
0.18 0.19 19 262.72 105081.4416
0.19 0.2 0 87.21 7353.0459
0.19 0.2 1 128.94 16623.9364
0.19 0.2 2 181.34 35463.8244
0.19 0.2 3 111.34 11716.4444
0.19 0.2 4 141.81 17067.1939
0.19 0.2 5 125.15 15490.4275
0.19 0.2 6 125.16 10193.3344
0.19 0.2 7 120.48 13094.4296
0.19 0.2 8 104.41 8940.6219
0.19 0.2 9 134.76 15385.0624
0.19 0.2 10 163.67 23002.9611
0.19 0.2 11 142.23 17191.6171
0.19 0.2 12 179.24 39761.0824
0.19 0.2 13 254.74 82887.1724
0.19 0.2 14 226.37 62739.4731
0.19 0.2 15 180.03 56887.2491
0.19 0.2 16 199.04 41812.7584
0.19 0.2 17 263.73 97762.5771
0.19 0.2 18 255.88 94236.7056
0.19 0.2 19 306.58 133388.7236
0.2 0.21 0 77.57 5690.3051
0.2 0.21 1 120.8 18700.66
0.2 0.21 2 174.16 26795.7544
0.2 0.21 3 151.36 25122.2704
0.2 0.21 4 127.78 15258.4116
0.2 0.21 5 121.41 13065.8619
0.2 0.21 6 105.16 9879.0944
0.2 0.21 7 109.61 8876.8579
0.2 0.21 8 115.53 14167.9491
0.2 0.21 9 142.98 18942.5796
0.2 0.21 10 165.62 33778.4556
0.2 0.21 11 209.99 48161.6299
0.2 0.21 12 169.72 27901.2616
0.2 0.21 13 206.43 52201.4251
0.2 0.21 14 206.75 42063.1275
0.2 0.21 15 272.75 68667.0475
0.2 0.21 16 252.29 62595.9259
0.2 0.21 17 288.07 95834.1451
0.2 0.21 18 322.33 158165.5211
0.2 0.21 19 313.62 176668.2356
0.21 0.22 0 108.55 13192.3675
0.21 0.22 1 134.95 19559.7275
0.21 0.22 2 185.04 37931.1384
0.21 0.22 3 147.48 22827.2496
0.21 0.22 4 148.64 18504.0304
0.21 0.22 5 124.51 17177.2899
0.21 0.22 6 107.15 10164.2675
0.21 0.22 7 118.28 13153.1416
0.21 0.22 8 119.54 14538.7084
0.21 0.22 9 162.75 21790.4475
0.21 0.22 10 169.82 26217.0076
0.21 0.22 11 185.16 38430.9344
0.21 0.22 12 155.73 28606.3971
0.21 0.22 13 222.83 85835.5411
0.21 0.22 14 245.23 84616.9971
0.21 0.22 15 235.56 63107.4664
0.21 0.22 16 259.23 80301.1371
0.21 0.22 17 238.94 69902.3764
0.21 0.22 18 341.89 143998.8179
0.21 0.22 19 302.71 122811.1459
0.22 0.23 0 86.87 6726.0931
0.22 0.23 1 129.23 15875.0571
0.22 0.23 2 196.14 45127.8804
0.22 0.23 3 157.48 26431.9096
0.22 0.23 4 133.9 17757.23
0.22 0.23 5 142.9 37669.25
0.22 0.23 6 141.46 14352.9484
0.22 0.23 7 119.01 11413.6499
0.22 0.23 8 130.17 15533.1211
0.22 0.23 9 140.79 18593.7459
0.22 0.23 10 171.96 26388.2184
0.22 0.23 11 167.01 28506.0299
0.22 0.23 12 199.03 47695.0291
0.22 0.23 13 193.21 46195.3859
0.22 0.23 14 244.81 77667.4939
0.22 0.23 15 313.44 97645.7264
0.22 0.23 16 370.48 191050.0696
0.22 0.23 17 296.0 104182.08
0.22 0.23 18 306.45 86074.2275
0.22 0.23 19 417.4 251813.58
0.23 0.24 0 91.05 8835.1475
0.23 0.24 1 124.76 13690.8024
0.23 0.24 2 224.61 62659.0379
0.23 0.24 3 136.95 12727.6475
0.23 0.24 4 139.87 20915.5331
0.23 0.24 5 117.92 9926.1136
0.23 0.24 6 117.08 14557.2536
0.23 0.24 7 138.55 17317.7875
0.23 0.24 8 157.55 22621.1875
0.23 0.24 9 187.6 46391.46
0.23 0.24 10 168.82 24103.7076
0.23 0.24 11 199.67 42372.9411
0.23 0.24 12 205.84 51934.2144
0.23 0.24 13 247.17 76708.7411
0.23 0.24 14 238.75 88161.2475
0.23 0.24 15 294.45 123801.1475
0.23 0.24 16 317.16 148126.9344
0.23 0.24 17 341.32 114470.0776
0.23 0.24 18 272.37 117971.3331
0.23 0.24 19 344.28 184778.9416
0.24 0.25 0 97.82 9237.9476
0.24 0.25 1 149.39 23772.5179
0.24 0.25 2 223.54 44956.9084
0.24 0.25 3 154.1 22910.03
0.24 0.25 4 124.42 17013.6836
0.24 0.25 5 123.52 13557.3696
0.24 0.25 6 119.32 16225.5776
0.24 0.25 7 125.45 13282.1475
0.24 0.25 8 142.82 22951.1876
0.24 0.25 9 147.56 20367.0464
0.24 0.25 10 181.52 35521.4896
0.24 0.25 11 162.56 30435.3664
0.24 0.25 12 247.96 75217.6384
0.24 0.25 13 234.07 65102.3051
0.24 0.25 14 205.39 46885.5179
0.24 0.25 15 247.44 76573.2464
0.24 0.25 16 308.32 214794.8176
0.24 0.25 17 338.96 135784.1784
0.24 0.25 18 292.49 109282.6699
0.24 0.25 19 297.7 168568.51
0.25 0.26 0 96.96 9659.4784
0.25 0.26 1 137.89 17571.2779
0.25 0.26 2 175.97 27804.5691
0.25 0.26 3 133.95 19820.4075
0.25 0.26 4 94.72 6910.4216
0.25 0.26 5 64.2 3193.3
0.25 0.26 6 68.0 4247.28
0.25 0.26 7 69.45 3579.2275
0.25 0.26 8 80.42 4344.3436
0.25 0.26 9 67.43 5535.7051
0.25 0.26 10 70.56 3083.7464
0.25 0.26 11 65.86 2526.6804
0.25 0.26 12 88.06 4650.4364
0.25 0.26 13 87.11 8185.3579
0.25 0.26 14 93.03 5601.5291
0.25 0.26 15 89.7 6376.03
0.25 0.26 16 104.23 6926.0371
0.25 0.26 17 111.99 7392.6099
0.25 0.26 18 104.61 6267.2179
0.25 0.26 19 111.41 7080.0619
0.26 0.27 0 101.73 8324.9771
0.26 0.27 1 146.5 22824.57
0.26 0.27 2 163.26 25444.3124
0.26 0.27 3 120.96 15221.8984
0.26 0.27 4 91.42 8090.0436
0.26 0.27 5 108.84 6687.7744
0.26 0.27 6 61.7 3015.03
0.26 0.27 7 84.44 6188.6664
0.26 0.27 8 64.22 3956.0516
0.26 0.27 9 88.94 6597.6964
0.26 0.27 10 72.53 5233.0291
0.26 0.27 11 91.93 8739.1851
0.26 0.27 12 114.34 10291.6244
0.26 0.27 13 104.1 7270.79
0.26 0.27 14 131.76 14802.0624
0.26 0.27 15 130.59 15428.9619
0.26 0.27 16 117.75 9975.8675
0.26 0.27 17 140.3 21268.79
0.26 0.27 18 186.04 28506.5784
0.26 0.27 19 141.04 13807.7784
0.27 0.28 0 110.09 9886.4619
0.27 0.28 1 143.3 21146.19
0.27 0.28 2 170.61 28881.1979
0.27 0.28 3 153.13 26719.9931
0.27 0.28 4 110.05 16312.8675
0.27 0.28 5 94.11 7913.3979
0.27 0.28 6 82.77 4996.8571
0.27 0.28 7 101.22 8295.1116
0.27 0.28 8 94.87 7231.6531
0.27 0.28 9 106.24 7470.4824
0.27 0.28 10 116.8 14621.58
0.27 0.28 11 152.88 22760.4056
0.27 0.28 12 119.06 13382.7964
0.27 0.28 13 123.97 12423.1091
0.27 0.28 14 185.27 28713.5971
0.27 0.28 15 175.88 32672.1656
0.27 0.28 16 220.53 43040.1691
0.27 0.28 17 226.81 57998.9939
0.27 0.28 18 216.44 27010.0664
0.27 0.28 19 232.64 58564.2504
0.28 0.29 0 95.79 8749.5059
0.28 0.29 1 140.6 16575.1
0.28 0.29 2 149.47 18878.9891
0.28 0.29 3 120.77 13653.3171
0.28 0.29 4 112.07 10363.7051
0.28 0.29 5 86.35 11596.9675
0.28 0.29 6 70.68 4749.9176
0.28 0.29 7 81.41 6035.9419
0.28 0.29 8 82.94 5164.6564
0.28 0.29 9 80.84 5780.3144
0.28 0.29 10 94.13 7949.2331
0.28 0.29 11 97.64 8342.7504
0.28 0.29 12 101.45 8222.2875
0.28 0.29 13 118.22 11709.6516
0.28 0.29 14 116.06 14680.7964
0.28 0.29 15 148.46 14588.6884
0.28 0.29 16 158.82 18988.9676
0.28 0.29 17 187.41 24272.9019
0.28 0.29 18 168.08 24511.3736
0.28 0.29 19 215.46 29912.4484
0.29 0.3 0 95.36 7619.9304
0.29 0.3 1 141.44 18662.0064
0.29 0.3 2 184.21 27694.7459
0.29 0.3 3 141.86 17810.5204
0.29 0.3 4 117.95 12301.9675
0.29 0.3 5 112.34 10143.3444
0.29 0.3 6 110.69 9642.8139
0.29 0.3 7 117.53 11046.8491
0.29 0.3 8 107.18 10468.4676
0.29 0.3 9 129.54 15480.2284
0.29 0.3 10 164.25 27552.4675
0.29 0.3 11 144.03 13614.7291
0.29 0.3 12 186.56 32912.1664
0.29 0.3 13 197.46 40783.7084
0.29 0.3 14 226.42 54605.9636
0.29 0.3 15 248.68 80637.0376
0.29 0.3 16 264.55 168547.2875
0.29 0.3 17 279.24 67011.2224
0.29 0.3 18 294.6 105474.04
0.29 0.3 19 384.47 179732.1091
0.3 0.31 0 96.53 9016.8891
0.3 0.31 1 145.31 21541.5739
0.3 0.31 2 153.07 25998.8851
0.3 0.31 3 155.97 24033.5291
0.3 0.31 4 133.53 13053.9091
0.3 0.31 5 111.88 10861.1656
0.3 0.31 6 123.75 13102.6875
0.3 0.31 7 122.7 16482.83
0.3 0.31 8 113.13 16549.9931
0.3 0.31 9 129.09 16713.3619
0.3 0.31 10 163.2 25827.38
0.3 0.31 11 184.45 44381.4475
0.3 0.31 12 197.0 44412.1
0.3 0.31 13 226.68 49669.3776
0.3 0.31 14 199.51 44588.5699
0.3 0.31 15 261.66 106280.9844
0.3 0.31 16 250.16 55006.8944
0.3 0.31 17 284.78 84591.9716
0.3 0.31 18 329.38 97328.0356
0.3 0.31 19 361.34 115933.7244
0.31 0.32 0 107.29 9376.0659
0.31 0.32 1 179.34 31986.0044
0.31 0.32 2 192.83 33288.7011
0.31 0.32 3 126.09 12340.9219
0.31 0.32 4 115.23 16303.5571
0.31 0.32 5 102.97 7222.6891
0.31 0.32 6 72.52 4208.3296
0.31 0.32 7 78.4 4740.12
0.31 0.32 8 104.59 9453.7219
0.31 0.32 9 80.4 6752.72
0.31 0.32 10 100.26 6957.5324
0.31 0.32 11 124.22 14906.0316
0.31 0.32 12 109.99 9985.5299
0.31 0.32 13 127.5 15762.55
0.31 0.32 14 150.1 18391.71
0.31 0.32 15 121.92 14195.9736
0.31 0.32 16 158.83 23978.8411
0.31 0.32 17 146.57 25124.7651
0.31 0.32 18 164.43 39902.5851
0.31 0.32 19 192.04 35695.8784
0.32 0.33 0 106.45 12359.2275
0.32 0.33 1 165.12 20954.8456
0.32 0.33 2 159.4 26606.98
0.32 0.33 3 141.16 20429.3944
0.32 0.33 4 144.02 15589.9196
0.32 0.33 5 118.66 9686.1044
0.32 0.33 6 113.42 13382.5836
0.32 0.33 7 148.18 21069.5676
0.32 0.33 8 147.08 25442.7536
0.32 0.33 9 141.18 19073.9276
0.32 0.33 10 197.59 42247.1019
0.32 0.33 11 246.08 57837.7536
0.32 0.33 12 190.84 42189.4944
0.32 0.33 13 221.58 47042.2236
0.32 0.33 14 243.33 62367.2611
0.32 0.33 15 264.86 100136.1004
0.32 0.33 16 338.15 170573.3675
0.32 0.33 17 315.85 101643.1275
0.32 0.33 18 311.85 122814.1475
0.32 0.33 19 298.79 87859.8459
0.33 0.34 0 94.44 9947.3464
0.33 0.34 1 136.75 18532.1075
0.33 0.34 2 145.91 16850.6619
0.33 0.34 3 131.78 14528.4116
0.33 0.34 4 149.39 20923.2179
0.33 0.34 5 126.83 19910.7811
0.33 0.34 6 124.77 12886.2971
0.33 0.34 7 140.72 25169.8816
0.33 0.34 8 183.86 32050.2804
0.33 0.34 9 158.83 18857.8611
0.33 0.34 10 186.1 47199.81
0.33 0.34 11 234.25 42630.6875
0.33 0.34 12 254.22 97909.3516
0.33 0.34 13 270.67 86389.0411
0.33 0.34 14 365.58 130972.6236
0.33 0.34 15 330.82 115594.2876
0.33 0.34 16 361.58 185570.0036
0.33 0.34 17 393.55 207357.0275
0.33 0.34 18 516.86 281078.5604
0.33 0.34 19 489.36 234124.9504
0.34 0.35 0 89.52 7657.7096
0.34 0.35 1 183.32 36957.7376
0.34 0.35 2 144.88 17002.8656
0.34 0.35 3 140.33 11382.9811
0.34 0.35 4 141.83 22056.7011
0.34 0.35 5 100.55 13673.2275
0.34 0.35 6 106.49 11873.1299
0.34 0.35 7 108.39 12406.8979
0.34 0.35 8 148.53 23608.7891
0.34 0.35 9 119.02 17425.7196
0.34 0.35 10 171.97 38544.2291
0.34 0.35 11 209.17 77118.3811
0.34 0.35 12 232.14 51964.8004
0.34 0.35 13 230.51 64845.0899
0.34 0.35 14 250.06 98268.1764
0.34 0.35 15 270.25 82923.0875
0.34 0.35 16 310.19 97803.7539
0.34 0.35 17 345.0 137780.82
0.34 0.35 18 313.22 94751.9916
0.34 0.35 19 358.76 145984.8624
0.35 0.36 0 107.61 9113.3979
0.35 0.36 1 157.98 22248.1796
0.35 0.36 2 160.48 28170.8096
0.35 0.36 3 143.18 19915.9076
0.35 0.36 4 131.15 13791.1875
0.35 0.36 5 157.82 22711.5476
0.35 0.36 6 164.3 18224.31
0.35 0.36 7 163.26 31360.5524
0.35 0.36 8 184.63 24242.9931
0.35 0.36 9 192.6 48768.98
0.35 0.36 10 197.83 39419.2211
0.35 0.36 11 233.91 55184.7019
0.35 0.36 12 300.14 81784.1604
0.35 0.36 13 243.97 76380.3691
0.35 0.36 14 311.64 91119.7304
0.35 0.36 15 355.87 142985.4731
0.35 0.36 16 341.76 110466.1824
0.35 0.36 17 347.78 174364.7916
0.35 0.36 18 376.67 123433.1611
0.35 0.36 19 358.51 176348.5499
0.36 0.37 0 93.25 7208.7675
0.36 0.37 1 162.94 21663.5164
0.36 0.37 2 163.21 29140.6859
0.36 0.37 3 150.87 17851.3131
0.36 0.37 4 127.57 18986.1451
0.36 0.37 5 112.17 11539.6011
0.36 0.37 6 134.4 18454.5
0.36 0.37 7 150.16 16671.1544
0.36 0.37 8 155.65 19440.5075
0.36 0.37 9 170.35 23810.1075
0.36 0.37 10 238.34 48457.0444
0.36 0.37 11 236.58 72568.6236
0.36 0.37 12 268.01 78770.7299
0.36 0.37 13 299.1 80753.95
0.36 0.37 14 280.85 69407.6675
0.36 0.37 15 321.21 96297.6059
0.36 0.37 16 362.21 129561.2259
0.36 0.37 17 382.1 168593.51
0.36 0.37 18 364.58 124633.1036
0.36 0.37 19 458.84 234414.7744
0.37 0.38 0 77.92 5614.4936
0.37 0.38 1 170.28 27897.9216
0.37 0.38 2 156.38 33349.2956
0.37 0.38 3 138.4 23722.06
0.37 0.38 4 100.01 10700.2299
0.37 0.38 5 76.53 5193.9891
0.37 0.38 6 68.77 2960.6971
0.37 0.38 7 81.0 4775.26
0.37 0.38 8 87.99 8208.7699
0.37 0.38 9 92.56 6905.3664
0.37 0.38 10 109.98 8597.9796
0.37 0.38 11 106.09 12372.4819
0.37 0.38 12 118.69 12348.8539
0.37 0.38 13 136.78 28435.8516
0.37 0.38 14 163.89 35290.5779
0.37 0.38 15 179.26 33680.9524
0.37 0.38 16 171.96 41299.4184
0.37 0.38 17 174.32 32912.0976
0.37 0.38 18 188.7 64950.51
0.37 0.38 19 167.22 25481.6116
0.38 0.39 0 89.64 6050.2904
0.38 0.39 1 152.82 21391.6076
0.38 0.39 2 137.75 17277.8875
0.38 0.39 3 149.3 19748.69
0.38 0.39 4 117.23 14280.9371
0.38 0.39 5 122.37 17286.5931
0.38 0.39 6 128.42 15600.8436
0.38 0.39 7 102.94 10521.4964
0.38 0.39 8 140.72 21412.1416
0.38 0.39 9 143.24 28698.3824
0.38 0.39 10 148.1 23863.55
0.38 0.39 11 141.52 24172.0496
0.38 0.39 12 149.86 20844.6604
0.38 0.39 13 184.73 43581.9971
0.38 0.39 14 224.53 48624.9291
0.38 0.39 15 196.36 39018.1304
0.38 0.39 16 264.66 122303.5844
0.38 0.39 17 303.04 145552.5184
0.38 0.39 18 297.41 107437.7019
0.38 0.39 19 281.92 120592.6936
0.39 0.4 0 121.34 16074.3044
0.39 0.4 1 181.37 43112.6731
0.39 0.4 2 136.69 19477.4339
0.39 0.4 3 122.94 10975.3764
0.39 0.4 4 172.85 26733.4675
0.39 0.4 5 125.22 15099.3316
0.39 0.4 6 100.13 8831.3931
0.39 0.4 7 130.46 16004.3484
0.39 0.4 8 120.81 22482.1139
0.39 0.4 9 172.57 30323.4651
0.39 0.4 10 187.5 40174.99
0.39 0.4 11 177.26 37176.0924
0.39 0.4 12 194.07 52371.1451
0.39 0.4 13 192.53 46078.9691
0.39 0.4 14 267.59 73566.2219
0.39 0.4 15 181.72 30962.5016
0.39 0.4 16 304.88 108378.7856
0.39 0.4 17 281.84 178279.0544
0.39 0.4 18 260.28 79566.8616
0.39 0.4 19 321.97 104602.3091
0.4 0.41 0 100.45 10940.1075
0.4 0.41 1 186.32 36431.9376
0.4 0.41 2 174.73 24901.0971
0.4 0.41 3 144.77 31338.8771
0.4 0.41 4 131.07 14691.3051
0.4 0.41 5 110.58 12151.1836
0.4 0.41 6 111.37 10342.5731
0.4 0.41 7 110.53 11254.5691
0.4 0.41 8 140.64 16509.5104
0.4 0.41 9 154.94 26450.0764
0.4 0.41 10 142.11 17324.4379
0.4 0.41 11 180.6 31832.12
0.4 0.41 12 211.51 73908.7499
0.4 0.41 13 225.76 60341.0624
0.4 0.41 14 231.13 74853.0531
0.4 0.41 15 243.0 92494.44
0.4 0.41 16 277.23 116672.0971
0.4 0.41 17 281.53 118744.1691
0.4 0.41 18 326.26 183283.0524
0.4 0.41 19 409.29 281416.0059
0.41 0.42 0 87.47 5542.1691
0.41 0.42 1 175.39 36056.8579
0.41 0.42 2 158.12 27527.7656
0.41 0.42 3 138.52 21401.5296
0.41 0.42 4 134.87 21192.7731
0.41 0.42 5 154.12 25062.3456
0.41 0.42 6 146.2 30226.12
0.41 0.42 7 169.34 30778.8644
0.41 0.42 8 141.21 29237.1859
0.41 0.42 9 217.02 64384.0596
0.41 0.42 10 177.37 38608.0731
0.41 0.42 11 260.62 104402.8156
0.41 0.42 12 309.06 79339.9564
0.41 0.42 13 337.63 201240.7331
0.41 0.42 14 284.78 101905.5516
0.41 0.42 15 359.59 168532.5219
0.41 0.42 16 368.69 177785.4139
0.41 0.42 17 411.22 189772.5516
0.41 0.42 18 412.47 286704.4891
0.41 0.42 19 379.58 177351.8636
0.42 0.43 0 95.09 11092.2419
0.42 0.43 1 185.07 33733.2251
0.42 0.43 2 153.13 23487.5531
0.42 0.43 3 143.25 27383.7675
0.42 0.43 4 148.86 18387.8204
0.42 0.43 5 148.32 18845.5576
0.42 0.43 6 144.62 22226.1356
0.42 0.43 7 131.48 13623.5296
0.42 0.43 8 147.61 20087.4379
0.42 0.43 9 185.37 41304.3331
0.42 0.43 10 175.23 37232.3571
0.42 0.43 11 226.88 46695.5856
0.42 0.43 12 244.1 72179.83
0.42 0.43 13 337.93 117659.1851
0.42 0.43 14 332.44 188244.0664
0.42 0.43 15 258.65 52525.9875
0.42 0.43 16 434.93 286379.7851
0.42 0.43 17 449.38 299804.0156
0.42 0.43 18 398.26 221536.5324
0.42 0.43 19 557.25 436254.7275
0.43 0.44 0 94.68 7553.0576
0.43 0.44 1 210.65 36938.6475
0.43 0.44 2 175.95 30616.4275
0.43 0.44 3 149.45 25250.6675
0.43 0.44 4 129.61 21882.5179
0.43 0.44 5 119.61 12692.2379
0.43 0.44 6 108.83 9454.9211
0.43 0.44 7 105.98 14645.9796
0.43 0.44 8 142.77 26426.4971
0.43 0.44 9 141.43 24620.1651
0.43 0.44 10 175.89 38628.1179
0.43 0.44 11 164.48 25607.1496
0.43 0.44 12 188.67 57652.7811
0.43 0.44 13 215.66 67378.4644
0.43 0.44 14 209.47 43043.1291
0.43 0.44 15 269.56 110897.3664
0.43 0.44 16 340.65 166387.8475
0.43 0.44 17 275.91 159449.6419
0.43 0.44 18 333.63 147993.5531
0.43 0.44 19 377.47 346301.3691
0.44 0.45 0 95.87 12409.2331
0.44 0.45 1 179.61 25281.6379
0.44 0.45 2 166.0 22852.76
0.44 0.45 3 135.69 20984.8939
0.44 0.45 4 131.11 16889.0979
0.44 0.45 5 121.63 12421.3531
0.44 0.45 6 146.12 19169.0856
0.44 0.45 7 170.54 25953.9484
0.44 0.45 8 175.33 28938.7211
0.44 0.45 9 187.53 42542.5891
0.44 0.45 10 207.02 34581.4396
0.44 0.45 11 172.28 30494.7416
0.44 0.45 12 307.92 110608.3936
0.44 0.45 13 245.51 86611.6299
0.44 0.45 14 279.3 108128.17
0.44 0.45 15 349.91 158578.5019
0.44 0.45 16 273.82 125892.4076
0.44 0.45 17 383.3 193389.83
0.44 0.45 18 380.89 218001.3779
0.44 0.45 19 448.02 322674.7196
0.45 0.46 0 107.03 7963.3491
0.45 0.46 1 189.48 44023.7496
0.45 0.46 2 157.05 23145.5075
0.45 0.46 3 150.17 22287.6011
0.45 0.46 4 146.04 23249.0184
0.45 0.46 5 149.71 31295.1059
0.45 0.46 6 150.06 17973.0164
0.45 0.46 7 149.8 24746.12
0.45 0.46 8 156.56 31879.6864
0.45 0.46 9 168.55 35584.2675
0.45 0.46 10 167.52 32967.8696
0.45 0.46 11 212.75 50025.8875
0.45 0.46 12 233.09 79209.8019
0.45 0.46 13 288.37 94354.7731
0.45 0.46 14 363.98 187982.0396
0.45 0.46 15 321.58 131579.4836
0.45 0.46 16 415.08 314477.9936
0.45 0.46 17 358.03 161632.4491
0.45 0.46 18 402.13 350543.3331
0.45 0.46 19 322.15 110224.1075
0.46 0.47 0 95.33 9424.4211
0.46 0.47 1 192.56 37129.1864
0.46 0.47 2 154.86 22133.4804
0.46 0.47 3 131.82 17605.7076
0.46 0.47 4 128.5 23946.39
0.46 0.47 5 136.3 15637.17
0.46 0.47 6 129.23 15862.2971
0.46 0.47 7 106.03 12310.5291
0.46 0.47 8 142.79 27399.1259
0.46 0.47 9 192.37 43417.9531
0.46 0.47 10 184.07 38901.7051
0.46 0.47 11 221.28 65235.0416
0.46 0.47 12 235.35 64434.7075
0.46 0.47 13 241.81 93464.9339
0.46 0.47 14 293.22 161493.8716
0.46 0.47 15 337.72 207294.5816
0.46 0.47 16 311.86 134873.2404
0.46 0.47 17 373.41 172247.0019
0.46 0.47 18 399.42 312742.1836
0.46 0.47 19 377.45 241621.9675
0.47 0.48 0 89.93 8821.4251
0.47 0.48 1 201.34 38966.1444
0.47 0.48 2 162.43 24023.6651
0.47 0.48 3 122.44 10698.0664
0.47 0.48 4 127.41 18604.5619
0.47 0.48 5 133.14 14235.9404
0.47 0.48 6 199.54 29034.8484
0.47 0.48 7 142.42 21187.2836
0.47 0.48 8 167.6 31347.92
0.47 0.48 9 164.69 28023.1939
0.47 0.48 10 208.03 43184.5091
0.47 0.48 11 244.62 73169.0756
0.47 0.48 12 257.89 103427.4379
0.47 0.48 13 265.26 98021.8724
0.47 0.48 14 328.86 143825.3204
0.47 0.48 15 306.61 127219.4379
0.47 0.48 16 309.51 151094.7099
0.47 0.48 17 417.35 264084.6675
0.47 0.48 18 363.42 206792.5436
0.47 0.48 19 503.83 475479.3811
0.48 0.49 0 108.18 9556.0476
0.48 0.49 1 202.97 55845.3091
0.48 0.49 2 154.59 25870.7219
0.48 0.49 3 110.06 9739.6564
0.48 0.49 4 134.99 17685.4099
0.48 0.49 5 141.11 15930.6179
0.48 0.49 6 129.89 15640.6579
0.48 0.49 7 128.39 16443.4979
0.48 0.49 8 129.8 19669.02
0.48 0.49 9 170.96 33088.4584
0.48 0.49 10 222.06 50350.1964
0.48 0.49 11 227.33 64145.3411
0.48 0.49 12 197.33 61042.8811
0.48 0.49 13 233.26 76824.9324
0.48 0.49 14 280.12 99308.8656
0.48 0.49 15 320.29 132598.0259
0.48 0.49 16 310.31 132194.9539
0.48 0.49 17 388.77 191299.0971
0.48 0.49 18 442.12 289998.6656
0.48 0.49 19 420.44 231560.8064
0.49 0.5 0 98.44 7138.9864
0.49 0.5 1 185.37 32438.6131
0.49 0.5 2 166.17 26857.2611
0.49 0.5 3 110.75 14305.2675
0.49 0.5 4 101.95 10558.6675
0.49 0.5 5 99.6 9900.14
0.49 0.5 6 119.42 16292.5836
0.49 0.5 7 104.12 13101.0656
0.49 0.5 8 114.19 16426.4339
0.49 0.5 9 149.23 34026.0971
0.49 0.5 10 170.63 47927.5931
0.49 0.5 11 173.83 48871.0411
0.49 0.5 12 241.3 69577.87
0.49 0.5 13 233.71 116721.3659
0.49 0.5 14 238.05 94430.9475
0.49 0.5 15 279.61 112575.0979
0.49 0.5 16 355.87 186098.7731
0.49 0.5 17 347.78 218986.2516
0.49 0.5 18 321.29 177341.3459
0.49 0.5 19 379.79 226679.9859
0.5 0.51 0 105.98 11233.4596
0.5 0.51 1 196.98 31733.9196
0.5 0.51 2 174.24 20733.8624
0.5 0.51 3 121.73 16853.9171
0.5 0.51 4 88.57 6677.9251
0.5 0.51 5 82.88 4762.5656
0.5 0.51 6 79.59 5810.1619
0.5 0.51 7 66.93 3990.2851
0.5 0.51 8 69.64 2991.5504
0.5 0.51 9 67.72 3564.0016
0.5 0.51 10 63.56 2976.9464
0.5 0.51 11 74.35 3695.8475
0.5 0.51 12 69.91 2556.3819
0.5 0.51 13 91.52 6528.1296
0.5 0.51 14 91.11 8585.8179
0.5 0.51 15 101.91 5985.0219
0.5 0.51 16 97.95 11746.7475
0.5 0.51 17 102.02 8905.9996
0.5 0.51 18 97.06 7123.0764
0.5 0.51 19 108.52 6974.1096
0.51 0.52 0 96.83 11765.8011
0.51 0.52 1 207.99 35068.2099
0.51 0.52 2 180.5 30316.97
0.51 0.52 3 152.27 18541.5371
0.51 0.52 4 132.98 18171.7996
0.51 0.52 5 112.43 14134.3451
0.51 0.52 6 81.34 4596.5844
0.51 0.52 7 59.92 3888.6136
0.51 0.52 8 72.68 4304.6176
0.51 0.52 9 80.06 7220.5364
0.51 0.52 10 85.14 6499.5404
0.51 0.52 11 88.09 6684.2219
0.51 0.52 12 97.95 8210.3875
0.51 0.52 13 102.46 7028.6484
0.51 0.52 14 131.23 20771.0971
0.51 0.52 15 107.79 8154.7059
0.51 0.52 16 113.94 13717.7764
0.51 0.52 17 134.92 13132.1736
0.51 0.52 18 141.24 19002.4424
0.51 0.52 19 115.99 10272.6699
0.52 0.53 0 94.9 11876.11
0.52 0.53 1 233.65 51020.5075
0.52 0.53 2 167.4 32646.28
0.52 0.53 3 134.85 24563.3475
0.52 0.53 4 119.95 11880.9275
0.52 0.53 5 108.77 7423.2571
0.52 0.53 6 102.91 8568.8619
0.52 0.53 7 101.98 13105.0996
0.52 0.53 8 86.11 5418.3179
0.52 0.53 9 103.66 8060.6244
0.52 0.53 10 113.84 11952.5944
0.52 0.53 11 123.54 12715.8884
0.52 0.53 12 115.82 11163.4876
0.52 0.53 13 183.81 43738.2939
0.52 0.53 14 164.89 17248.7179
0.52 0.53 15 164.29 26866.6859
0.52 0.53 16 174.82 25739.9876
0.52 0.53 17 175.8 43337.22
0.52 0.53 18 214.77 45198.4571
0.52 0.53 19 262.83 87396.2411
0.53 0.54 0 82.62 6060.9556
0.53 0.54 1 201.86 38218.0204
0.53 0.54 2 183.07 25268.3651
0.53 0.54 3 137.83 15139.1211
0.53 0.54 4 113.23 11389.8771
0.53 0.54 5 85.87 6323.4331
0.53 0.54 6 96.34 8555.8044
0.53 0.54 7 93.68 8356.4776
0.53 0.54 8 76.42 7146.0836
0.53 0.54 9 97.55 8241.2875
0.53 0.54 10 80.44 4353.3664
0.53 0.54 11 109.02 10969.6996
0.53 0.54 12 101.97 8608.8691
0.53 0.54 13 114.96 10927.1984
0.53 0.54 14 117.87 13565.7131
0.53 0.54 15 127.32 11090.7976
0.53 0.54 16 130.78 26059.2116
0.53 0.54 17 172.51 31900.4099
0.53 0.54 18 149.55 18343.4875
0.53 0.54 19 170.34 30233.2244
0.54 0.55 0 104.71 12299.5859
0.54 0.55 1 178.83 31554.7211
0.54 0.55 2 144.2 18463.04
0.54 0.55 3 123.92 17422.5936
0.54 0.55 4 120.0 12232.84
0.54 0.55 5 121.65 12465.1075
0.54 0.55 6 88.35 6964.3475
0.54 0.55 7 91.47 10096.6091
0.54 0.55 8 114.75 12358.6675
0.54 0.55 9 126.5 20282.79
0.54 0.55 10 142.68 19854.2376
0.54 0.55 11 189.04 45245.6584
0.54 0.55 12 201.83 40759.5411
0.54 0.55 13 213.33 48448.6211
0.54 0.55 14 190.63 53799.7331
0.54 0.55 15 242.04 70834.1584
0.54 0.55 16 273.61 82172.8579
0.54 0.55 17 271.71 117917.3059
0.54 0.55 18 289.48 201383.9296
0.54 0.55 19 307.22 129058.6316
0.55 0.56 0 103.17 10611.6011
0.55 0.56 1 182.43 25933.8451
0.55 0.56 2 157.09 21859.4419
0.55 0.56 3 130.69 23054.3539
0.55 0.56 4 108.63 8602.7731
0.55 0.56 5 86.3 7373.61
0.55 0.56 6 104.55 10259.9475
0.55 0.56 7 102.76 7998.4224
0.55 0.56 8 118.02 8917.4796
0.55 0.56 9 127.04 11912.0184
0.55 0.56 10 131.23 13924.7171
0.55 0.56 11 142.91 16346.1219
0.55 0.56 12 201.28 48691.2816
0.55 0.56 13 216.55 61511.0475
0.55 0.56 14 167.04 30951.9584
0.55 0.56 15 212.47 39099.6691
0.55 0.56 16 208.41 45527.1019
0.55 0.56 17 291.59 84930.3019
0.55 0.56 18 251.01 101605.1699
0.55 0.56 19 242.1 50562.85
0.56 0.57 0 81.52 6421.6496
0.56 0.57 1 155.17 29946.8611
0.56 0.57 2 145.07 18462.9651
0.56 0.57 3 130.08 26483.5936
0.56 0.57 4 119.57 13103.1251
0.56 0.57 5 108.06 9407.7764
0.56 0.57 6 88.41 10324.9819
0.56 0.57 7 69.58 4048.7236
0.56 0.57 8 79.3 5727.29
0.56 0.57 9 85.91 6790.7219
0.56 0.57 10 81.68 5211.9976
0.56 0.57 11 102.09 10752.7019
0.56 0.57 12 82.11 4888.9579
0.56 0.57 13 99.31 10366.2539
0.56 0.57 14 114.65 9097.3475
0.56 0.57 15 112.07 9292.2851
0.56 0.57 16 131.99 14762.7499
0.56 0.57 17 151.04 23351.4984
0.56 0.57 18 150.54 23543.6684
0.56 0.57 19 158.1 28340.07
0.57 0.58 0 92.95 7345.1675
0.57 0.58 1 204.0 47447.9
0.57 0.58 2 130.04 17886.6784
0.57 0.58 3 137.96 16678.1384
0.57 0.58 4 143.66 22283.9044
0.57 0.58 5 139.78 20686.6916
0.57 0.58 6 105.08 10272.2136
0.57 0.58 7 129.38 16703.6956
0.57 0.58 8 116.43 15504.0251
0.57 0.58 9 183.46 36795.8084
0.57 0.58 10 196.12 42853.6656
0.57 0.58 11 224.83 69330.0211
0.57 0.58 12 210.84 53741.3744
0.57 0.58 13 222.63 85278.3931
0.57 0.58 14 280.66 95977.3444
0.57 0.58 15 264.39 84059.3579
0.57 0.58 16 390.83 223039.5011
0.57 0.58 17 381.59 249603.1619
0.57 0.58 18 366.45 166903.7275
0.57 0.58 19 368.02 192259.2996
0.58 0.59 0 112.68 12469.0776
0.58 0.59 1 170.66 23493.6644
0.58 0.59 2 150.72 18255.9216
0.58 0.59 3 165.29 30890.2859
0.58 0.59 4 155.54 31688.5284
0.58 0.59 5 110.85 13209.8075
0.58 0.59 6 139.3 22130.67
0.58 0.59 7 123.74 17182.7724
0.58 0.59 8 139.81 26117.2739
0.58 0.59 9 206.85 70959.2675
0.58 0.59 10 188.44 30587.2464
0.58 0.59 11 206.77 40343.0371
0.58 0.59 12 300.71 86510.0659
0.58 0.59 13 294.07 101931.9451
0.58 0.59 14 352.21 148576.0859
0.58 0.59 15 314.17 117773.1211
0.58 0.59 16 339.7 201440.51
0.58 0.59 17 515.07 370408.5051
0.58 0.59 18 432.49 225833.5299
0.58 0.59 19 514.61 338616.5579
0.59 0.6 0 100.77 12186.8771
0.59 0.6 1 167.33 24652.2811
0.59 0.6 2 156.17 21595.9611
0.59 0.6 3 148.75 18898.4075
0.59 0.6 4 122.6 13243.42
0.59 0.6 5 110.67 8724.6811
0.59 0.6 6 95.33 4797.4411
0.59 0.6 7 89.37 8721.4331
0.59 0.6 8 131.22 12829.0516
0.59 0.6 9 171.22 28435.5716
0.59 0.6 10 144.09 20474.6019
0.59 0.6 11 168.92 26057.7936
0.59 0.6 12 192.13 48854.3531
0.59 0.6 13 279.41 78428.1419
0.59 0.6 14 219.32 86754.0176
0.59 0.6 15 283.62 91991.1956
0.59 0.6 16 237.25 79822.2875
0.59 0.6 17 294.63 78866.4931
0.59 0.6 18 280.15 90926.2475
0.59 0.6 19 345.57 134944.6451
0.6 0.61 0 103.16 9494.7344
0.6 0.61 1 152.08 25699.7736
0.6 0.61 2 175.28 24061.7616
0.6 0.61 3 146.43 21566.2051
0.6 0.61 4 125.62 16564.2556
0.6 0.61 5 129.66 18511.5444
0.6 0.61 6 96.79 8911.1859
0.6 0.61 7 129.12 16696.1056
0.6 0.61 8 140.27 20441.6771
0.6 0.61 9 143.61 22176.1779
0.6 0.61 10 173.11 26551.7779
0.6 0.61 11 190.3 34410.41
0.6 0.61 12 164.05 32967.8675
0.6 0.61 13 199.75 49050.0675
0.6 0.61 14 237.99 67053.3099
0.6 0.61 15 284.98 97343.2396
0.6 0.61 16 318.81 127650.5339
0.6 0.61 17 274.41 69892.0619
0.6 0.61 18 426.87 303096.1931
0.6 0.61 19 271.16 135630.3744
0.61 0.62 0 95.74 13293.4324
0.61 0.62 1 170.95 34445.2675
0.61 0.62 2 146.96 18201.3984
0.61 0.62 3 126.31 17148.9539
0.61 0.62 4 118.26 12189.5124
0.61 0.62 5 96.62 8514.9356
0.61 0.62 6 124.04 16014.2184
0.61 0.62 7 143.8 16657.06
0.61 0.62 8 129.82 21088.5076
0.61 0.62 9 145.95 22913.0275
0.61 0.62 10 193.9 50667.17
0.61 0.62 11 207.64 43090.0104
0.61 0.62 12 209.83 50230.0811
0.61 0.62 13 269.98 87628.9596
0.61 0.62 14 248.04 67204.4184
0.61 0.62 15 247.16 68898.4544
0.61 0.62 16 321.5 95568.47
0.61 0.62 17 272.95 88697.2475
0.61 0.62 18 339.1 147948.67
0.61 0.62 19 419.65 333269.8075
0.62 0.63 0 89.09 6633.1619
0.62 0.63 1 153.6 29008.56
0.62 0.63 2 186.51 30557.8499
0.62 0.63 3 151.81 21370.1339
0.62 0.63 4 86.02 6566.8596
0.62 0.63 5 70.51 6252.1099
0.62 0.63 6 60.23 2902.9771
0.62 0.63 7 70.15 3972.3075
0.62 0.63 8 71.7 4898.95
0.62 0.63 9 76.62 6222.4756
0.62 0.63 10 75.8 3794.96
0.62 0.63 11 84.19 5924.7539
0.62 0.63 12 89.7 7583.21
0.62 0.63 13 93.95 6673.0675
0.62 0.63 14 108.01 7351.9299
0.62 0.63 15 110.71 9429.4659
0.62 0.63 16 98.07 7859.6251
0.62 0.63 17 111.9 14543.05
0.62 0.63 18 110.49 12393.8699
0.62 0.63 19 129.82 17383.5676
0.63 0.64 0 88.44 11216.1264
0.63 0.64 1 176.35 24809.5875
0.63 0.64 2 145.15 22201.6275
0.63 0.64 3 159.19 31121.8139
0.63 0.64 4 165.0 30559.08
0.63 0.64 5 151.12 27408.6656
0.63 0.64 6 159.3 26636.95
0.63 0.64 7 164.52 42260.5496
0.63 0.64 8 167.29 31240.9259
0.63 0.64 9 201.05 59808.8475
0.63 0.64 10 189.94 50933.3564
0.63 0.64 11 215.39 84870.0379
0.63 0.64 12 233.66 75190.3244
0.63 0.64 13 231.94 106675.6364
0.63 0.64 14 287.19 125756.3939
0.63 0.64 15 313.0 139868.0
0.63 0.64 16 342.26 151891.7724
0.63 0.64 17 271.35 165911.7275
0.63 0.64 18 443.07 435512.0651
0.63 0.64 19 415.78 329190.5316
0.64 0.65 0 91.36 9238.4704
0.64 0.65 1 149.93 18950.2851
0.64 0.65 2 159.98 28460.4196
0.64 0.65 3 162.35 19624.3075
0.64 0.65 4 176.84 23054.2544
0.64 0.65 5 148.11 24917.7779
0.64 0.65 6 162.76 34289.8424
0.64 0.65 7 143.52 21287.2896
0.64 0.65 8 141.42 26598.2436
0.64 0.65 9 199.44 49867.1464
0.64 0.65 10 192.6 60120.3
0.64 0.65 11 189.65 51314.7275
0.64 0.65 12 206.43 69405.2051
0.64 0.65 13 268.06 84251.8964
0.64 0.65 14 282.96 131264.9784
0.64 0.65 15 367.53 213948.4891
0.64 0.65 16 324.88 123828.6856
0.64 0.65 17 347.91 234324.9619
0.64 0.65 18 407.52 190982.0696
0.64 0.65 19 380.94 208699.4164
0.65 0.66 0 103.54 8330.2484
0.65 0.66 1 157.98 21390.2996
0.65 0.66 2 146.47 20704.9691
0.65 0.66 3 165.57 23361.2451
0.65 0.66 4 155.94 24117.9564
0.65 0.66 5 128.51 16635.6899
0.65 0.66 6 103.64 12121.0104
0.65 0.66 7 140.33 21218.0611
0.65 0.66 8 153.62 23431.1756
0.65 0.66 9 144.45 18244.3275
0.65 0.66 10 166.08 31458.5736
0.65 0.66 11 204.24 70734.8824
0.65 0.66 12 210.8 65141.3
0.65 0.66 13 215.26 63973.8524
0.65 0.66 14 301.17 132286.1611
0.65 0.66 15 335.03 132388.1091
0.65 0.66 16 352.32 189480.7776
0.65 0.66 17 371.44 200687.3264
0.65 0.66 18 314.89 128014.8379
0.65 0.66 19 472.18 459724.7276
0.66 0.67 0 97.43 8295.3651
0.66 0.67 1 139.2 23306.2
0.66 0.67 2 139.03 19598.0891
0.66 0.67 3 181.91 31823.7819
0.66 0.67 4 168.31 24421.5539
0.66 0.67 5 163.73 30813.6371
0.66 0.67 6 172.73 38950.0371
0.66 0.67 7 227.87 52541.4731
0.66 0.67 8 230.97 48372.4091
0.66 0.67 9 229.47 61466.3691
0.66 0.67 10 201.99 51373.0699
0.66 0.67 11 249.59 80892.6419
0.66 0.67 12 322.41 140614.0219
0.66 0.67 13 310.06 128992.9564
0.66 0.67 14 389.89 248748.3579
0.66 0.67 15 416.65 269941.3875
0.66 0.67 16 455.7 350028.31
0.66 0.67 17 478.38 319463.5556
0.66 0.67 18 622.66 537435.5844
0.66 0.67 19 475.88 208850.3456
0.67 0.68 0 110.88 11200.9456
0.67 0.68 1 166.65 23955.4675
0.67 0.68 2 143.93 17504.4651
0.67 0.68 3 168.06 38241.2164
0.67 0.68 4 164.12 24543.2856
0.67 0.68 5 150.64 24975.3704
0.67 0.68 6 177.69 28260.1939
0.67 0.68 7 155.5 28202.51
0.67 0.68 8 191.55 33225.4475
0.67 0.68 9 208.83 61035.3611
0.67 0.68 10 250.2 69378.96
0.67 0.68 11 248.72 61450.8416
0.67 0.68 12 287.27 119737.2171
0.67 0.68 13 256.74 79870.2924
0.67 0.68 14 353.53 106982.9291
0.67 0.68 15 397.97 187545.4891
0.67 0.68 16 420.72 167335.2616
0.67 0.68 17 431.25 211555.9875
0.67 0.68 18 426.36 271520.2304
0.67 0.68 19 498.78 337976.9916
0.68 0.69 0 92.32 10879.3576
0.68 0.69 1 163.69 23861.2139
0.68 0.69 2 196.5 46121.01
0.68 0.69 3 164.73 22843.2571
0.68 0.69 4 129.03 21777.5291
0.68 0.69 5 116.57 12018.1651
0.68 0.69 6 103.44 8794.3864
0.68 0.69 7 121.08 18476.3336
0.68 0.69 8 139.15 22182.6875
0.68 0.69 9 112.0 10941.56
0.68 0.69 10 164.96 30739.6784
0.68 0.69 11 174.79 32228.5459
0.68 0.69 12 146.8 26192.1
0.68 0.69 13 175.28 56832.4016
0.68 0.69 14 190.08 54452.6936
0.68 0.69 15 234.82 71862.8676
0.68 0.69 16 229.98 73371.7596
0.68 0.69 17 219.42 71468.2636
0.68 0.69 18 211.37 59453.8131
0.68 0.69 19 432.26 332725.6724
0.69 0.7 0 108.13 11038.5931
0.69 0.7 1 136.59 19317.1419
0.69 0.7 2 159.08 22137.6336
0.69 0.7 3 159.16 20646.7544
0.69 0.7 4 156.84 21243.7544
0.69 0.7 5 166.25 27445.1875
0.69 0.7 6 201.89 45241.9579
0.69 0.7 7 165.7 41956.87
0.69 0.7 8 151.88 21492.7456
0.69 0.7 9 212.15 50750.7875
0.69 0.7 10 230.8 59703.2
0.69 0.7 11 225.39 50050.2979
0.69 0.7 12 233.51 85494.8699
0.69 0.7 13 278.15 91529.2875
0.69 0.7 14 308.13 136854.9931
0.69 0.7 15 304.49 163692.3499
0.69 0.7 16 302.5 155183.01
0.69 0.7 17 388.59 204335.8619
0.69 0.7 18 357.4 204873.54
0.69 0.7 19 461.64 346336.2504
0.7 0.71 0 84.5 6996.49
0.7 0.71 1 148.0 27582.92
0.7 0.71 2 157.98 25529.2996
0.7 0.71 3 160.26 17770.4324
0.7 0.71 4 155.55 23967.3075
0.7 0.71 5 179.7 44509.51
0.7 0.71 6 123.49 11093.9099
0.7 0.71 7 142.82 25926.0076
0.7 0.71 8 174.76 52468.3824
0.7 0.71 9 142.99 28130.1699
0.7 0.71 10 175.87 29979.8331
0.7 0.71 11 176.61 25687.4979
0.7 0.71 12 242.74 57423.8524
0.7 0.71 13 240.06 106166.2164
0.7 0.71 14 213.34 46294.0644
0.7 0.71 15 329.04 108940.5584
0.7 0.71 16 292.15 198929.7675
0.7 0.71 17 320.2 130652.4
0.7 0.71 18 377.03 173326.7491
0.7 0.71 19 452.42 272697.6636
0.71 0.72 0 111.04 10671.0984
0.71 0.72 1 141.9 18190.89
0.71 0.72 2 149.53 18605.0291
0.71 0.72 3 143.84 27113.9144
0.71 0.72 4 131.46 12246.4284
0.71 0.72 5 130.67 16596.9411
0.71 0.72 6 114.72 12002.6016
0.71 0.72 7 139.1 17001.59
0.71 0.72 8 148.62 27734.5556
0.71 0.72 9 141.96 24713.2384
0.71 0.72 10 134.99 21359.3899
0.71 0.72 11 154.92 21777.7936
0.71 0.72 12 196.1 49440.45
0.71 0.72 13 254.84 87118.4944
0.71 0.72 14 288.1 121172.09
0.71 0.72 15 253.57 58839.1051
0.71 0.72 16 304.57 97972.0051
0.71 0.72 17 272.99 69816.1499
0.71 0.72 18 283.22 102627.9516
0.71 0.72 19 299.87 106415.6531
0.72 0.73 0 132.44 15107.6464
0.72 0.73 1 128.04 16232.6984
0.72 0.73 2 149.35 22287.6675
0.72 0.73 3 154.1 17502.99
0.72 0.73 4 93.36 11046.8704
0.72 0.73 5 132.77 19580.2971
0.72 0.73 6 155.99 24678.3099
0.72 0.73 7 169.8 35061.48
0.72 0.73 8 187.31 47625.0139
0.72 0.73 9 188.19 33823.9539
0.72 0.73 10 239.19 66162.6939
0.72 0.73 11 208.79 50766.2659
0.72 0.73 12 222.85 59893.9075
0.72 0.73 13 204.58 39530.0036
0.72 0.73 14 258.93 87049.6651
0.72 0.73 15 294.18 98071.2876
0.72 0.73 16 281.64 151965.8304
0.72 0.73 17 362.85 176608.3475
0.72 0.73 18 386.97 174099.6091
0.72 0.73 19 409.13 208760.9731
0.73 0.74 0 110.44 10692.7264
0.73 0.74 1 126.65 16348.1675
0.73 0.74 2 154.24 22526.2624
0.73 0.74 3 118.47 13314.3291
0.73 0.74 4 105.15 16098.5875
0.73 0.74 5 114.66 14935.1044
0.73 0.74 6 104.18 7021.9676
0.73 0.74 7 106.4 14106.66
0.73 0.74 8 126.35 16038.2275
0.73 0.74 9 132.73 20190.0171
0.73 0.74 10 199.69 33052.8139
0.73 0.74 11 189.04 63022.6384
0.73 0.74 12 205.55 38193.2075
0.73 0.74 13 229.56 55454.1064
0.73 0.74 14 241.32 60811.0176
0.73 0.74 15 235.2 79668.98
0.73 0.74 16 271.32 72447.0976
0.73 0.74 17 275.02 93042.2796
0.73 0.74 18 323.92 120773.4936
0.73 0.74 19 304.31 182464.5939
0.74 0.75 0 90.47 8403.1491
0.74 0.75 1 136.36 18486.5704
0.74 0.75 2 125.1 13952.57
0.74 0.75 3 118.36 13983.1104
0.74 0.75 4 92.92 5938.6336
0.74 0.75 5 64.6 3967.82
0.74 0.75 6 84.09 5391.1219
0.74 0.75 7 80.7 5702.39
0.74 0.75 8 80.88 5922.7856
0.74 0.75 9 108.35 12749.0075
0.74 0.75 10 97.13 10309.1931
0.74 0.75 11 127.26 21264.9524
0.74 0.75 12 138.74 26622.1524
0.74 0.75 13 149.81 35944.4539
0.74 0.75 14 144.28 19320.8416
0.74 0.75 15 195.48 48695.6296
0.74 0.75 16 205.71 74905.5459
0.74 0.75 17 234.51 60233.5299
0.74 0.75 18 255.22 108532.6316
0.74 0.75 19 297.23 146433.3371
0.75 0.76 0 104.63 12224.7531
0.75 0.76 1 122.07 15544.7251
0.75 0.76 2 228.72 38086.5416
0.75 0.76 3 153.06 21484.5764
0.75 0.76 4 139.42 18281.7236
0.75 0.76 5 128.39 20437.9779
0.75 0.76 6 128.16 13320.8144
0.75 0.76 7 112.01 17817.7099
0.75 0.76 8 102.36 9138.3104
0.75 0.76 9 111.2 13495.38
0.75 0.76 10 114.19 15026.9939
0.75 0.76 11 104.99 10954.5499
0.75 0.76 12 125.18 16957.9676
0.75 0.76 13 123.85 17876.9475
0.75 0.76 14 114.38 13645.2956
0.75 0.76 15 106.47 16564.2291
0.75 0.76 16 136.99 22346.9499
0.75 0.76 17 139.28 16342.5016
0.75 0.76 18 138.09 21274.4619
0.75 0.76 19 170.08 56837.4336
0.76 0.77 0 110.13 9047.4131
0.76 0.77 1 121.4 12617.44
0.76 0.77 2 181.74 38177.5524
0.76 0.77 3 217.94 77260.1764
0.76 0.77 4 158.54 23900.6084
0.76 0.77 5 130.94 14197.3164
0.76 0.77 6 115.4 17827.9
0.76 0.77 7 106.98 13102.9796
0.76 0.77 8 113.91 12646.4219
0.76 0.77 9 120.85 13866.6075
0.76 0.77 10 113.96 17860.1784
0.76 0.77 11 135.46 27406.4684
0.76 0.77 12 165.54 35400.0684
0.76 0.77 13 161.0 27671.88
0.76 0.77 14 156.74 46705.5524
0.76 0.77 15 180.69 43709.8539
0.76 0.77 16 155.27 21275.9971
0.76 0.77 17 182.76 39039.3024
0.76 0.77 18 185.9 32731.19
0.76 0.77 19 234.27 59118.5371
0.77 0.78 0 95.6 9966.32
0.77 0.78 1 116.29 14986.0059
0.77 0.78 2 163.46 26715.4084
0.77 0.78 3 183.51 32883.9899
0.77 0.78 4 182.19 35662.7339
0.77 0.78 5 118.31 14548.1739
0.77 0.78 6 112.18 15517.1276
0.77 0.78 7 121.89 17430.7779
0.77 0.78 8 93.38 10590.7556
0.77 0.78 9 135.6 17627.58
0.77 0.78 10 159.54 31230.0684
0.77 0.78 11 151.21 26184.5659
0.77 0.78 12 205.63 65475.2331
0.77 0.78 13 193.2 34322.18
0.77 0.78 14 203.48 49894.4696
0.77 0.78 15 216.04 51766.4584
0.77 0.78 16 222.04 65773.2784
0.77 0.78 17 262.68 67170.9776
0.77 0.78 18 229.05 44309.3875
0.77 0.78 19 270.91 72815.2019
0.78 0.79 0 92.36 7501.7504
0.78 0.79 1 120.66 14226.1244
0.78 0.79 2 167.93 35296.2051
0.78 0.79 3 168.57 24746.9851
0.78 0.79 4 154.48 27002.5896
0.78 0.79 5 145.75 20008.9475
0.78 0.79 6 110.5 11159.61
0.78 0.79 7 129.15 17234.6475
0.78 0.79 8 126.25 16564.4675
0.78 0.79 9 138.7 21433.77
0.78 0.79 10 142.02 23261.2396
0.78 0.79 11 119.37 9985.3931
0.78 0.79 12 148.02 25133.7596
0.78 0.79 13 198.06 30498.0964
0.78 0.79 14 134.13 24916.5131
0.78 0.79 15 187.98 33385.3196
0.78 0.79 16 155.57 42347.6451
0.78 0.79 17 195.37 51582.8931
0.78 0.79 18 200.06 34639.2964
0.78 0.79 19 234.11 43899.3179
0.79 0.8 0 109.22 10659.4116
0.79 0.8 1 115.22 12833.3116
0.79 0.8 2 176.22 27479.4516
0.79 0.8 3 184.26 28971.8124
0.79 0.8 4 132.73 20456.9771
0.79 0.8 5 218.94 51789.0364
0.79 0.8 6 132.59 21548.0419
0.79 0.8 7 160.56 36980.2264
0.79 0.8 8 162.18 23817.2276
0.79 0.8 9 162.77 30834.2371
0.79 0.8 10 220.59 53157.7019
0.79 0.8 11 197.89 50798.0779
0.79 0.8 12 216.3 45617.21
0.79 0.8 13 226.28 66727.4416
0.79 0.8 14 258.62 67448.4756
0.79 0.8 15 295.76 92686.0624
0.79 0.8 16 292.1 106781.73
0.79 0.8 17 327.17 134502.0411
0.79 0.8 18 312.2 143212.28
0.79 0.8 19 321.02 104867.6996
0.8 0.81 0 86.25 7057.0475
0.8 0.81 1 141.92 19806.8736
0.8 0.81 2 198.24 29594.7024
0.8 0.81 3 167.72 45396.5016
0.8 0.81 4 142.62 20835.6356
0.8 0.81 5 133.91 14266.2419
0.8 0.81 6 139.08 24930.0936
0.8 0.81 7 130.66 15978.8844
0.8 0.81 8 136.59 19024.5619
0.8 0.81 9 159.3 38115.13
0.8 0.81 10 163.6 29152.1
0.8 0.81 11 185.38 39669.0156
0.8 0.81 12 212.38 63884.6956
0.8 0.81 13 256.35 93173.0075
0.8 0.81 14 207.38 53993.0356
0.8 0.81 15 192.81 44086.3139
0.8 0.81 16 255.99 87654.4499
0.8 0.81 17 257.56 92440.5064
0.8 0.81 18 321.22 92107.2516
0.8 0.81 19 287.44 99698.7264
0.81 0.82 0 111.85 7360.0675
0.81 0.82 1 101.19 5273.3339
0.81 0.82 2 179.95 29998.3875
0.81 0.82 3 176.87 52090.1731
0.81 0.82 4 131.75 17792.6675
0.81 0.82 5 116.73 13108.3571
0.81 0.82 6 117.85 15653.8475
0.81 0.82 7 110.25 13679.5875
0.81 0.82 8 111.15 15372.9675
0.81 0.82 9 120.52 14784.9896
0.81 0.82 10 132.33 25358.9011
0.81 0.82 11 103.13 14599.3931
0.81 0.82 12 166.24 21270.3024
0.81 0.82 13 150.24 35223.6024
0.81 0.82 14 161.2 22148.4
0.81 0.82 15 135.25 16468.0275
0.81 0.82 16 196.53 35041.9491
0.81 0.82 17 166.07 31016.3851
0.81 0.82 18 159.37 29284.9731
0.81 0.82 19 171.14 34035.0004
0.82 0.83 0 97.87 8099.6531
0.82 0.83 1 121.24 12008.8424
0.82 0.83 2 174.2 29440.84
0.82 0.83 3 204.08 48957.8736
0.82 0.83 4 192.18 34885.8276
0.82 0.83 5 200.21 44451.9859
0.82 0.83 6 153.16 29324.0344
0.82 0.83 7 185.56 40461.3264
0.82 0.83 8 191.72 38230.4816
0.82 0.83 9 189.31 38150.5139
0.82 0.83 10 211.4 48908.36
0.82 0.83 11 265.9 84575.73
0.82 0.83 12 227.96 51520.8384
0.82 0.83 13 316.95 152443.0075
0.82 0.83 14 280.19 105186.5539
0.82 0.83 15 285.54 141099.9484
0.82 0.83 16 317.91 121596.9819
0.82 0.83 17 340.7 197104.65
0.82 0.83 18 379.96 245925.7984
0.82 0.83 19 407.32 198541.7176
0.83 0.84 0 106.97 9656.3291
0.83 0.84 1 122.68 12370.0576
0.83 0.84 2 151.23 30225.8371
0.83 0.84 3 173.37 28285.7931
0.83 0.84 4 160.86 23536.7004
0.83 0.84 5 185.51 37407.6499
0.83 0.84 6 192.89 42140.1179
0.83 0.84 7 229.56 53902.8264
0.83 0.84 8 197.44 46150.1264
0.83 0.84 9 179.6 34497.08
0.83 0.84 10 252.39 91877.7979
0.83 0.84 11 264.04 91128.5784
0.83 0.84 12 352.41 139628.7619
0.83 0.84 13 293.25 95928.1875
0.83 0.84 14 384.58 223478.6836
0.83 0.84 15 427.79 340292.0859
0.83 0.84 16 343.2 115349.74
0.83 0.84 17 422.47 222498.2691
0.83 0.84 18 458.99 229190.1299
0.83 0.84 19 518.1 293383.07
0.84 0.85 0 101.57 10516.4451
0.84 0.85 1 98.6 5834.98
0.84 0.85 2 180.1 32384.49
0.84 0.85 3 179.58 38227.1236
0.84 0.85 4 158.4 30997.4
0.84 0.85 5 138.63 28156.5931
0.84 0.85 6 142.12 22933.5856
0.84 0.85 7 148.1 33088.05
0.84 0.85 8 138.78 21134.4516
0.84 0.85 9 141.65 17650.8675
0.84 0.85 10 177.18 29577.6676
0.84 0.85 11 198.23 81301.6571
0.84 0.85 12 213.6 60123.9
0.84 0.85 13 234.06 88948.0364
0.84 0.85 14 259.52 103600.7896
0.84 0.85 15 301.9 129292.73
0.84 0.85 16 256.81 76118.2139
0.84 0.85 17 296.79 122961.1459
0.84 0.85 18 295.43 103312.8051
0.84 0.85 19 282.48 78145.0696
0.85 0.86 0 83.41 4641.4819
0.85 0.86 1 119.38 14057.7156
0.85 0.86 2 145.18 22338.2076
0.85 0.86 3 177.9 36059.11
0.85 0.86 4 155.95 24956.7275
0.85 0.86 5 135.43 16754.0451
0.85 0.86 6 147.94 24305.0564
0.85 0.86 7 166.66 31249.5644
0.85 0.86 8 133.02 21886.6796
0.85 0.86 9 178.01 35395.1699
0.85 0.86 10 204.29 42412.1659
0.85 0.86 11 216.26 51665.7924
0.85 0.86 12 279.38 93787.9156
0.85 0.86 13 236.53 68668.7691
0.85 0.86 14 299.61 109241.6179
0.85 0.86 15 264.1 94770.99
0.85 0.86 16 351.83 217350.9011
0.85 0.86 17 366.96 232123.1784
0.85 0.86 18 368.94 210852.5764
0.85 0.86 19 356.77 210697.8371
0.86 0.87 0 117.51 12137.7899
0.86 0.87 1 127.74 15809.5724
0.86 0.87 2 126.95 17802.4875
0.86 0.87 3 132.79 27229.6859
0.86 0.87 4 163.66 30202.4244
0.86 0.87 5 108.01 13265.4899
0.86 0.87 6 175.89 33170.9979
0.86 0.87 7 177.49 30016.4699
0.86 0.87 8 171.8 31420.22
0.86 0.87 9 200.97 36836.4291
0.86 0.87 10 194.29 46926.7059
0.86 0.87 11 219.3 63346.57
0.86 0.87 12 210.98 46610.9196
0.86 0.87 13 231.38 49889.3956
0.86 0.87 14 282.07 119844.1651
0.86 0.87 15 270.21 83810.0059
0.86 0.87 16 265.79 127489.7259
0.86 0.87 17 369.84 166439.6344
0.86 0.87 18 320.09 86364.2219
0.86 0.87 19 371.29 153092.2659
0.87 0.88 0 108.9 14733.33
0.87 0.88 1 151.24 27775.2024
0.87 0.88 2 169.75 19317.1075
0.87 0.88 3 173.11 40850.4979
0.87 0.88 4 134.35 19595.8475
0.87 0.88 5 109.13 9006.7931
0.87 0.88 6 84.14 10698.6804
0.87 0.88 7 82.83 7527.3411
0.87 0.88 8 85.13 10689.7531
0.87 0.88 9 93.83 8870.7411
0.87 0.88 10 107.28 11809.7616
0.87 0.88 11 89.8 8538.88
0.87 0.88 12 110.13 12627.6131
0.87 0.88 13 104.19 13034.4939
0.87 0.88 14 136.94 17545.9364
0.87 0.88 15 102.07 12816.4651
0.87 0.88 16 116.96 13305.9984
0.87 0.88 17 118.12 26973.2256
0.87 0.88 18 175.59 38179.5019
0.87 0.88 19 140.11 32606.6179
0.88 0.89 0 100.95 9227.3875
0.88 0.89 1 115.96 12536.5984
0.88 0.89 2 142.55 22522.0475
0.88 0.89 3 217.52 33633.0296
0.88 0.89 4 197.5 43501.89
0.88 0.89 5 203.81 44889.5139
0.88 0.89 6 173.29 27138.2659
0.88 0.89 7 132.16 27038.7144
0.88 0.89 8 131.48 25979.0496
0.88 0.89 9 173.22 41244.2916
0.88 0.89 10 197.79 45562.7259
0.88 0.89 11 185.63 45604.1731
0.88 0.89 12 213.93 92327.4451
0.88 0.89 13 203.15 45157.4675
0.88 0.89 14 184.58 66578.6836
0.88 0.89 15 211.71 42850.1059
0.88 0.89 16 263.42 114841.6036
0.88 0.89 17 205.87 47424.7531
0.88 0.89 18 201.76 30878.4424
0.88 0.89 19 257.56 63561.0264
0.89 0.9 0 89.04 6176.9584
0.89 0.9 1 122.22 14868.4916
0.89 0.9 2 134.26 19730.5124
0.89 0.9 3 180.86 32799.9404
0.89 0.9 4 183.68 45185.7576
0.89 0.9 5 152.4 22417.58
0.89 0.9 6 174.75 31701.1675
0.89 0.9 7 180.3 37063.57
0.89 0.9 8 171.03 31616.6891
0.89 0.9 9 162.1 41014.01
0.89 0.9 10 137.63 15897.1331
0.89 0.9 11 212.27 60282.5571
0.89 0.9 12 179.76 40710.6824
0.89 0.9 13 149.86 38235.2404
0.89 0.9 14 185.54 39279.4284
0.89 0.9 15 204.84 47502.0744
0.89 0.9 16 178.24 38332.6624
0.89 0.9 17 248.33 100096.2411
0.89 0.9 18 278.23 75800.0571
0.89 0.9 19 248.74 79071.4124
0.9 0.91 0 103.46 14101.1284
0.9 0.91 1 128.71 16000.4859
0.9 0.91 2 128.57 21023.3651
0.9 0.91 3 153.11 30417.6179
0.9 0.91 4 232.78 47843.1516
0.9 0.91 5 129.05 13244.3075
0.9 0.91 6 152.56 22145.0864
0.9 0.91 7 110.19 17427.2339
0.9 0.91 8 139.17 17204.4011
0.9 0.91 9 148.32 34965.4576
0.9 0.91 10 147.19 22086.8739
0.9 0.91 11 209.81 63703.6539
0.9 0.91 12 168.92 40449.2136
0.9 0.91 13 164.68 25871.9176
0.9 0.91 14 191.46 59633.2884
0.9 0.91 15 177.84 44043.5544
0.9 0.91 16 182.61 51588.6579
0.9 0.91 17 205.75 57893.5275
0.9 0.91 18 205.04 60351.9584
0.9 0.91 19 239.72 59203.6816
0.91 0.92 0 97.54 13963.9484
0.91 0.92 1 129.57 19363.5851
0.91 0.92 2 111.85 10223.7275
0.91 0.92 3 165.2 33685.68
0.91 0.92 4 169.2 26907.64
0.91 0.92 5 184.58 39195.1636
0.91 0.92 6 198.92 48120.6736
0.91 0.92 7 215.71 52553.3659
0.91 0.92 8 178.43 42300.1051
0.91 0.92 9 235.38 57516.4156
0.91 0.92 10 240.09 62159.0819
0.91 0.92 11 244.95 90170.2475
0.91 0.92 12 260.23 109601.6771
0.91 0.92 13 293.92 165695.1336
0.91 0.92 14 244.04 70346.0384
0.91 0.92 15 407.53 179460.3891
0.91 0.92 16 323.68 142912.5776
0.91 0.92 17 401.18 234183.7076
0.91 0.92 18 379.03 184411.4491
0.91 0.92 19 397.21 240125.9459
0.92 0.93 0 90.84 7775.9744
0.92 0.93 1 121.99 13729.2299
0.92 0.93 2 121.65 16181.9475
0.92 0.93 3 181.07 27858.6051
0.92 0.93 4 146.27 19684.5971
0.92 0.93 5 161.22 29559.0516
0.92 0.93 6 156.88 27868.5456
0.92 0.93 7 165.98 36637.8996
0.92 0.93 8 177.78 36200.5316
0.92 0.93 9 188.14 68160.4004
0.92 0.93 10 220.11 52231.5579
0.92 0.93 11 233.36 58634.2104
0.92 0.93 12 237.76 78669.6624
0.92 0.93 13 254.07 85340.3651
0.92 0.93 14 337.36 184311.7904
0.92 0.93 15 284.62 131949.0556
0.92 0.93 16 260.22 118283.3716
0.92 0.93 17 277.66 140203.2244
0.92 0.93 18 310.16 125659.0944
0.92 0.93 19 284.3 139415.83
0.93 0.94 0 81.88 6270.5856
0.93 0.94 1 114.78 11592.0116
0.93 0.94 2 127.37 20318.8131
0.93 0.94 3 111.37 12320.8731
0.93 0.94 4 113.29 12277.1059
0.93 0.94 5 101.45 11077.3275
0.93 0.94 6 95.66 9086.1044
0.93 0.94 7 135.71 22623.7259
0.93 0.94 8 109.83 15802.3011
0.93 0.94 9 123.77 13297.9171
0.93 0.94 10 137.56 23015.6864
0.93 0.94 11 108.43 14033.6651
0.93 0.94 12 163.71 37748.0259
0.93 0.94 13 147.75 25179.3875
0.93 0.94 14 162.97 25506.8291
0.93 0.94 15 151.6 58450.58
0.93 0.94 16 166.56 31949.0664
0.93 0.94 17 144.43 21422.4851
0.93 0.94 18 201.75 60907.1675
0.93 0.94 19 166.57 33259.7451
0.94 0.95 0 103.72 11535.7816
0.94 0.95 1 118.17 11002.8411
0.94 0.95 2 130.6 15600.14
0.94 0.95 3 131.53 19823.5891
0.94 0.95 4 154.76 26686.5424
0.94 0.95 5 169.75 39443.3675
0.94 0.95 6 186.2 35544.76
0.94 0.95 7 185.62 42927.9156
0.94 0.95 8 160.27 55512.8971
0.94 0.95 9 193.35 38969.7075
0.94 0.95 10 220.61 58011.9179
0.94 0.95 11 190.71 40983.7659
0.94 0.95 12 271.76 106345.6624
0.94 0.95 13 227.97 65459.6091
0.94 0.95 14 262.47 85352.1891
0.94 0.95 15 211.08 85280.2536
0.94 0.95 16 221.31 72105.9939
0.94 0.95 17 279.13 103769.6331
0.94 0.95 18 220.5 63211.57
0.94 0.95 19 268.91 115755.1419
0.95 0.96 0 88.99 8130.7899
0.95 0.96 1 116.04 8240.9784
0.95 0.96 2 104.39 12035.3779
0.95 0.96 3 105.52 11669.2096
0.95 0.96 4 172.34 24485.8044
0.95 0.96 5 170.3 33946.09
0.95 0.96 6 125.91 16249.6819
0.95 0.96 7 138.15 17449.7675
0.95 0.96 8 191.72 41200.3016
0.95 0.96 9 185.41 34504.3419
0.95 0.96 10 180.79 44853.6659
0.95 0.96 11 171.33 25555.0211
0.95 0.96 12 235.05 56949.2275
0.95 0.96 13 232.28 62138.4216
0.95 0.96 14 209.58 47421.3036
0.95 0.96 15 228.3 66329.69
0.95 0.96 16 243.63 82961.4931
0.95 0.96 17 275.62 105495.0156
0.95 0.96 18 272.47 80321.1691
0.95 0.96 19 247.15 69356.3875
0.96 0.97 0 116.17 10496.8611
0.96 0.97 1 99.63 11404.8531
0.96 0.97 2 122.29 13136.8459
0.96 0.97 3 110.27 10441.5771
0.96 0.97 4 113.47 16741.2491
0.96 0.97 5 99.5 8267.37
0.96 0.97 6 98.27 9912.7971
0.96 0.97 7 132.02 21754.9396
0.96 0.97 8 123.64 31765.9704
0.96 0.97 9 134.93 20814.8651
0.96 0.97 10 145.13 30179.7931
0.96 0.97 11 157.81 35511.0939
0.96 0.97 12 193.28 42686.1216
0.96 0.97 13 200.03 57426.5891
0.96 0.97 14 174.55 43177.9875
0.96 0.97 15 197.43 71328.8851
0.96 0.97 16 189.46 47598.7884
0.96 0.97 17 201.22 60419.0116
0.96 0.97 18 169.59 28893.2619
0.96 0.97 19 203.17 64423.0411
0.97 0.98 0 88.92 6479.4936
0.97 0.98 1 106.98 10854.7796
0.97 0.98 2 106.99 13588.8499
0.97 0.98 3 109.89 13977.6779
0.97 0.98 4 96.01 8645.8699
0.97 0.98 5 144.06 16911.8364
0.97 0.98 6 155.74 29754.6324
0.97 0.98 7 179.11 49689.8779
0.97 0.98 8 176.1 42494.89
0.97 0.98 9 209.42 51189.0636
0.97 0.98 10 164.71 31965.9459
0.97 0.98 11 220.2 61215.96
0.97 0.98 12 220.14 62197.6204
0.97 0.98 13 207.65 61010.1675
0.97 0.98 14 277.62 85146.5956
0.97 0.98 15 254.3 74321.55
0.97 0.98 16 276.74 97146.1324
0.97 0.98 17 224.97 71322.8091
0.97 0.98 18 196.4 50297.16
0.97 0.98 19 264.15 106771.9475
0.98 0.99 0 83.11 5667.2379
0.98 0.99 1 103.51 12807.9499
0.98 0.99 2 93.07 8001.0451
0.98 0.99 3 94.25 7339.3875
0.98 0.99 4 93.9 10161.69
0.98 0.99 5 117.11 14058.8779
0.98 0.99 6 76.81 7570.3339
0.98 0.99 7 102.64 8473.0704
0.98 0.99 8 106.87 15630.6331
0.98 0.99 9 122.57 14822.7851
0.98 0.99 10 118.51 15005.7499
0.98 0.99 11 148.04 22211.3784
0.98 0.99 12 183.03 42508.2891
0.98 0.99 13 174.85 51252.2675
0.98 0.99 14 192.44 41005.1464
0.98 0.99 15 163.81 34765.5739
0.98 0.99 16 202.31 62042.4339
0.98 0.99 17 228.0 72409.08
0.98 0.99 18 205.35 68056.6275
0.98 0.99 19 251.47 101722.4691
0.99 1.0 0 100.36 10428.9704
0.99 1.0 1 107.29 13756.5059
0.99 1.0 2 84.05 6176.9275
0.99 1.0 3 55.49 3116.6299
0.99 1.0 4 35.54 692.2084
0.99 1.0 5 32.03 636.9091
0.99 1.0 6 30.18 532.2076
0.99 1.0 7 40.19 1038.3939
0.99 1.0 8 42.39 943.1779
0.99 1.0 9 44.48 2047.0696
0.99 1.0 10 62.75 2542.5475
0.99 1.0 11 58.91 2260.8819
0.99 1.0 12 55.79 1926.7659
0.99 1.0 13 79.83 7275.2611
0.99 1.0 14 62.03 2404.6091
0.99 1.0 15 91.85 9038.2475
0.99 1.0 16 77.04 4794.9384
0.99 1.0 17 101.79 7869.3259
0.99 1.0 18 96.86 7197.4404
0.99 1.0 19 86.13 5532.6531
