0.0 0.01 0 104.619 9960.413839
0.0 0.01 1 97.284 10216.831344
0.0 0.01 2 73.199 5349.343399
0.0 0.01 3 51.792 2693.846736
0.0 0.01 4 32.483 784.807711
0.0 0.01 5 25.69 334.1379
0.0 0.01 6 24.504 231.733984
0.0 0.01 7 25.753 266.093991
0.0 0.01 8 27.584 314.302944
0.0 0.01 9 28.265 336.560775
0.0 0.01 10 31.575 474.632375
0.0 0.01 11 34.203 510.877791
0.0 0.01 12 35.74 549.8684
0.0 0.01 13 38.778 722.324716
0.0 0.01 14 41.582 751.153276
0.0 0.01 15 43.943 760.521751
0.0 0.01 16 47.327 906.490071
0.0 0.01 17 48.951 1139.006599
0.0 0.01 18 51.286 1194.916204
0.0 0.01 19 53.29 1414.6659
0.01 0.02 0 106.049 11337.382599
0.01 0.02 1 140.88 30915.4216
0.01 0.02 2 156.033 44847.499911
0.01 0.02 3 157.739 44058.522879
0.01 0.02 4 136.139 38252.623679
0.01 0.02 5 129.586 21771.154604
0.01 0.02 6 49.377 1873.554871
0.01 0.02 7 46.281 1898.466039
0.01 0.02 8 52.599 2661.916199
0.01 0.02 9 58.634 3249.438044
0.01 0.02 10 55.177 2681.103671
0.01 0.02 11 65.473 3707.417271
0.01 0.02 12 67.098 4133.862396
0.01 0.02 13 72.901 5215.619199
0.01 0.02 14 78.032 5261.420976
0.01 0.02 15 72.669 4639.969439
0.01 0.02 16 84.538 6772.552556
0.01 0.02 17 88.376 6566.514624
0.01 0.02 18 87.46 6783.1584
0.01 0.02 19 94.708 7724.034736
0.02 0.03 0 107.739 11602.676879
0.02 0.03 1 151.777 28560.217271
0.02 0.03 2 191.898 50899.953596
0.02 0.03 3 175.774 42826.910924
0.02 0.03 4 162.999 31816.010999
0.02 0.03 5 160.381 26844.909839
0.02 0.03 6 153.966 27744.188844
0.02 0.03 7 93.997 10830.978991
0.02 0.03 8 88.665 8458.990775
0.02 0.03 9 94.399 8615.701799
0.02 0.03 10 90.937 9009.435031
0.02 0.03 11 101.729 11287.223559
0.02 0.03 12 96.906 9750.207164
0.02 0.03 13 100.448 9422.823296
0.02 0.03 14 103.778 10168.754716
0.02 0.03 15 104.314 9860.893404
0.02 0.03 16 110.764 11906.766304
0.02 0.03 17 108.007 10490.020951
0.02 0.03 18 112.701 11005.305599
0.02 0.03 19 125.244 13184.394464
0.03 0.04 0 100.952 11241.133696
0.03 0.04 1 154.05 27979.5595
0.03 0.04 2 184.997 44684.942991
0.03 0.04 3 180.186 39817.935404
0.03 0.04 4 157.788 27955.149056
0.03 0.04 5 49.663 1902.195431
0.03 0.04 6 44.564 1708.565904
0.03 0.04 7 47.117 1893.961311
0.03 0.04 8 54.06 2583.4244
0.03 0.04 9 54.218 2762.486476
0.03 0.04 10 58.964 3374.418704
0.03 0.04 11 63.655 3876.893975
0.03 0.04 12 66.326 3846.491724
0.03 0.04 13 68.05 4311.0695
0.03 0.04 14 74.476 5209.341424
0.03 0.04 15 73.939 4122.213279
0.03 0.04 16 79.642 5784.037836
0.03 0.04 17 80.265 5155.198775
0.03 0.04 18 91.982 7681.135676
0.03 0.04 19 83.933 5429.540511
0.04 0.05 0 98.749 10602.635999
0.04 0.05 1 144.964 25380.070704
0.04 0.05 2 182.445 40392.664975
0.04 0.05 3 175.262 37612.125356
0.04 0.05 4 192.016 41296.357744
0.04 0.05 5 160.677 32978.962671
0.04 0.05 6 85.727 7428.322471
0.04 0.05 7 82.6 7924.006
0.04 0.05 8 78.317 6381.030511
0.04 0.05 9 82.315 7737.095775
0.04 0.05 10 85.113 6955.536231
0.04 0.05 11 89.391 6970.174119
0.04 0.05 12 90.412 8840.612256
0.04 0.05 13 94.984 7879.339744
0.04 0.05 14 91.125 8127.743375
0.04 0.05 15 96.184 8483.782144
0.04 0.05 16 104.26 8793.0864
0.04 0.05 17 114.724 12361.573824
0.04 0.05 18 115.562 11694.396156
0.04 0.05 19 121.085 12088.119775
0.05 0.06 0 104.863 9862.306231
0.05 0.06 1 153.692 26714.057136
0.05 0.06 2 189.846 38172.438284
0.05 0.06 3 185.008 39110.199936
0.05 0.06 4 204.01 40428.1779
0.05 0.06 5 233.027 64229.350271
0.05 0.06 6 159.186 30299.331404
0.05 0.06 7 100.792 10232.732736
0.05 0.06 8 95.268 9244.496176
0.05 0.06 9 89.765 8426.403775
0.05 0.06 10 97.944 8654.798864
0.05 0.06 11 92.73 8174.3671
0.05 0.06 12 93.637 8022.309231
0.05 0.06 13 99.323 9742.416671
0.05 0.06 14 107.87 11010.7171
0.05 0.06 15 106.865 10423.696775
0.05 0.06 16 113.377 12271.092871
0.05 0.06 17 109.994 11045.369964
0.05 0.06 18 111.226 10542.628924
0.05 0.06 19 119.873 10305.188871
0.06 0.07 0 99.254 11349.507484
0.06 0.07 1 141.888 23808.033456
0.06 0.07 2 198.996 45619.601984
0.06 0.07 3 179.804 38652.991584
0.06 0.07 4 71.945 4590.313975
0.06 0.07 5 53.453 2955.391791
0.06 0.07 6 44.287 1862.906631
0.06 0.07 7 47.705 2147.997975
0.06 0.07 8 46.573 2048.148671
0.06 0.07 9 52.796 2358.948384
0.06 0.07 10 57.889 3041.862679
0.06 0.07 11 59.833 3291.349111
0.06 0.07 12 64.006 3894.067964
0.06 0.07 13 68.598 3962.626396
0.06 0.07 14 69.047 4658.188791
0.06 0.07 15 74.954 4505.443884
0.06 0.07 16 77.153 5201.799591
0.06 0.07 17 85.165 5479.795775
0.06 0.07 18 83.599 5735.350199
0.06 0.07 19 89.542 6754.396236
0.07 0.08 0 101.312 9619.846656
0.07 0.08 1 152.989 28017.102879
0.07 0.08 2 185.113 40806.168231
0.07 0.08 3 204.144 42687.695264
0.07 0.08 4 113.053 14303.302191
0.07 0.08 5 111.337 15675.931431
0.07 0.08 6 82.198 8175.586796
0.07 0.08 7 71.989 5348.490879
0.07 0.08 8 72.856 5720.963264
0.07 0.08 9 75.577 5583.328071
0.07 0.08 10 81.04 7417.2044
0.07 0.08 11 87.618 8052.308076
0.07 0.08 12 89.154 8159.956284
0.07 0.08 13 94.789 8982.532479
0.07 0.08 14 105.753 12206.515991
0.07 0.08 15 106.072 10945.730816
0.07 0.08 16 122.483 14679.753711
0.07 0.08 17 120.787 14903.139631
0.07 0.08 18 132.033 20416.583911
0.07 0.08 19 135.516 20036.317744
0.08 0.09 0 103.888 10388.939456
0.08 0.09 1 143.425 22338.316375
0.08 0.09 2 186.041 36028.189319
0.08 0.09 3 223.74 49404.9484
0.08 0.09 4 154.843 30446.822351
0.08 0.09 5 176.881 34691.012839
0.08 0.09 6 128.775 19699.466375
0.08 0.09 7 106.315 13026.139775
0.08 0.09 8 106.626 11785.456124
0.08 0.09 9 108.788 12248.105056
0.08 0.09 10 116.258 15195.925436
0.08 0.09 11 117.984 15446.479744
0.08 0.09 12 125.974 19627.073324
0.08 0.09 13 141.042 20528.316236
0.08 0.09 14 152.816 26333.264144
0.08 0.09 15 165.046 38733.729884
0.08 0.09 16 158.126 32711.396124
0.08 0.09 17 166.865 31938.840775
0.08 0.09 18 188.653 54539.408591
0.08 0.09 19 192.569 47709.649239
0.09 0.1 0 96.469 9868.727039
0.09 0.1 1 148.851 23176.380799
0.09 0.1 2 188.713 41064.072631
0.09 0.1 3 237.029 61041.710159
0.09 0.1 4 208.242 49158.507436
0.09 0.1 5 84.338 7368.869756
0.09 0.1 6 72.393 4731.392551
0.09 0.1 7 69.662 5468.015756
0.09 0.1 8 69.294 5125.263564
0.09 0.1 9 74.35 5419.2495
0.09 0.1 10 72.715 4785.703775
0.09 0.1 11 81.228 6862.016016
0.09 0.1 12 81.142 5539.947836
0.09 0.1 13 88.559 7341.618519
0.09 0.1 14 90.085 7602.463775
0.09 0.1 15 96.105 7114.141975
0.09 0.1 16 94.835 7712.503775
0.09 0.1 17 105.352 9283.386096
0.09 0.1 18 105.192 9317.319136
0.09 0.1 19 112.489 11333.295879
0.1 0.11 0 96.953 8941.130791
0.1 0.11 1 156.189 26290.291279
0.1 0.11 2 182.21 34346.8879
0.1 0.11 3 231.975 63487.648375
0.1 0.11 4 235.362 68273.794956
0.1 0.11 5 139.521 20819.451559
0.1 0.11 6 118.183 15534.355511
0.1 0.11 7 105.783 10991.765911
0.1 0.11 8 94.967 7910.345911
0.1 0.11 9 94.606 8212.406764
0.1 0.11 10 88.969 7607.434039
0.1 0.11 11 96.167 7571.971111
0.1 0.11 12 95.798 7605.121196
0.1 0.11 13 98.039 7626.023479
0.1 0.11 14 104.337 9814.051431
0.1 0.11 15 110.198 10321.224796
0.1 0.11 16 110.327 10372.170071
0.1 0.11 17 119.813 11672.606031
0.1 0.11 18 124.383 12507.992311
0.1 0.11 19 123.648 12700.494096
0.11 0.12 0 105.52 9829.2916
0.11 0.12 1 154.752 26626.038496
0.11 0.12 2 190.266 39264.645244
0.11 0.12 3 268.309 75102.181519
0.11 0.12 4 279.107 78753.261551
0.11 0.12 5 223.942 58806.772636
0.11 0.12 6 99.179 11085.640959
0.11 0.12 7 81.199 5516.491399
0.11 0.12 8 82.785 6438.214775
0.11 0.12 9 79.996 6131.349984
0.11 0.12 10 91.811 8323.303279
0.11 0.12 11 91.816 7632.344144
0.11 0.12 12 91.959 7840.719319
0.11 0.12 13 95.35 7889.0135
0.11 0.12 14 102.352 9272.494096
0.11 0.12 15 109.929 10201.367959
0.11 0.12 16 109.899 10372.532799
0.11 0.12 17 108.581 9307.299439
0.11 0.12 18 123.151 11365.536199
0.11 0.12 19 120.015 12181.776775
0.12 0.13 0 100.792 9813.364736
0.12 0.13 1 147.737 22951.137831
0.12 0.13 2 195.396 47350.983184
0.12 0.13 3 128.088 14408.964256
0.12 0.13 4 92.794 8912.861564
0.12 0.13 5 70.436 4760.949904
0.12 0.13 6 49.749 2245.771999
0.12 0.13 7 48.906 2034.337164
0.12 0.13 8 46.947 1804.708191
0.12 0.13 9 53.554 2415.199084
0.12 0.13 10 55.639 2486.136679
0.12 0.13 11 52.701 2478.141599
0.12 0.13 12 62.926 3209.094524
0.12 0.13 13 60.518 2700.063676
0.12 0.13 14 69.087 3883.949431
0.12 0.13 15 67.851 3543.142799
0.12 0.13 16 76.046 4750.265884
0.12 0.13 17 74.625 4078.916375
0.12 0.13 18 80.462 5569.538556
0.12 0.13 19 82.572 5548.838816
0.13 0.14 0 102.316 11069.128144
0.13 0.14 1 166.029 27189.306159
0.13 0.14 2 201.627 45003.015871
0.13 0.14 3 100.318 10464.172876
0.13 0.14 4 81.612 7860.479456
0.13 0.14 5 72.215 5480.150775
0.13 0.14 6 78.663 6153.185431
0.13 0.14 7 65.259 4215.361919
0.13 0.14 8 69.644 4691.245264
0.13 0.14 9 68.96 4771.4624
0.13 0.14 10 79.085 6815.849775
0.13 0.14 11 81.103 7182.652391
0.13 0.14 12 83.475 6851.179375
0.13 0.14 13 93.946 8553.175084
0.13 0.14 14 97.426 10207.804524
0.13 0.14 15 109.156 12196.941664
0.13 0.14 16 108.52 11606.8336
0.13 0.14 17 112.466 13920.268844
0.13 0.14 18 121.224 14182.467824
0.13 0.14 19 132.286 22583.552204
0.14 0.15 0 97.353 9674.146391
0.14 0.15 1 151.421 24221.587759
0.14 0.15 2 188.25 36520.9295
0.14 0.15 3 131.91 20168.4799
0.14 0.15 4 118.394 14689.438764
0.14 0.15 5 121.014 15856.005804
0.14 0.15 6 80.258 6675.069436
0.14 0.15 7 71.847 5220.975591
0.14 0.15 8 73.117 6014.007311
0.14 0.15 9 80.96 7345.8324
0.14 0.15 10 88.721 8501.775159
0.14 0.15 11 94.102 10095.307596
0.14 0.15 12 99.222 10856.054716
0.14 0.15 13 107.76 12879.8444
0.14 0.15 14 115.402 14440.208396
0.14 0.15 15 124.803 18688.584191
0.14 0.15 16 126.518 16733.173676
0.14 0.15 17 133.954 21313.337884
0.14 0.15 18 137.22 21458.4616
0.14 0.15 19 152.901 27271.453199
0.15 0.16 0 98.596 8832.608784
0.15 0.16 1 153.539 24291.790479
0.15 0.16 2 200.882 44270.730076
0.15 0.16 3 153.654 26370.070284
0.15 0.16 4 148.176 24710.995024
0.15 0.16 5 100.332 10529.069776
0.15 0.16 6 80.476 6710.733424
0.15 0.16 7 75.81 5885.6359
0.15 0.16 8 78.018 6615.671676
0.15 0.16 9 86.217 8037.387911
0.15 0.16 10 96.51 9954.8579
0.15 0.16 11 98.132 9814.738576
0.15 0.16 12 109.022 12424.309516
0.15 0.16 13 108.666 14796.348444
0.15 0.16 14 114.182 15080.186876
0.15 0.16 15 137.788 25011.379056
0.15 0.16 16 130.494 21727.879964
0.15 0.16 17 141.764 25967.724304
0.15 0.16 18 147.633 26635.300311
0.15 0.16 19 156.55 35319.7275
0.16 0.17 0 98.952 9714.369696
0.16 0.17 1 157.393 24211.874551
0.16 0.17 2 205.342 45349.951036
0.16 0.17 3 184.94 40538.5764
0.16 0.17 4 172.451 28688.843599
0.16 0.17 5 108.032 12547.642976
0.16 0.17 6 114.335 14048.146775
0.16 0.17 7 94.812 10653.936656
0.16 0.17 8 100.124 10970.846624
0.16 0.17 9 112.375 13916.252375
0.16 0.17 10 121.286 17605.396204
0.16 0.17 11 144.84 24751.2504
0.16 0.17 12 151.693 26327.958751
0.16 0.17 13 160.211 29364.984479
0.16 0.17 14 173.241 38585.316919
0.16 0.17 15 185.046 42088.757884
0.16 0.17 16 205.099 54110.337199
0.16 0.17 17 208.738 59107.185356
0.16 0.17 18 245.954 82843.985884
0.16 0.17 19 243.922 77163.699916
0.17 0.18 0 101.552 9759.793296
0.17 0.18 1 164.991 28525.340919
0.17 0.18 2 219.242 50054.637436
0.17 0.18 3 194.126 43746.406124
0.17 0.18 4 205.303 42949.667191
0.17 0.18 5 177.515 39968.441775
0.17 0.18 6 111.417 14013.509111
0.17 0.18 7 104.132 12388.662576
0.17 0.18 8 109.034 12573.962844
0.17 0.18 9 111.0 16563.472
0.17 0.18 10 125.794 18216.761564
0.17 0.18 11 128.912 20109.234256
0.17 0.18 12 142.312 24955.054656
0.17 0.18 13 141.969 23147.538039
0.17 0.18 14 170.544 41808.354064
0.17 0.18 15 165.486 37255.285804
0.17 0.18 16 195.446 54014.593084
0.17 0.18 17 207.785 59371.718775
0.17 0.18 18 210.111 63448.940679
0.17 0.18 19 228.986 68018.791804
0.18 0.19 0 95.174 9822.863724
0.18 0.19 1 151.441 21475.014519
0.18 0.19 2 233.403 54006.306591
0.18 0.19 3 207.776 47617.601824
0.18 0.19 4 154.374 24011.802124
0.18 0.19 5 116.789 15980.744479
0.18 0.19 6 88.713 7760.502631
0.18 0.19 7 67.432 3932.089376
0.18 0.19 8 68.146 4462.598684
0.18 0.19 9 70.791 4291.777319
0.18 0.19 10 72.775 4687.854375
0.18 0.19 11 75.628 5295.813616
0.18 0.19 12 78.51 4755.8979
0.18 0.19 13 82.817 5835.541511
0.18 0.19 14 83.693 5617.874751
0.18 0.19 15 93.743 6569.012951
0.18 0.19 16 93.511 7071.013879
0.18 0.19 17 96.988 7393.909856
0.18 0.19 18 95.181 7864.090239
0.18 0.19 19 104.01 9532.7139
0.19 0.2 0 100.317 9769.510511
0.19 0.2 1 160.164 25148.255104
0.19 0.2 2 234.428 58446.466816
0.19 0.2 3 219.08 52928.9936
0.19 0.2 4 93.476 8204.347424
0.19 0.2 5 82.026 7452.619324
0.19 0.2 6 80.967 6510.807911
0.19 0.2 7 71.93 5607.1431
0.19 0.2 8 80.561 7144.554279
0.19 0.2 9 87.278 8348.962716
0.19 0.2 10 90.562 8212.848156
0.19 0.2 11 99.34 9467.9564
0.19 0.2 12 104.832 11533.507776
0.19 0.2 13 116.458 14388.030236
0.19 0.2 14 128.159 17122.343719
0.19 0.2 15 130.973 22213.374271
0.19 0.2 16 142.229 24043.046559
0.19 0.2 17 145.35 24776.7475
0.19 0.2 18 158.134 33579.272044
0.19 0.2 19 174.213 36321.067631
0.2 0.21 0 98.759 8698.032919
0.2 0.21 1 158.404 26579.262784
0.2 0.21 2 237.817 61202.329511
0.2 0.21 3 227.275 57399.199375
0.2 0.21 4 135.376 21658.730624
0.2 0.21 5 127.033 18029.153911
0.2 0.21 6 88.929 8053.809959
0.2 0.21 7 98.55 11607.5275
0.2 0.21 8 102.874 11264.304124
0.2 0.21 9 107.546 12483.593884
0.2 0.21 10 106.38 13411.4876
0.2 0.21 11 123.334 18219.692444
0.2 0.21 12 135.409 21831.767719
0.2 0.21 13 141.846 25394.768284
0.2 0.21 14 152.899 32389.448799
0.2 0.21 15 155.203 31140.423791
0.2 0.21 16 172.894 42781.240764
0.2 0.21 17 178.537 42414.628631
0.2 0.21 18 207.115 61432.919775
0.2 0.21 19 214.926 67176.164524
0.21 0.22 0 98.486 9716.687804
0.21 0.22 1 153.06 22431.3304
0.21 0.22 2 254.802 75001.172796
0.21 0.22 3 229.368 56727.466576
0.21 0.22 4 167.137 29101.148231
0.21 0.22 5 130.265 18034.436775
0.21 0.22 6 111.097 13720.473591
0.21 0.22 7 92.266 8440.367244
0.21 0.22 8 90.303 7849.843191
0.21 0.22 9 77.121 5727.042359
0.21 0.22 10 85.811 6206.933279
0.21 0.22 11 89.119 7271.644839
0.21 0.22 12 94.252 7859.366496
0.21 0.22 13 93.737 7663.615831
0.21 0.22 14 95.253 7565.250991
0.21 0.22 15 102.767 10416.904711
0.21 0.22 16 103.414 7755.322604
0.21 0.22 17 107.828 9108.360416
0.21 0.22 18 111.626 9154.908124
0.21 0.22 19 111.765 9777.985775
0.22 0.23 0 101.371 11334.025359
0.22 0.23 1 159.454 28560.093884
0.22 0.23 2 245.698 61662.976796
0.22 0.23 3 268.198 78629.094796
0.22 0.23 4 185.709 40357.382319
0.22 0.23 5 85.299 6976.805599
0.22 0.23 6 82.696 7118.773584
0.22 0.23 7 77.384 5611.056544
0.22 0.23 8 77.537 5479.766631
0.22 0.23 9 87.616 7611.076544
0.22 0.23 10 91.011 8604.802879
0.22 0.23 11 98.888 10259.041456
0.22 0.23 12 105.475 12122.857375
0.22 0.23 13 109.654 10618.520284
0.22 0.23 14 118.072 15419.522816
0.22 0.23 15 120.673 16518.984071
0.22 0.23 16 134.338 19720.113756
0.22 0.23 17 142.906 21767.249164
0.22 0.23 18 147.91 22446.3199
0.22 0.23 19 145.355 23786.584975
0.23 0.24 0 98.454 9636.155884
0.23 0.24 1 148.863 23673.840231
0.23 0.24 2 266.011 71847.376879
0.23 0.24 3 279.683 82219.406511
0.23 0.24 4 220.243 55248.339951
0.23 0.24 5 138.141 20029.469119
0.23 0.24 6 81.984 6393.779744
0.23 0.24 7 73.46 5000.7124
0.23 0.24 8 69.589 4371.630079
0.23 0.24 9 74.359 4998.752119
0.23 0.24 10 80.662 5766.149756
0.23 0.24 11 81.666 5782.814444
0.23 0.24 12 86.261 6539.562879
0.23 0.24 13 88.611 6418.583679
0.23 0.24 14 92.119 6976.698839
0.23 0.24 15 95.605 7489.646975
0.23 0.24 16 110.194 9130.010364
0.23 0.24 17 106.757 8808.865951
0.23 0.24 18 114.177 8964.141671
0.23 0.24 19 113.689 9852.516279
0.24 0.25 0 95.894 8906.494764
0.24 0.25 1 158.241 26358.888919
0.24 0.25 2 286.453 83907.427791
0.24 0.25 3 310.397 95523.461391
0.24 0.25 4 250.004 67584.305984
0.24 0.25 5 165.802 27220.712796
0.24 0.25 6 111.044 12810.848064
0.24 0.25 7 78.853 5704.139391
0.24 0.25 8 73.088 5156.792256
0.24 0.25 9 77.414 4698.448604
0.24 0.25 10 72.924 4782.820224
0.24 0.25 11 69.986 3798.615804
0.24 0.25 12 76.177 4458.433671
0.24 0.25 13 80.582 5912.729276
0.24 0.25 14 80.806 4674.280364
0.24 0.25 15 84.713 5317.168631
0.24 0.25 16 90.599 6123.106199
0.24 0.25 17 92.659 6665.582719
0.24 0.25 18 97.638 7859.630956
0.24 0.25 19 99.967 7963.841911
0.25 0.26 0 101.085 10660.115775
0.25 0.26 1 153.503 24317.887991
0.25 0.26 2 113.74 13651.6244
0.25 0.26 3 82.493 6883.665951
0.25 0.26 4 63.504 4238.943984
0.25 0.26 5 50.783 2232.151911
0.25 0.26 6 45.861 1875.677679
0.25 0.26 7 45.454 1656.227884
0.25 0.26 8 45.219 1612.547039
0.25 0.26 9 46.932 1878.867376
0.25 0.26 10 55.524 2887.975424
0.25 0.26 11 54.396 2299.161184
0.25 0.26 12 57.785 2778.914775
0.25 0.26 13 63.147 2981.653391
0.25 0.26 14 66.925 3590.569375
0.25 0.26 15 65.304 3115.219584
0.25 0.26 16 70.231 4108.451639
0.25 0.26 17 70.986 3617.829804
0.25 0.26 18 75.139 4830.133679
0.25 0.26 19 82.898 5768.721596
0.26 0.27 0 103.681 10594.315239
0.26 0.27 1 160.656 25636.635664
0.26 0.27 2 120.621 16557.625359
0.26 0.27 3 95.623 9294.768871
0.26 0.27 4 77.505 6225.751975
0.26 0.27 5 76.231 6296.635639
0.26 0.27 6 61.559 3442.704519
0.26 0.27 7 55.026 2520.961324
0.26 0.27 8 58.748 3239.414496
0.26 0.27 9 65.395 3670.602975
0.26 0.27 10 70.621 4850.333359
0.26 0.27 11 73.626 5977.700124
0.26 0.27 12 79.957 6641.071151
0.26 0.27 13 82.988 6310.967856
0.26 0.27 14 90.726 7472.694924
0.26 0.27 15 103.486 10543.997804
0.26 0.27 16 101.319 9934.537239
0.26 0.27 17 110.398 12856.139596
0.26 0.27 18 105.66 12400.0544
0.26 0.27 19 116.407 14427.821351
0.27 0.28 0 99.957 9518.079151
0.27 0.28 1 154.392 22817.658336
0.27 0.28 2 117.583 13328.833111
0.27 0.28 3 103.433 11308.229511
0.27 0.28 4 101.804 10594.139584
0.27 0.28 5 101.615 10797.172775
0.27 0.28 6 84.405 7706.168975
0.27 0.28 7 71.246 4903.657484
0.27 0.28 8 72.388 5586.931456
0.27 0.28 9 79.766 6640.215244
0.27 0.28 10 87.938 7589.386156
0.27 0.28 11 92.55 8020.8355
0.27 0.28 12 107.993 11160.378951
0.27 0.28 13 109.491 13862.373919
0.27 0.28 14 113.408 14238.025536
0.27 0.28 15 123.877 17629.175871
0.27 0.28 16 142.026 25948.619324
0.27 0.28 17 143.647 26166.204391
0.27 0.28 18 158.532 31793.172976
0.27 0.28 19 156.227 32092.923471
0.28 0.29 0 100.595 9643.376975
0.28 0.29 1 155.574 24528.876524
0.28 0.29 2 130.009 17193.296919
0.28 0.29 3 124.049 16856.042599
0.28 0.29 4 113.143 13908.834551
0.28 0.29 5 78.554 6098.231084
0.28 0.29 6 62.065 3346.272775
0.28 0.29 7 63.918 4173.279276
0.28 0.29 8 72.084 4747.036944
0.28 0.29 9 76.915 6435.529775
0.28 0.29 10 83.411 7021.642079
0.28 0.29 11 85.797 7794.889791
0.28 0.29 12 94.484 9521.299744
0.28 0.29 13 106.826 13124.835724
0.28 0.29 14 105.55 11748.5315
0.28 0.29 15 117.182 15382.400876
0.28 0.29 16 117.803 14816.722191
0.28 0.29 17 129.845 19735.784975
0.28 0.29 18 138.682 23569.440876
0.28 0.29 19 148.778 25589.224716
0.29 0.3 0 100.438 9386.606156
0.29 0.3 1 151.735 22114.598775
0.29 0.3 2 130.705 16104.559975
0.29 0.3 3 123.872 16626.847616
0.29 0.3 4 124.749 15072.363999
0.29 0.3 5 96.332 10618.427776
0.29 0.3 6 81.23 6124.1891
0.29 0.3 7 74.602 5696.795596
0.29 0.3 8 81.014 5666.985804
0.29 0.3 9 98.949 9653.590399
0.29 0.3 10 98.593 10903.751351
0.29 0.3 11 112.291 13466.054319
0.29 0.3 12 120.39 16470.8479
0.29 0.3 13 134.555 23470.542975
0.29 0.3 14 158.013 31984.474831
0.29 0.3 15 150.027 30202.954271
0.29 0.3 16 184.422 42395.603916
0.29 0.3 17 183.043 41327.427151
0.29 0.3 18 196.266 50412.251244
0.29 0.3 19 218.267 63814.255711
0.3 0.31 0 101.465 9671.168775
0.3 0.31 1 153.118 25398.212076
0.3 0.31 2 133.611 16882.113679
0.3 0.31 3 129.371 16195.931359
0.3 0.31 4 141.748 21340.600496
0.3 0.31 5 114.289 14688.263479
0.3 0.31 6 87.944 7655.782864
0.3 0.31 7 82.358 7016.419836
0.3 0.31 8 79.012 7169.269856
0.3 0.31 9 94.263 8942.919831
0.3 0.31 10 105.031 13284.566039
0.3 0.31 11 113.919 14330.190439
0.3 0.31 12 118.138 14692.802956
0.3 0.31 13 133.803 20645.470191
0.3 0.31 14 135.764 21964.110304
0.3 0.31 15 149.533 27454.994911
0.3 0.31 16 153.489 29054.259879
0.3 0.31 17 167.366 40368.096044
0.3 0.31 18 186.647 48468.090391
0.3 0.31 19 192.322 53190.730316
0.31 0.32 0 99.33 9819.4811
0.31 0.32 1 161.372 26247.687616
0.31 0.32 2 140.055 21100.955975
0.31 0.32 3 133.247 17145.595991
0.31 0.32 4 102.765 10499.019775
0.31 0.32 5 81.744 5724.750464
0.31 0.32 6 64.227 4034.971471
0.31 0.32 7 67.936 4295.535904
0.31 0.32 8 73.731 5197.768639
0.31 0.32 9 80.204 7145.888384
0.31 0.32 10 84.265 7211.012775
0.31 0.32 11 87.74 9114.5184
0.31 0.32 12 97.791 11548.693319
0.31 0.32 13 98.983 11289.990711
0.31 0.32 14 101.353 14022.352391
0.31 0.32 15 112.293 14645.097151
0.31 0.32 16 129.148 20419.160096
0.31 0.32 17 126.098 20107.764396
0.31 0.32 18 141.992 28066.261936
0.31 0.32 19 156.522 33497.675516
0.32 0.33 0 101.847 10826.273591
0.32 0.33 1 165.673 29436.406071
0.32 0.33 2 139.431 19531.991239
0.32 0.33 3 141.56 21218.5904
0.32 0.33 4 106.816 12349.030144
0.32 0.33 5 95.177 9193.779671
0.32 0.33 6 86.684 7231.986144
0.32 0.33 7 80.413 6529.774431
0.32 0.33 8 91.05 8706.2295
0.32 0.33 9 102.395 12137.598975
0.32 0.33 10 112.427 14947.520671
0.32 0.33 11 124.702 18827.565196
0.32 0.33 12 139.737 27785.175831
0.32 0.33 13 155.208 30226.264736
0.32 0.33 14 180.554 39028.881084
0.32 0.33 15 185.475 44525.263375
0.32 0.33 16 212.952 59355.473696
0.32 0.33 17 226.821 65699.428959
0.32 0.33 18 246.335 82498.296775
0.32 0.33 19 264.021 101800.514559
0.33 0.34 0 96.631 9664.694839
0.33 0.34 1 164.574 31005.586524
0.33 0.34 2 136.373 17880.837871
0.33 0.34 3 153.532 24231.578976
0.33 0.34 4 117.243 14486.387951
0.33 0.34 5 106.486 11765.699804
0.33 0.34 6 97.082 9788.819276
0.33 0.34 7 93.19 11119.7579
0.33 0.34 8 108.449 12283.811399
0.33 0.34 9 119.228 15520.570016
0.33 0.34 10 132.724 22648.569824
0.33 0.34 11 147.96 25952.2284
0.33 0.34 12 174.162 37083.837756
0.33 0.34 13 194.047 41496.728791
0.33 0.34 14 214.361 57402.206679
0.33 0.34 15 233.868 67828.158576
0.33 0.34 16 242.41 72386.6919
0.33 0.34 17 260.452 92545.465696
0.33 0.34 18 309.733 124302.691711
0.33 0.34 19 362.513 158265.433831
0.34 0.35 0 97.68 9671.0476
0.34 0.35 1 165.668 28143.067776
0.34 0.35 2 142.672 19677.574416
0.34 0.35 3 170.341 29660.462719
0.34 0.35 4 136.731 19012.822639
0.34 0.35 5 94.388 9070.923456
0.34 0.35 6 77.969 6180.724039
0.34 0.35 7 80.957 7184.507151
0.34 0.35 8 88.553 8386.543191
0.34 0.35 9 93.833 9995.677111
0.34 0.35 10 113.17 14534.0791
0.34 0.35 11 112.135 14726.704775
0.34 0.35 12 135.649 21095.635799
0.34 0.35 13 140.507 24329.791951
0.34 0.35 14 159.415 35890.366775
0.34 0.35 15 162.786 34876.218204
0.34 0.35 16 181.511 57541.251879
0.34 0.35 17 199.773 53070.675471
0.34 0.35 18 214.689 69520.846279
0.34 0.35 19 220.344 72759.327664
0.35 0.36 0 95.949 9040.170399
0.35 0.36 1 162.5 26557.356
0.35 0.36 2 138.963 19338.099631
0.35 0.36 3 169.456 27067.092064
0.35 0.36 4 134.88 21314.5316
0.35 0.36 5 104.475 11454.603375
0.35 0.36 6 99.89 10189.1659
0.35 0.36 7 100.183 10724.283511
0.35 0.36 8 98.407 10818.979351
0.35 0.36 9 108.896 13212.125184
0.35 0.36 10 114.436 15237.913904
0.35 0.36 11 135.803 21975.674191
0.35 0.36 12 145.538 24704.088556
0.35 0.36 13 145.399 26702.883799
0.35 0.36 14 160.417 32594.835111
0.35 0.36 15 187.779 47195.822159
0.35 0.36 16 196.094 53578.653164
0.35 0.36 17 219.098 70723.878396
0.35 0.36 18 248.421 94284.749759
0.35 0.36 19 235.074 81581.376524
0.36 0.37 0 100.448 9346.051296
0.36 0.37 1 161.548 24456.569696
0.36 0.37 2 145.889 22234.154679
0.36 0.37 3 189.843 40076.684351
0.36 0.37 4 152.159 23083.445719
0.36 0.37 5 120.807 14313.373751
0.36 0.37 6 94.119 9091.198839
0.36 0.37 7 85.383 8261.974311
0.36 0.37 8 98.672 10586.782416
0.36 0.37 9 108.557 12773.954751
0.36 0.37 10 111.28 15105.2656
0.36 0.37 11 130.571 22210.516959
0.36 0.37 12 132.953 21178.046791
0.36 0.37 13 150.878 28547.513116
0.36 0.37 14 149.284 30348.419344
0.36 0.37 15 165.495 37062.027975
0.36 0.37 16 187.671 49506.452759
0.36 0.37 17 202.077 61537.259071
0.36 0.37 18 218.882 71705.286076
0.36 0.37 19 229.061 91371.867279
0.37 0.38 0 99.205 9183.732975
0.37 0.38 1 160.558 25399.460636
0.37 0.38 2 142.199 22116.457399
0.37 0.38 3 143.064 22693.105904
0.37 0.38 4 113.707 12384.751151
0.37 0.38 5 80.901 6068.999199
0.37 0.38 6 64.785 3903.610775
0.37 0.38 7 55.577 2639.816071
0.37 0.38 8 55.253 2415.446991
0.37 0.38 9 55.131 2439.277839
0.37 0.38 10 61.934 3059.975644
0.37 0.38 11 60.87 3196.5291
0.37 0.38 12 60.429 2790.920959
0.37 0.38 13 67.643 3339.075551
0.37 0.38 14 72.88 4087.1136
0.37 0.38 15 74.969 3741.280039
0.37 0.38 16 77.686 4945.639404
0.37 0.38 17 76.4 4192.04
0.37 0.38 18 80.085 4323.325775
0.37 0.38 19 83.867 5813.145311
0.38 0.39 0 94.005 8698.350975
0.38 0.39 1 167.878 26282.837116
0.38 0.39 2 144.643 22199.617551
0.38 0.39 3 127.451 17599.361599
0.38 0.39 4 99.013 9856.508831
0.38 0.39 5 81.949 6671.898399
0.38 0.39 6 73.553 5433.715191
0.38 0.39 7 72.923 5078.035071
0.38 0.39 8 78.228 6526.828016
0.38 0.39 9 77.365 6020.317775
0.38 0.39 10 92.148 9194.906096
0.38 0.39 11 96.813 13136.640031
0.38 0.39 12 99.72 10770.4016
0.38 0.39 13 115.928 15595.702816
0.38 0.39 14 123.723 19257.282271
0.38 0.39 15 131.192 22306.009136
0.38 0.39 16 143.962 29534.840556
0.38 0.39 17 158.291 38245.364319
0.38 0.39 18 169.473 44833.369271
0.38 0.39 19 177.937 45333.811031
0.39 0.4 0 95.367 8642.036311
0.39 0.4 1 175.483 30771.811711
0.39 0.4 2 148.461 20390.024479
0.39 0.4 3 122.524 14641.129424
0.39 0.4 4 102.683 10356.758511
0.39 0.4 5 95.869 9295.409839
0.39 0.4 6 78.12 6008.2556
0.39 0.4 7 83.236 7662.386304
0.39 0.4 8 79.596 7779.832784
0.39 0.4 9 90.444 9298.210864
0.39 0.4 10 92.876 10137.496624
0.39 0.4 11 107.321 12272.149959
0.39 0.4 12 116.921 16682.724759
0.39 0.4 13 129.834 20775.988444
0.39 0.4 14 141.411 24447.548079
0.39 0.4 15 143.073 26056.087671
0.39 0.4 16 158.702 33110.893196
0.39 0.4 17 182.617 46448.768311
0.39 0.4 18 181.369 47081.078839
0.39 0.4 19 203.259 66579.313919
0.4 0.41 0 99.463 10400.700631
0.4 0.41 1 173.396 33995.185184
0.4 0.41 2 149.964 22374.046704
0.4 0.41 3 130.736 18230.480304
0.4 0.41 4 108.043 11034.911151
0.4 0.41 5 91.335 8373.054775
0.4 0.41 6 80.409 6833.839719
0.4 0.41 7 75.666 6120.288444
0.4 0.41 8 80.983 6574.330711
0.4 0.41 9 90.565 9921.011775
0.4 0.41 10 96.167 10237.275111
0.4 0.41 11 111.97 15661.8971
0.4 0.41 12 126.282 26842.786476
0.4 0.41 13 124.41 19268.7399
0.4 0.41 14 128.975 26489.480375
0.4 0.41 15 147.373 28425.855871
0.4 0.41 16 160.722 39679.164716
0.4 0.41 17 167.857 40549.958551
0.4 0.41 18 186.117 50353.655311
0.4 0.41 19 197.512 65812.531856
0.41 0.42 0 99.221 9090.326159
0.41 0.42 1 176.713 33552.800631
0.41 0.42 2 158.615 27752.236775
0.41 0.42 3 127.671 17239.368759
0.41 0.42 4 112.238 12255.823356
0.41 0.42 5 101.347 11438.988591
0.41 0.42 6 85.454 7928.303884
0.41 0.42 7 92.459 8852.792319
0.41 0.42 8 95.909 10955.378719
0.41 0.42 9 110.252 13942.986496
0.41 0.42 10 132.077 22322.453071
0.41 0.42 11 149.11 30827.6099
0.41 0.42 12 160.004 35041.371984
0.41 0.42 13 189.107 53109.103551
0.41 0.42 14 210.127 66197.196871
0.41 0.42 15 234.677 89196.320671
0.41 0.42 16 247.982 91213.777676
0.41 0.42 17 269.789 115921.636479
0.41 0.42 18 304.138 140877.946956
0.41 0.42 19 321.665 162849.056775
0.42 0.43 0 98.773 8476.353471
0.42 0.43 1 195.369 41611.966839
0.42 0.43 2 155.829 22634.629759
0.42 0.43 3 132.42 16988.7316
0.42 0.43 4 125.576 16530.938224
0.42 0.43 5 105.551 12476.733399
0.42 0.43 6 88.923 8315.611071
0.42 0.43 7 95.801 10015.963399
0.42 0.43 8 105.534 13289.424844
0.42 0.43 9 116.467 16828.388911
0.42 0.43 10 131.449 22618.931399
0.42 0.43 11 140.705 30745.225975
0.42 0.43 12 163.206 35796.117564
0.42 0.43 13 184.767 50104.992711
0.42 0.43 14 197.624 62315.686624
0.42 0.43 15 209.012 65358.527856
0.42 0.43 16 236.497 94665.573991
0.42 0.43 17 250.655 110154.831975
0.42 0.43 18 274.9 135987.194
0.42 0.43 19 281.179 152318.464959
0.43 0.44 0 97.216 9361.083344
0.43 0.44 1 178.237 33687.666831
0.43 0.44 2 167.52 28729.1196
0.43 0.44 3 132.046 19159.081884
0.43 0.44 4 119.278 14703.154716
0.43 0.44 5 95.994 8996.929964
0.43 0.44 6 78.093 6645.412351
0.43 0.44 7 71.254 4734.561484
0.43 0.44 8 68.937 4487.833031
0.43 0.44 9 65.091 3883.646719
0.43 0.44 10 73.57 4647.4491
0.43 0.44 11 69.803 4424.620191
0.43 0.44 12 76.295 5910.445975
0.43 0.44 13 79.293 5762.349151
0.43 0.44 14 82.203 5221.687791
0.43 0.44 15 86.148 6171.984096
0.43 0.44 16 92.282 8395.314476
0.43 0.44 17 93.624 7201.668624
0.43 0.44 18 98.611 7737.639679
0.43 0.44 19 99.323 7626.158671
0.44 0.45 0 100.906 9991.457164
0.44 0.45 1 190.006 35538.847964
0.44 0.45 2 153.806 26555.480364
0.44 0.45 3 129.124 16000.894624
0.44 0.45 4 105.951 11392.708599
0.44 0.45 5 85.834 7187.480444
0.44 0.45 6 71.165 5123.601775
0.44 0.45 7 73.179 4828.468959
0.44 0.45 8 71.412 5275.564256
0.44 0.45 9 72.254 5046.601484
0.44 0.45 10 87.016 7586.671744
0.44 0.45 11 90.574 8662.786524
0.44 0.45 12 94.158 9275.943036
0.44 0.45 13 100.391 9848.714119
0.44 0.45 14 119.232 14650.620176
0.44 0.45 15 126.838 18434.705756
0.44 0.45 16 130.222 19075.382716
0.44 0.45 17 136.649 26998.169799
0.44 0.45 18 149.861 30487.249679
0.44 0.45 19 168.121 37050.546359
0.45 0.46 0 98.669 9507.421439
0.45 0.46 1 184.385 31348.846775
0.45 0.46 2 157.756 25458.926464
0.45 0.46 3 138.429 17841.828959
0.45 0.46 4 105.727 12149.098471
0.45 0.46 5 96.99 9970.8859
0.45 0.46 6 72.27 5423.3371
0.45 0.46 7 74.855 6243.437975
0.45 0.46 8 84.262 8369.909356
0.45 0.46 9 91.582 8534.915276
0.45 0.46 10 103.3 11418.754
0.45 0.46 11 113.217 14566.379911
0.45 0.46 12 121.845 18995.758975
0.45 0.46 13 140.783 25811.141911
0.45 0.46 14 148.366 28901.326044
0.45 0.46 15 162.386 32135.263004
0.45 0.46 16 177.399 44423.853799
0.45 0.46 17 188.485 50671.281775
0.45 0.46 18 198.765 62011.393775
0.45 0.46 19 210.518 75221.259676
0.46 0.47 0 101.338 10270.429756
0.46 0.47 1 194.483 39915.151711
0.46 0.47 2 168.003 29412.354991
0.46 0.47 3 149.458 25460.866236
0.46 0.47 4 113.446 13851.619084
0.46 0.47 5 89.862 8790.016956
0.46 0.47 6 79.794 6350.203564
0.46 0.47 7 70.027 5468.436271
0.46 0.47 8 72.594 5637.929164
0.46 0.47 9 69.434 4335.295644
0.46 0.47 10 81.767 6427.066711
0.46 0.47 11 86.781 7481.969039
0.46 0.47 12 86.356 7567.091264
0.46 0.47 13 89.553 7576.133191
0.46 0.47 14 90.606 7735.314764
0.46 0.47 15 96.595 9100.692975
0.46 0.47 16 104.381 9619.509839
0.46 0.47 17 107.088 9376.456256
0.46 0.47 18 107.482 9483.677676
0.46 0.47 19 117.848 12885.408896
0.47 0.48 0 110.907 13506.314351
0.47 0.48 1 182.972 31494.485216
0.47 0.48 2 171.655 31211.591975
0.47 0.48 3 138.052 21058.191296
0.47 0.48 4 108.188 11799.070656
0.47 0.48 5 89.673 7840.738071
0.47 0.48 6 76.4 5881.674
0.47 0.48 7 70.737 4817.285831
0.47 0.48 8 68.833 4036.649111
0.47 0.48 9 76.007 5669.902951
0.47 0.48 10 80.882 6222.938076
0.47 0.48 11 84.685 7168.319775
0.47 0.48 12 97.939 9696.175279
0.47 0.48 13 96.442 9335.130636
0.47 0.48 14 109.552 12632.867296
0.47 0.48 15 113.83 12913.4771
0.47 0.48 16 113.06 13584.9224
0.47 0.48 17 121.783 14819.177911
0.47 0.48 18 129.061 19979.011279
0.47 0.48 19 130.322 16740.456316
0.48 0.49 0 100.778 9030.284716
0.48 0.49 1 197.004 38888.501984
0.48 0.49 2 174.51 31581.1479
0.48 0.49 3 148.408 24586.985536
0.48 0.49 4 110.524 12299.387424
0.48 0.49 5 92.429 8565.286959
0.48 0.49 6 65.924 4016.256224
0.48 0.49 7 61.811 3884.353279
0.48 0.49 8 64.063 3972.991031
0.48 0.49 9 67.959 3571.929319
0.48 0.49 10 70.819 4274.956239
0.48 0.49 11 76.297 5056.680791
0.48 0.49 12 79.466 5187.068844
0.48 0.49 13 80.382 5579.510076
0.48 0.49 14 84.117 6040.371311
0.48 0.49 15 85.975 6021.536375
0.48 0.49 16 90.569 6280.833239
0.48 0.49 17 91.897 6493.716391
0.48 0.49 18 102.721 7635.583159
0.48 0.49 19 102.708 9074.268736
0.49 0.5 0 101.662 9692.595756
0.49 0.5 1 200.315 50381.815775
0.49 0.5 2 176.941 34868.399519
0.49 0.5 3 148.578 22588.177916
0.49 0.5 4 112.832 13109.815776
0.49 0.5 5 88.721 7736.327159
0.49 0.5 6 68.721 4376.843159
0.49 0.5 7 58.52 2891.5396
0.49 0.5 8 54.193 2629.913751
0.49 0.5 9 55.913 2481.591431
0.49 0.5 10 60.345 2839.651975
0.49 0.5 11 57.842 2603.339036
0.49 0.5 12 62.063 3123.505031
0.49 0.5 13 66.556 3649.478864
0.49 0.5 14 66.151 2957.778199
0.49 0.5 15 69.137 4011.754231
0.49 0.5 16 71.341 4397.006719
0.49 0.5 17 72.959 3680.315319
0.49 0.5 18 80.714 4596.036204
0.49 0.5 19 78.71 4503.9279
0.5 0.51 0 101.207 10255.398151
0.5 0.51 1 199.032 42616.962976
0.5 0.51 2 162.84 26782.2724
0.5 0.51 3 151.634 25486.698044
0.5 0.51 4 111.206 13152.323564
0.5 0.51 5 82.939 6446.587279
0.5 0.51 6 71.519 5633.571639
0.5 0.51 7 58.519 3134.171639
0.5 0.51 8 56.332 3068.807776
0.5 0.51 9 58.627 2569.721871
0.5 0.51 10 60.304 2618.505584
0.5 0.51 11 60.604 3016.541184
0.5 0.51 12 62.607 3231.008551
0.5 0.51 13 62.711 3174.649479
0.5 0.51 14 70.253 3746.820991
0.5 0.51 15 71.234 4030.761244
0.5 0.51 16 75.906 4201.475164
0.5 0.51 17 81.051 4669.886399
0.5 0.51 18 78.54 4744.7464
0.5 0.51 19 82.816 4191.794144
0.51 0.52 0 96.367 9378.404311
0.51 0.52 1 193.644 40751.421264
0.51 0.52 2 178.082 33040.723276
0.51 0.52 3 147.349 18639.561199
0.51 0.52 4 120.804 14505.523584
0.51 0.52 5 87.546 7097.945884
0.51 0.52 6 66.391 4421.890119
0.51 0.52 7 65.383 4381.670311
0.51 0.52 8 63.436 4070.389904
0.51 0.52 9 66.556 3973.376864
0.51 0.52 10 70.461 4651.550479
0.51 0.52 11 68.386 4374.113004
0.51 0.52 12 76.064 4809.453904
0.51 0.52 13 78.281 5255.052039
0.51 0.52 14 79.664 6011.741104
0.51 0.52 15 89.575 6959.130375
0.51 0.52 16 89.802 7192.994796
0.51 0.52 17 93.0 7630.026
0.51 0.52 18 97.722 7354.040716
0.51 0.52 19 105.344 8812.927664
0.52 0.53 0 104.631 11941.360839
0.52 0.53 1 196.751 43384.592999
0.52 0.53 2 162.916 28447.910944
0.52 0.53 3 138.865 21024.540775
0.52 0.53 4 107.569 11825.987239
0.52 0.53 5 87.532 7322.936976
0.52 0.53 6 72.173 4907.499071
0.52 0.53 7 66.953 4107.226791
0.52 0.53 8 68.384 4465.212544
0.52 0.53 9 79.531 7110.761039
0.52 0.53 10 83.773 6998.987471
0.52 0.53 11 87.456 7460.204064
0.52 0.53 12 93.617 8073.914311
0.52 0.53 13 99.31 9220.6279
0.52 0.53 14 101.583 11101.089111
0.52 0.53 15 106.52 11148.6556
0.52 0.53 16 111.026 13526.965324
0.52 0.53 17 130.271 17711.421559
0.52 0.53 18 138.43 22227.1631
0.52 0.53 19 146.341 25507.050719
0.53 0.54 0 99.539 9784.168479
0.53 0.54 1 189.87 31039.9571
0.53 0.54 2 169.489 29306.501879
0.53 0.54 3 138.275 19060.629375
0.53 0.54 4 108.651 12880.221199
0.53 0.54 5 89.882 8051.252076
0.53 0.54 6 80.538 7008.698556
0.53 0.54 7 71.173 5305.583071
0.53 0.54 8 73.975 5411.564375
0.53 0.54 9 73.896 5710.637184
0.53 0.54 10 80.059 6678.577519
0.53 0.54 11 79.097 5586.171591
0.53 0.54 12 82.128 6046.631616
0.53 0.54 13 91.378 7156.667116
0.53 0.54 14 93.681 7887.539239
0.53 0.54 15 96.588 8622.194256
0.53 0.54 16 97.334 8160.640444
0.53 0.54 17 109.317 9708.728511
0.53 0.54 18 112.084 11735.256944
0.53 0.54 19 115.15 11150.2795
0.54 0.55 0 97.814 8831.643404
0.54 0.55 1 183.972 32830.985216
0.54 0.55 2 160.013 23220.310831
0.54 0.55 3 128.818 17361.854876
0.54 0.55 4 105.201 12137.078599
0.54 0.55 5 92.026 8971.635324
0.54 0.55 6 78.35 6807.1735
0.54 0.55 7 74.994 6181.811964
0.54 0.55 8 82.707 7374.853151
0.54 0.55 9 98.5 11576.398
0.54 0.55 10 98.804 11854.827584
0.54 0.55 11 105.309 13967.371519
0.54 0.55 12 126.977 21732.744471
0.54 0.55 13 134.529 21986.901159
0.54 0.55 14 144.084 27009.662944
0.54 0.55 15 156.027 31871.174271
0.54 0.55 16 175.006 46981.567964
0.54 0.55 17 191.222 52966.358716
0.54 0.55 18 199.191 59332.880519
0.54 0.55 19 211.302 69835.226796
0.55 0.56 0 95.447 8814.393191
0.55 0.56 1 187.836 34192.701104
0.55 0.56 2 169.988 27443.377856
0.55 0.56 3 131.42 17716.4756
0.55 0.56 4 100.458 10554.540236
0.55 0.56 5 83.257 6515.868951
0.55 0.56 6 75.702 5900.871196
0.55 0.56 7 69.76 4374.4604
0.55 0.56 8 72.687 4970.189031
0.55 0.56 9 79.576 6303.776224
0.55 0.56 10 83.503 6724.569991
0.55 0.56 11 96.51 10696.7519
0.55 0.56 12 98.499 10865.275999
0.55 0.56 13 105.889 12254.130679
0.55 0.56 14 116.838 16153.133756
0.55 0.56 15 128.247 18862.695991
0.55 0.56 16 136.802 22998.492796
0.55 0.56 17 133.982 22681.395676
0.55 0.56 18 149.709 30938.574319
0.55 0.56 19 161.025 36220.982375
0.56 0.57 0 105.936 11298.159904
0.56 0.57 1 182.666 32259.660444
0.56 0.57 2 164.577 25058.102071
0.56 0.57 3 132.499 19489.487999
0.56 0.57 4 124.784 16429.517344
0.56 0.57 5 88.445 8332.562975
0.56 0.57 6 72.452 4831.735696
0.56 0.57 7 64.992 3729.239936
0.56 0.57 8 64.226 3579.288924
0.56 0.57 9 69.209 4401.865319
0.56 0.57 10 71.088 4314.436256
0.56 0.57 11 73.415 5098.310775
0.56 0.57 12 76.964 4900.132704
0.56 0.57 13 78.948 5939.491296
0.56 0.57 14 80.327 6958.208071
0.56 0.57 15 88.698 7218.126796
0.56 0.57 16 86.56 5860.7964
0.56 0.57 17 96.969 8700.916039
0.56 0.57 18 97.811 8497.731279
0.56 0.57 19 101.591 8107.643719
0.57 0.58 0 100.774 9741.776924
0.57 0.58 1 184.14 32872.9304
0.57 0.58 2 150.055 24576.793975
0.57 0.58 3 133.508 20064.013936
0.57 0.58 4 125.33 16155.4311
0.57 0.58 5 108.445 12453.642975
0.57 0.58 6 89.123 8085.807871
0.57 0.58 7 91.544 9688.874064
0.57 0.58 8 105.632 13570.930576
0.57 0.58 9 113.621 17162.161359
0.57 0.58 10 127.113 23260.022231
0.57 0.58 11 147.949 31837.420399
0.57 0.58 12 161.673 40946.998071
0.57 0.58 13 175.456 47939.306064
0.57 0.58 14 200.014 61370.875804
0.57 0.58 15 212.247 79802.847991
0.57 0.58 16 228.563 87795.490031
0.57 0.58 17 250.107 110248.899551
0.57 0.58 18 263.82 121708.6336
0.57 0.58 19 289.271 158574.977559
0.58 0.59 0 98.477 10003.625471
0.58 0.59 1 173.552 28413.535296
0.58 0.59 2 156.397 23557.297391
0.58 0.59 3 126.491 14494.045919
0.58 0.59 4 116.376 14055.194624
0.58 0.59 5 95.442 10115.296636
0.58 0.59 6 97.036 9096.408704
0.58 0.59 7 92.647 9419.512391
0.58 0.59 8 102.885 12020.863775
0.58 0.59 9 117.552 16185.323296
0.58 0.59 10 135.727 21968.668471
0.58 0.59 11 156.224 31182.425824
0.58 0.59 12 155.081 30250.702439
0.58 0.59 13 190.881 54632.090839
0.58 0.59 14 204.405 59763.750975
0.58 0.59 15 226.634 67179.346044
0.58 0.59 16 255.146 97079.874684
0.58 0.59 17 272.475 105463.035375
0.58 0.59 18 298.531 139233.557039
0.58 0.59 19 319.901 180723.681199
0.59 0.6 0 101.15 11027.5695
0.59 0.6 1 175.01 27265.0439
0.59 0.6 2 166.166 28043.034444
0.59 0.6 3 125.466 15615.678844
0.59 0.6 4 108.834 12978.950444
0.59 0.6 5 92.487 8405.947831
0.59 0.6 6 80.959 7679.517319
0.59 0.6 7 73.509 5445.659919
0.59 0.6 8 83.256 7986.240464
0.59 0.6 9 89.047 8729.852791
0.59 0.6 10 101.117 12070.357311
0.59 0.6 11 107.775 15771.230375
0.59 0.6 12 122.383 17145.886311
0.59 0.6 13 132.066 23019.859644
0.59 0.6 14 145.18 26366.6216
0.59 0.6 15 154.233 35189.646711
0.59 0.6 16 159.951 35970.068599
0.59 0.6 17 184.693 50571.862751
0.59 0.6 18 186.853 48709.303391
0.59 0.6 19 207.977 80773.466471
0.6 0.61 0 101.576 11091.192224
0.6 0.61 1 174.604 31297.411184
0.6 0.61 2 149.225 23366.384375
0.6 0.61 3 126.963 17674.443631
0.6 0.61 4 100.478 10322.237516
0.6 0.61 5 96.055 8439.985975
0.6 0.61 6 78.061 5943.111279
0.6 0.61 7 77.651 6319.613199
0.6 0.61 8 87.072 7527.642816
0.6 0.61 9 90.168 8734.587776
0.6 0.61 10 99.136 10515.635504
0.6 0.61 11 109.474 13258.371324
0.6 0.61 12 122.144 18600.009264
0.6 0.61 13 133.986 21850.567804
0.6 0.61 14 128.357 19544.537551
0.6 0.61 15 144.302 26822.950796
0.6 0.61 16 166.807 34993.849751
0.6 0.61 17 164.435 35822.219775
0.6 0.61 18 194.19 58743.5879
0.6 0.61 19 193.541 58697.710319
0.61 0.62 0 100.283 9730.406911
0.61 0.62 1 151.872 20848.883616
0.61 0.62 2 147.148 24197.636096
0.61 0.62 3 119.787 14231.761631
0.61 0.62 4 97.42 9267.6816
0.61 0.62 5 76.549 5688.399599
0.61 0.62 6 75.534 5580.518844
0.61 0.62 7 71.538 4970.216556
0.61 0.62 8 75.224 5853.623824
0.61 0.62 9 83.989 7340.708879
0.61 0.62 10 88.55 9389.8575
0.61 0.62 11 99.088 10752.840256
0.61 0.62 12 106.842 11176.239036
0.61 0.62 13 116.612 14826.117456
0.61 0.62 14 128.545 20662.647975
0.61 0.62 15 136.098 23560.746396
0.61 0.62 16 147.405 29751.316975
0.61 0.62 17 158.16 34042.1804
0.61 0.62 18 165.552 44287.675296
0.61 0.62 19 183.138 53283.026956
0.62 0.63 0 103.704 10624.040384
0.62 0.63 1 161.807 25150.459751
0.62 0.63 2 145.249 20673.688999
0.62 0.63 3 140.676 20205.995024
0.62 0.63 4 108.877 11672.029871
0.62 0.63 5 83.036 6929.060704
0.62 0.63 6 59.163 3303.056431
0.62 0.63 7 56.302 2754.080796
0.62 0.63 8 54.723 2874.642271
0.62 0.63 9 57.594 2749.553164
0.62 0.63 10 58.205 2778.488975
0.62 0.63 11 57.853 2561.991391
0.62 0.63 12 64.221 3357.976159
0.62 0.63 13 63.948 2925.859296
0.62 0.63 14 71.486 4770.535804
0.62 0.63 15 72.265 3884.970775
0.62 0.63 16 74.911 4177.805079
0.62 0.63 17 85.01 6049.4139
0.62 0.63 18 85.603 5477.725391
0.62 0.63 19 88.693 6608.644751
0.63 0.64 0 98.402 9255.886396
0.63 0.64 1 164.865 29225.330775
0.63 0.64 2 150.318 24439.066876
0.63 0.64 3 178.35 31865.0595
0.63 0.64 4 161.787 27433.889631
0.63 0.64 5 118.399 14736.801799
0.63 0.64 6 94.311 11307.476279
0.63 0.64 7 82.617 7447.548311
0.63 0.64 8 94.606 9999.616764
0.63 0.64 9 94.727 11871.720471
0.63 0.64 10 107.651 13606.749199
0.63 0.64 11 123.968 19950.088976
0.63 0.64 12 139.596 27432.642784
0.63 0.64 13 151.516 31802.287744
0.63 0.64 14 153.899 32337.986799
0.63 0.64 15 181.172 44580.648416
0.63 0.64 16 193.335 48744.786775
0.63 0.64 17 189.678 50962.420316
0.63 0.64 18 237.118 78504.956076
0.63 0.64 19 224.543 85301.998151
0.64 0.65 0 100.156 10089.031664
0.64 0.65 1 161.55 28467.4275
0.64 0.65 2 138.468 19740.362976
0.64 0.65 3 166.098 28847.174396
0.64 0.65 4 154.264 25003.970304
0.64 0.65 5 105.019 12536.842639
0.64 0.65 6 96.79 9369.3939
0.64 0.65 7 96.092 10324.001536
0.64 0.65 8 99.921 11235.326759
0.64 0.65 9 104.748 13364.710496
0.64 0.65 10 111.701 13215.859599
0.64 0.65 11 132.601 21023.815799
0.64 0.65 12 143.488 24648.615856
0.64 0.65 13 139.221 25590.942159
0.64 0.65 14 164.271 39514.241559
0.64 0.65 15 176.136 36799.383504
0.64 0.65 16 187.172 48552.270416
0.64 0.65 17 220.716 63334.387344
0.64 0.65 18 255.421 96697.767759
0.64 0.65 19 258.646 113112.496684
0.65 0.66 0 104.263 10991.597831
0.65 0.66 1 165.045 27280.876975
0.65 0.66 2 136.225 19748.690375
0.65 0.66 3 165.113 28647.536231
0.65 0.66 4 127.985 17693.578775
0.65 0.66 5 95.935 9057.566775
0.65 0.66 6 81.263 6749.729831
0.65 0.66 7 81.324 7567.425024
0.65 0.66 8 84.174 7241.907724
0.65 0.66 9 96.264 9169.614304
0.65 0.66 10 104.773 13918.959471
0.65 0.66 11 117.387 17218.763231
0.65 0.66 12 129.346 20594.776284
0.65 0.66 13 142.692 24475.299136
0.65 0.66 14 149.034 31583.374844
0.65 0.66 15 166.698 36121.644796
0.65 0.66 16 181.458 51421.230236
0.65 0.66 17 186.842 55417.011036
0.65 0.66 18 205.657 66709.157351
0.65 0.66 19 232.957 81821.655151
0.66 0.67 0 98.193 9512.251751
0.66 0.67 1 153.512 21947.621856
0.66 0.67 2 142.975 19630.904375
0.66 0.67 3 143.459 22821.928319
0.66 0.67 4 117.154 14255.838284
0.66 0.67 5 111.636 12462.135504
0.66 0.67 6 99.603 10614.413391
0.66 0.67 7 102.76 11963.6264
0.66 0.67 8 110.49 14076.0719
0.66 0.67 9 116.36 14886.2984
0.66 0.67 10 138.61 20435.5519
0.66 0.67 11 159.097 28789.743591
0.66 0.67 12 178.971 40585.760159
0.66 0.67 13 184.417 44575.687111
0.66 0.67 14 203.912 50384.164256
0.66 0.67 15 231.512 71496.901856
0.66 0.67 16 244.16 71047.3104
0.66 0.67 17 269.558 99041.968636
0.66 0.67 18 321.182 145554.928876
0.66 0.67 19 341.135 177114.504775
0.67 0.68 0 101.528 9598.599216
0.67 0.68 1 162.402 26925.848396
0.67 0.68 2 138.445 18722.794975
0.67 0.68 3 143.813 21521.854031
0.67 0.68 4 104.085 12343.267775
0.67 0.68 5 92.619 7936.603839
0.67 0.68 6 81.18 6370.1616
0.67 0.68 7 84.176 7199.497024
0.67 0.68 8 88.872 8513.747616
0.67 0.68 9 110.559 14222.626519
0.67 0.68 10 112.749 16666.529999
0.67 0.68 11 134.342 21420.439036
0.67 0.68 12 140.685 23075.501775
0.67 0.68 13 157.062 31175.990156
0.67 0.68 14 174.4 38177.488
0.67 0.68 15 188.79 45509.7359
0.67 0.68 16 222.017 66936.190711
0.67 0.68 17 221.837 65382.940431
0.67 0.68 18 259.321 105949.795959
0.67 0.68 19 260.408 92581.797536
0.68 0.69 0 99.345 10163.753975
0.68 0.69 1 153.129 22946.648359
0.68 0.69 2 137.939 21034.229279
0.68 0.69 3 137.649 18202.157799
0.68 0.69 4 101.527 10362.081271
0.68 0.69 5 75.996 6091.045984
0.68 0.69 6 68.138 4242.164956
0.68 0.69 7 69.11 4361.4319
0.68 0.69 8 75.733 5774.085711
0.68 0.69 9 76.737 5906.431831
0.68 0.69 10 80.8 6744.708
0.68 0.69 11 87.099 7846.525199
0.68 0.69 12 94.676 10028.263024
0.68 0.69 13 96.375 10716.244375
0.68 0.69 14 115.631 17096.270839
0.68 0.69 15 125.255 21633.561975
0.68 0.69 16 137.221 23574.740159
0.68 0.69 17 136.798 28485.899196
0.68 0.69 18 137.346 26739.556284
0.68 0.69 19 152.621 35401.889359
0.69 0.7 0 98.087 10174.297431
0.69 0.7 1 143.025 21728.474375
0.69 0.7 2 132.628 17212.669616
0.69 0.7 3 134.239 17755.341879
0.69 0.7 4 142.072 20023.240816
0.69 0.7 5 120.438 15873.576156
0.69 0.7 6 95.964 9672.344704
0.69 0.7 7 84.184 7650.846144
0.69 0.7 8 88.342 7872.251036
0.69 0.7 9 91.959 9599.921319
0.69 0.7 10 104.516 12371.007744
0.69 0.7 11 111.856 15518.501264
0.69 0.7 12 128.217 17515.061911
0.69 0.7 13 135.223 20512.457271
0.69 0.7 14 141.822 23180.794316
0.69 0.7 15 149.297 25398.782791
0.69 0.7 16 171.963 36452.369631
0.69 0.7 17 170.26 36142.9904
0.69 0.7 18 196.343 46511.567351
0.69 0.7 19 194.71 46645.6359
0.7 0.71 0 100.646 8697.844684
0.7 0.71 1 164.552 27229.781296
0.7 0.71 2 131.905 18850.585975
0.7 0.71 3 121.595 14954.010975
0.7 0.71 4 126.591 16018.321719
0.7 0.71 5 94.399 8147.547799
0.7 0.71 6 78.614 6592.367004
0.7 0.71 7 78.773 6220.421471
0.7 0.71 8 84.27 7692.7491
0.7 0.71 9 94.214 9830.930204
0.7 0.71 10 96.982 8848.459676
0.7 0.71 11 111.898 15472.233596
0.7 0.71 12 121.291 19184.082319
0.7 0.71 13 138.257 23904.714951
0.7 0.71 14 132.08 22105.7896
0.7 0.71 15 157.401 26624.834199
0.7 0.71 16 178.512 41176.467856
0.7 0.71 17 188.142 44357.219836
0.7 0.71 18 194.126 50765.026124
0.7 0.71 19 216.972 68612.925216
0.71 0.72 0 97.919 9214.370439
0.71 0.72 1 162.507 26525.879951
0.71 0.72 2 120.966 13811.692844
0.71 0.72 3 111.468 11605.630976
0.71 0.72 4 108.595 12918.840975
0.71 0.72 5 75.028 5676.033216
0.71 0.72 6 62.612 3397.913456
0.71 0.72 7 66.306 4150.882364
0.71 0.72 8 67.368 4673.938576
0.71 0.72 9 73.777 5764.467271
0.71 0.72 10 82.083 7552.294111
0.71 0.72 11 82.532 6605.202976
0.71 0.72 12 93.887 9122.324231
0.71 0.72 13 92.984 9368.369744
0.71 0.72 14 110.005 13831.974975
0.71 0.72 15 123.208 17813.474736
0.71 0.72 16 114.372 13392.297616
0.71 0.72 17 126.368 18125.534576
0.71 0.72 18 129.991 18964.050919
0.71 0.72 19 141.818 25253.092876
0.72 0.73 0 105.455 10154.137975
0.72 0.73 1 155.356 25043.423264
0.72 0.73 2 126.544 16001.964064
0.72 0.73 3 113.852 13211.440096
0.72 0.73 4 95.614 8468.985004
0.72 0.73 5 94.346 9610.370284
0.72 0.73 6 81.475 7463.523375
0.72 0.73 7 76.294 5363.149564
0.72 0.73 8 75.641 5607.556119
0.72 0.73 9 82.014 5607.139804
0.72 0.73 10 92.433 9568.843511
0.72 0.73 11 95.963 9520.433631
0.72 0.73 12 104.292 10078.562736
0.72 0.73 13 113.03 14094.8531
0.72 0.73 14 112.193 13698.213751
0.72 0.73 15 132.596 18893.440784
0.72 0.73 16 140.18 21745.6056
0.72 0.73 17 143.476 21482.471424
0.72 0.73 18 147.084 26925.162944
0.72 0.73 19 171.973 32937.892271
0.73 0.74 0 98.925 9106.293375
0.73 0.74 1 157.592 24868.653536
0.73 0.74 2 118.296 13414.132384
0.73 0.74 3 94.485 8407.243775
0.73 0.74 4 81.199 7021.643399
0.73 0.74 5 77.382 6095.356076
0.73 0.74 6 59.154 3023.300284
0.73 0.74 7 56.553 2776.865191
0.73 0.74 8 59.255 3115.129975
0.73 0.74 9 65.13 4248.8891
0.73 0.74 10 71.358 4915.031836
0.73 0.74 11 74.717 5182.870911
0.73 0.74 12 81.149 7010.134799
0.73 0.74 13 84.814 7312.625404
0.73 0.74 14 93.342 8804.285036
0.73 0.74 15 95.921 8757.514759
0.73 0.74 16 102.647 10450.868391
0.73 0.74 17 110.768 12196.512176
0.73 0.74 18 114.752 16444.432496
0.73 0.74 19 128.234 17686.465244
0.74 0.75 0 100.879 9129.514359
0.74 0.75 1 149.993 24238.026951
0.74 0.75 2 113.515 13253.437775
0.74 0.75 3 82.561 7086.452279
0.74 0.75 4 62.675 3950.969375
0.74 0.75 5 48.171 2005.647759
0.74 0.75 6 43.932 1614.483376
0.74 0.75 7 41.747 1312.586991
0.74 0.75 8 45.6 2071.836
0.74 0.75 9 47.755 2067.126975
0.74 0.75 10 49.297 1884.808791
0.74 0.75 11 54.577 2680.738071
0.74 0.75 12 57.143 2367.572551
0.74 0.75 13 57.656 2692.741664
0.74 0.75 14 63.626 3002.266124
0.74 0.75 15 61.813 3327.420031
0.74 0.75 16 72.868 4167.902576
0.74 0.75 17 70.631 3900.922839
0.74 0.75 18 73.734 3955.479244
0.74 0.75 19 79.306 4345.430364
0.75 0.76 0 98.229 10103.086559
0.75 0.76 1 149.994 23837.995964
0.75 0.76 2 276.078 73800.125916
0.75 0.76 3 287.777 84800.191271
0.75 0.76 4 234.816 56455.838144
0.75 0.76 5 168.657 26584.703351
0.75 0.76 6 113.821 14017.614959
0.75 0.76 7 79.184 5773.434144
0.75 0.76 8 72.895 4942.335975
0.75 0.76 9 68.773 3848.333471
0.75 0.76 10 72.811 4587.523279
0.75 0.76 11 73.227 4759.635471
0.75 0.76 12 76.577 5265.820071
0.75 0.76 13 78.922 4789.349916
0.75 0.76 14 83.522 5210.189516
0.75 0.76 15 87.368 6345.750576
0.75 0.76 16 83.806 4615.794364
0.75 0.76 17 90.564 7165.059904
0.75 0.76 18 97.619 6381.533839
0.75 0.76 19 94.864 7787.805504
0.76 0.77 0 98.58 9099.4996
0.76 0.77 1 152.465 20930.036775
0.76 0.77 2 275.785 79418.916775
0.76 0.77 3 285.157 86789.212351
0.76 0.77 4 209.588 47884.868256
0.76 0.77 5 130.348 18421.772896
0.76 0.77 6 76.437 5905.470031
0.76 0.77 7 74.025 5527.396375
0.76 0.77 8 72.244 4445.292464
0.76 0.77 9 77.881 5384.278839
0.76 0.77 10 76.695 5129.281975
0.76 0.77 11 84.384 5956.498544
0.76 0.77 12 84.319 6251.315239
0.76 0.77 13 92.141 6820.867119
0.76 0.77 14 94.784 6685.189344
0.76 0.77 15 100.199 8401.123399
0.76 0.77 16 96.967 7840.593911
0.76 0.77 17 108.31 9809.3599
0.76 0.77 18 108.059 8881.427519
0.76 0.77 19 111.111 8916.818679
0.77 0.78 0 98.975 9590.610375
0.77 0.78 1 151.564 24011.131904
0.77 0.78 2 257.537 61474.114631
0.77 0.78 3 264.143 72046.574551
0.77 0.78 4 175.264 32811.298304
0.77 0.78 5 85.946 7299.899084
0.77 0.78 6 83.584 7247.980944
0.77 0.78 7 77.629 5540.249359
0.77 0.78 8 79.721 6390.815159
0.77 0.78 9 88.153 6321.783591
0.77 0.78 10 88.666 7531.558444
0.77 0.78 11 96.738 8133.031356
0.77 0.78 12 105.903 11241.271591
0.77 0.78 13 116.028 13325.447216
0.77 0.78 14 112.107 12934.615551
0.77 0.78 15 122.714 16158.656204
0.77 0.78 16 136.425 19893.998375
0.77 0.78 17 141.778 23028.182716
0.77 0.78 18 147.363 23341.403231
0.77 0.78 19 154.234 28938.983244
0.78 0.79 0 98.966 8786.776844
0.78 0.79 1 146.982 19452.987676
0.78 0.79 2 250.596 68011.058784
0.78 0.79 3 240.127 61244.950871
0.78 0.79 4 158.823 31866.653671
0.78 0.79 5 130.646 17845.552684
0.78 0.79 6 110.064 12683.357904
0.78 0.79 7 90.977 7945.512471
0.78 0.79 8 80.63 5620.9771
0.78 0.79 9 80.397 5378.989391
0.78 0.79 10 80.71 6437.3319
0.78 0.79 11 84.74 6651.4204
0.78 0.79 12 89.733 6960.223711
0.78 0.79 13 92.558 7503.182636
0.78 0.79 14 97.586 7796.362604
0.78 0.79 15 102.31 9172.0339
0.78 0.79 16 98.182 8502.340876
0.78 0.79 17 111.064 10180.755904
0.78 0.79 18 114.143 9246.188551
0.78 0.79 19 116.627 11064.411871
0.79 0.8 0 97.373 9363.597871
0.79 0.8 1 149.295 19846.889975
0.79 0.8 2 242.712 61748.029056
0.79 0.8 3 227.837 55411.780431
0.79 0.8 4 126.587 18666.142431
0.79 0.8 5 123.143 16237.532551
0.79 0.8 6 93.686 10495.671404
0.79 0.8 7 91.201 9192.416599
0.79 0.8 8 97.777 9779.973271
0.79 0.8 9 108.456 13378.116064
0.79 0.8 10 118.08 16264.7716
0.79 0.8 11 126.959 21875.275319
0.79 0.8 12 132.614 22677.169004
0.79 0.8 13 141.52 21648.1536
0.79 0.8 14 149.081 28372.260439
0.79 0.8 15 166.964 36666.158704
0.79 0.8 16 184.943 46695.157751
0.79 0.8 17 182.373 45584.419871
0.79 0.8 18 200.847 58304.839591
0.79 0.8 19 216.459 65129.016319
0.8 0.81 0 102.638 10241.956956
0.8 0.81 1 150.758 23695.631436
0.8 0.81 2 238.681 58199.299239
0.8 0.81 3 216.221 53719.220159
0.8 0.81 4 90.157 8073.452351
0.8 0.81 5 80.479 6924.613559
0.8 0.81 6 76.352 5349.742096
0.8 0.81 7 74.484 5608.303744
0.8 0.81 8 78.687 6025.137031
0.8 0.81 9 81.171 7025.173759
0.8 0.81 10 91.386 8403.951004
0.8 0.81 11 100.004 10603.857984
0.8 0.81 12 102.975 11469.472375
0.8 0.81 13 112.949 15182.954399
0.8 0.81 14 125.519 18248.969639
0.8 0.81 15 126.9 20776.638
0.8 0.81 16 131.386 21443.275004
0.8 0.81 17 152.039 25448.537479
0.8 0.81 18 161.877 30629.471871
0.8 0.81 19 171.568 38791.523376
0.81 0.82 0 98.076 8630.588224
0.81 0.82 1 152.326 23696.637724
0.81 0.82 2 237.842 61997.631036
0.81 0.82 3 187.991 36971.250919
0.81 0.82 4 147.736 22574.546304
0.81 0.82 5 118.186 14916.667404
0.81 0.82 6 87.485 7675.733775
0.81 0.82 7 72.376 4452.680624
0.81 0.82 8 66.295 4034.585975
0.81 0.82 9 69.003 4080.316991
0.81 0.82 10 71.186 4236.285404
0.81 0.82 11 73.259 4532.719919
0.81 0.82 12 74.495 4547.965975
0.81 0.82 13 81.244 5463.476464
0.81 0.82 14 87.263 6057.235831
0.81 0.82 15 96.237 8083.838831
0.81 0.82 16 92.887 6843.640231
0.81 0.82 17 94.309 6821.187519
0.81 0.82 18 101.765 7572.483775
0.81 0.82 19 102.465 8070.650775
0.82 0.83 0 98.523 8896.699471
0.82 0.83 1 142.446 21690.367084
0.82 0.83 2 226.982 51119.291676
0.82 0.83 3 173.749 33317.731999
0.82 0.83 4 212.923 50390.057071
0.82 0.83 5 169.174 34716.143724
0.82 0.83 6 109.48 12763.7596
0.82 0.83 7 99.932 12558.143376
0.82 0.83 8 114.548 16841.803696
0.82 0.83 9 112.09 14488.8739
0.82 0.83 10 127.083 18884.102111
0.82 0.83 11 133.776 23160.245824
0.82 0.83 12 139.358 24898.883836
0.82 0.83 13 149.418 31395.411276
0.82 0.83 14 170.375 37483.414375
0.82 0.83 15 175.451 39818.405599
0.82 0.83 16 182.634 47802.398044
0.82 0.83 17 196.895 62651.975975
0.82 0.83 18 230.76 89846.9324
0.82 0.83 19 234.574 85196.546524
0.83 0.84 0 103.832 11402.641776
0.83 0.84 1 143.129 19707.576359
0.83 0.84 2 215.211 47626.496479
0.83 0.84 3 157.378 23660.523116
0.83 0.84 4 172.919 33438.350439
0.83 0.84 5 110.445 12478.350975
0.83 0.84 6 108.474 12786.125324
0.83 0.84 7 101.036 11635.012704
0.83 0.84 8 105.614 12694.407004
0.83 0.84 9 110.816 14452.522144
0.83 0.84 10 123.503 18937.389991
0.83 0.84 11 129.538 19555.442556
0.83 0.84 12 141.992 26337.837936
0.83 0.84 13 160.134 33101.610044
0.83 0.84 14 170.385 36021.536775
0.83 0.84 15 193.511 43730.191879
0.83 0.84 16 192.727 48927.908471
0.83 0.84 17 213.214 56836.558204
0.83 0.84 18 239.648 76810.902096
0.83 0.84 19 252.96 92315.1044
0.84 0.85 0 102.395 10522.910975
0.84 0.85 1 131.507 17673.331951
0.84 0.85 2 204.185 45498.258775
0.84 0.85 3 152.784 22983.343344
0.84 0.85 4 142.426 23159.372524
0.84 0.85 5 100.275 9700.977375
0.84 0.85 6 83.206 7176.733564
0.84 0.85 7 73.428 5396.272816
0.84 0.85 8 83.204 8512.546384
0.84 0.85 9 87.792 9711.786736
0.84 0.85 10 93.789 9732.484479
0.84 0.85 11 102.304 12418.447584
0.84 0.85 12 100.864 10661.981504
0.84 0.85 13 115.415 15395.416775
0.84 0.85 14 131.496 21673.033984
0.84 0.85 15 130.798 23274.659196
0.84 0.85 16 143.45 28546.9295
0.84 0.85 17 148.102 34387.505596
0.84 0.85 18 154.408 31542.609536
0.84 0.85 19 174.293 42445.935151
0.85 0.86 0 96.784 9227.257344
0.85 0.86 1 146.126 21879.276124
0.85 0.86 2 205.137 43844.252231
0.85 0.86 3 124.038 17987.342556
0.85 0.86 4 108.317 13774.640511
0.85 0.86 5 111.582 12748.265276
0.85 0.86 6 72.224 5656.429824
0.85 0.86 7 70.612 4941.929456
0.85 0.86 8 78.985 6308.158775
0.85 0.86 9 85.738 8547.091356
0.85 0.86 10 92.68 8338.2156
0.85 0.86 11 105.027 11929.260271
0.85 0.86 12 108.221 14935.588159
0.85 0.86 13 115.968 16595.516976
0.85 0.86 14 119.76 16318.7104
0.85 0.86 15 121.609 16621.196119
0.85 0.86 16 135.57 22603.9891
0.85 0.86 17 143.151 22376.710199
0.85 0.86 18 158.426 33718.648524
0.85 0.86 19 157.599 30682.756199
0.86 0.87 0 101.949 9385.172399
0.86 0.87 1 149.926 26376.338524
0.86 0.87 2 195.307 35803.240751
0.86 0.87 3 94.064 9477.961904
0.86 0.87 4 74.965 6521.695775
0.86 0.87 5 72.647 5502.736391
0.86 0.87 6 77.848 6425.856896
0.86 0.87 7 64.35 4377.4375
0.86 0.87 8 73.334 5586.660444
0.86 0.87 9 74.819 5917.386239
0.86 0.87 10 82.327 7277.502071
0.86 0.87 11 85.208 6893.484736
0.86 0.87 12 89.471 9077.153159
0.86 0.87 13 100.083 8747.212111
0.86 0.87 14 109.833 13507.515111
0.86 0.87 15 110.261 13913.868879
0.86 0.87 16 114.297 15210.940791
0.86 0.87 17 122.842 16807.945036
0.86 0.87 18 132.632 20994.910576
0.86 0.87 19 127.864 17364.957504
0.87 0.88 0 95.859 9161.095119
0.87 0.88 1 152.82 21024.9276
0.87 0.88 2 186.022 36751.201516
0.87 0.88 3 125.463 14809.878631
0.87 0.88 4 95.05 9155.9415
0.87 0.88 5 65.877 4111.365871
0.87 0.88 6 54.125 2427.609375
0.87 0.88 7 46.666 1908.740444
0.87 0.88 8 49.057 1967.843751
0.87 0.88 9 50.111 1831.172679
0.87 0.88 10 53.347 2228.560591
0.87 0.88 11 59.329 2634.802759
0.87 0.88 12 59.163 2951.358431
0.87 0.88 13 62.018 2809.887676
0.87 0.88 14 63.495 2824.945975
0.87 0.88 15 66.123 3352.239871
0.87 0.88 16 70.052 3840.525296
0.87 0.88 17 76.877 4008.381871
0.87 0.88 18 77.055 4770.391975
0.87 0.88 19 78.409 4635.259719
0.88 0.89 0 98.298 9814.299196
0.88 0.89 1 147.315 22357.107775
0.88 0.89 2 183.676 35894.593024
0.88 0.89 3 264.319 67567.731239
0.88 0.89 4 319.549 108379.209599
0.88 0.89 5 217.832 53528.627776
0.88 0.89 6 91.579 9726.023759
0.88 0.89 7 78.5 6151.888
0.88 0.89 8 83.057 7008.135751
0.88 0.89 9 79.135 6190.876775
0.88 0.89 10 86.114 7121.403004
0.88 0.89 11 92.184 7273.880144
0.88 0.89 12 92.991 7709.792919
0.88 0.89 13 96.511 7409.441879
0.88 0.89 14 96.465 8029.686775
0.88 0.89 15 108.763 9916.452831
0.88 0.89 16 98.498 8605.691996
0.88 0.89 17 106.965 9640.117775
0.88 0.89 18 116.012 11014.345856
0.88 0.89 19 123.241 12064.838919
0.89 0.9 0 99.613 9681.339231
0.89 0.9 1 139.697 21120.263191
0.89 0.9 2 176.772 32628.528016
0.89 0.9 3 268.766 72200.137244
0.89 0.9 4 247.283 75200.348911
0.89 0.9 5 134.687 23626.083031
0.89 0.9 6 116.66 13911.5324
0.89 0.9 7 100.474 11431.661324
0.89 0.9 8 91.384 8010.150544
0.89 0.9 9 97.164 9504.539104
0.89 0.9 10 92.552 7630.189296
0.89 0.9 11 88.822 7296.040316
0.89 0.9 12 102.2 9378.008
0.89 0.9 13 109.428 9463.028816
0.89 0.9 14 110.498 9401.687996
0.89 0.9 15 97.199 7684.507399
0.89 0.9 16 114.0 11586.238
0.89 0.9 17 112.253 10430.374991
0.89 0.9 18 125.562 13500.926156
0.89 0.9 19 123.02 12325.8816
0.9 0.91 0 97.008 8772.941936
0.9 0.91 1 133.832 19422.663776
0.9 0.91 2 170.951 31965.238599
0.9 0.91 3 233.149 54579.622799
0.9 0.91 4 197.438 39157.954156
0.9 0.91 5 81.251 6566.363999
0.9 0.91 6 70.557 4903.006751
0.9 0.91 7 69.545 4706.587975
0.9 0.91 8 74.6 6028.282
0.9 0.91 9 74.65 5819.0415
0.9 0.91 10 81.181 5896.800239
0.9 0.91 11 80.374 5271.612124
0.9 0.91 12 83.509 6162.071919
0.9 0.91 13 91.093 7547.812351
0.9 0.91 14 85.855 5954.665975
0.9 0.91 15 97.496 7676.267984
0.9 0.91 16 97.415 8285.646775
0.9 0.91 17 101.948 9364.101296
0.9 0.91 18 105.481 9789.427639
0.9 0.91 19 108.851 10073.892799
0.91 0.92 0 96.741 9469.043919
0.91 0.92 1 142.806 21315.662364
0.91 0.92 2 170.685 32788.347775
0.91 0.92 3 219.687 49387.867031
0.91 0.92 4 149.805 25364.660975
0.91 0.92 5 166.119 30377.978839
0.91 0.92 6 134.983 23697.792711
0.91 0.92 7 109.884 12108.546544
0.91 0.92 8 109.21 14084.0919
0.91 0.92 9 111.848 13561.442896
0.91 0.92 10 119.074 18388.834524
0.91 0.92 11 121.286 18463.594204
0.91 0.92 12 126.762 20423.427356
0.91 0.92 13 135.209 20668.143319
0.91 0.92 14 150.136 29378.313504
0.91 0.92 15 152.804 28490.693584
0.91 0.92 16 164.802 35826.714796
0.91 0.92 17 182.324 40869.689024
0.91 0.92 18 194.085 45969.013775
0.91 0.92 19 194.837 46239.880431
0.92 0.93 0 98.875 8882.137375
0.92 0.93 1 140.11 22683.2799
0.92 0.93 2 167.092 32561.127536
0.92 0.93 3 193.495 40026.697975
0.92 0.93 4 101.617 11884.964311
0.92 0.93 5 102.068 11532.535376
0.92 0.93 6 87.941 8305.225519
0.92 0.93 7 74.037 5944.095631
0.92 0.93 8 71.19 5091.2059
0.92 0.93 9 75.347 5746.728591
0.92 0.93 10 86.05 8079.0895
0.92 0.93 11 94.167 10147.823111
0.92 0.93 12 90.871 8298.810359
0.92 0.93 13 99.849 10418.416199
0.92 0.93 14 110.613 12995.639231
0.92 0.93 15 107.891 12275.395119
0.92 0.93 16 128.227 19809.213471
0.92 0.93 17 129.122 18438.117116
0.92 0.93 18 134.234 19657.085244
0.92 0.93 19 141.232 22801.536176
0.93 0.94 0 96.271 8705.167559
0.93 0.94 1 136.833 18885.777111
0.93 0.94 2 176.803 37888.512191
0.93 0.94 3 170.67 31395.6931
0.93 0.94 4 73.001 4605.016999
0.93 0.94 5 48.702 2077.533196
0.93 0.94 6 42.767 1660.492711
0.93 0.94 7 51.268 2586.630176
0.93 0.94 8 51.201 2094.468599
0.93 0.94 9 54.391 2707.472119
0.93 0.94 10 55.492 2464.137936
0.93 0.94 11 59.464 3323.970704
0.93 0.94 12 63.741 3807.097919
0.93 0.94 13 66.238 4175.753356
0.93 0.94 14 72.516 4406.779744
0.93 0.94 15 74.088 4536.902256
0.93 0.94 16 78.06 5108.4464
0.93 0.94 17 80.878 4637.187116
0.93 0.94 18 88.737 6734.835831
0.93 0.94 19 84.237 5817.258831
0.94 0.95 0 101.428 13037.420816
0.94 0.95 1 141.273 22138.582471
0.94 0.95 2 161.834 27183.102444
0.94 0.95 3 169.326 31876.375724
0.94 0.95 4 215.33 46405.5211
0.94 0.95 5 237.937 66111.059031
0.94 0.95 6 159.332 31446.021776
0.94 0.95 7 100.858 10186.501836
0.94 0.95 8 92.474 8208.203324
0.94 0.95 9 86.736 7252.734304
0.94 0.95 10 90.622 8484.923116
0.94 0.95 11 94.018 7246.557676
0.94 0.95 12 97.587 8342.720431
0.94 0.95 13 101.025 9079.472375
0.94 0.95 14 105.028 10350.361216
0.94 0.95 15 103.571 9571.706959
0.94 0.95 16 109.262 9910.967356
0.94 0.95 17 113.431 10846.369239
0.94 0.95 18 115.073 10219.325671
0.94 0.95 19 123.517 12193.213711
0.95 0.96 0 102.063 11198.707031
0.95 0.96 1 130.793 18256.062151
0.95 0.96 2 161.685 33714.159775
0.95 0.96 3 161.265 32030.972775
0.95 0.96 4 184.769 42616.747639
0.95 0.96 5 140.929 22805.575959
0.95 0.96 6 84.666 7285.286444
0.95 0.96 7 77.638 7263.202956
0.95 0.96 8 77.347 5994.992591
0.95 0.96 9 81.934 6538.531644
0.95 0.96 10 81.575 6215.556375
0.95 0.96 11 88.176 8328.847024
0.95 0.96 12 84.409 6865.475719
0.95 0.96 13 90.641 8267.850119
0.95 0.96 14 99.581 8359.259439
0.95 0.96 15 98.063 8264.733031
0.95 0.96 16 104.237 9363.950831
0.95 0.96 17 104.594 9346.821164
0.95 0.96 18 108.603 9968.723391
0.95 0.96 19 113.486 11343.413804
0.96 0.97 0 102.815 11568.078775
0.96 0.97 1 128.306 17375.454364
0.96 0.97 2 148.296 25313.564384
0.96 0.97 3 149.541 24971.302319
0.96 0.97 4 151.267 25418.861711
0.96 0.97 5 48.975 1839.290375
0.96 0.97 6 43.785 1623.134775
0.96 0.97 7 48.115 1808.193775
0.96 0.97 8 48.982 1931.373676
0.96 0.97 9 55.01 2597.0699
0.96 0.97 10 56.363 2836.693231
0.96 0.97 11 61.718 3400.110476
0.96 0.97 12 65.62 4168.4736
0.96 0.97 13 65.146 4200.832684
0.96 0.97 14 77.879 5419.892359
0.96 0.97 15 74.306 4827.700364
0.96 0.97 16 80.145 5427.653975
0.96 0.97 17 83.84 5817.7304
0.96 0.97 18 86.564 6737.557904
0.96 0.97 19 92.677 6770.628671
0.97 0.98 0 93.132 8422.450576
0.97 0.98 1 127.911 18272.575079
0.97 0.98 2 141.594 27957.091164
0.97 0.98 3 135.748 24373.176496
0.97 0.98 4 117.146 14929.166684
0.97 0.98 5 163.621 26200.395359
0.97 0.98 6 141.07 26501.0431
0.97 0.98 7 92.659 8367.024719
0.97 0.98 8 85.117 7314.675311
0.97 0.98 9 82.938 8328.210156
0.97 0.98 10 87.432 7925.733376
0.97 0.98 11 92.662 8608.299756
0.97 0.98 12 94.286 8620.264204
0.97 0.98 13 96.019 8503.374639
0.97 0.98 14 106.296 11280.282384
0.97 0.98 15 109.531 11708.623039
0.97 0.98 16 104.709 10457.994319
0.97 0.98 17 111.573 11683.954671
0.97 0.98 18 108.091 9360.332719
0.97 0.98 19 113.827 11093.623071
0.98 0.99 0 97.407 10107.295351
0.98 0.99 1 122.815 14490.908775
0.98 0.99 2 119.707 23761.663151
0.98 0.99 3 112.091 22362.814719
0.98 0.99 4 98.276 14542.549824
0.98 0.99 5 103.107 15394.737551
0.98 0.99 6 48.863 1890.844231
0.98 0.99 7 48.42 1934.7416
0.98 0.99 8 49.439 2227.972279
0.98 0.99 9 55.855 2897.567975
0.98 0.99 10 60.92 3684.9196
0.98 0.99 11 64.477 3824.811471
0.98 0.99 12 69.238 4543.981356
0.98 0.99 13 72.01 4659.7919
0.98 0.99 14 78.381 5963.025839
0.98 0.99 15 80.299 6341.443599
0.98 0.99 16 85.55 6523.6135
0.98 0.99 17 89.824 7251.663024
0.98 0.99 18 87.288 6712.659056
0.98 0.99 19 98.734 8256.491244
0.99 1.0 0 97.919 9003.372439
0.99 1.0 1 94.646 9045.502684
0.99 1.0 2 74.182 6031.582876
0.99 1.0 3 50.891 2438.139119
0.99 1.0 4 33.897 918.792391
0.99 1.0 5 25.315 333.767775
0.99 1.0 6 24.207 243.600151
0.99 1.0 7 25.287 237.550631
0.99 1.0 8 26.318 269.050876
0.99 1.0 9 29.447 342.911191
0.99 1.0 10 31.717 391.278911
0.99 1.0 11 34.67 501.8131
0.99 1.0 12 37.925 634.305375
0.99 1.0 13 39.81 718.9279
0.99 1.0 14 42.439 776.946279
0.99 1.0 15 45.181 997.948239
0.99 1.0 16 46.865 1112.148775
0.99 1.0 17 50.558 1128.452636
0.99 1.0 18 50.864 1206.599504
0.99 1.0 19 52.658 1275.543036
