0.0 0.01 0 63.273 4203.498471
0.0 0.01 1 102.582 11561.563276
0.0 0.01 2 71.242 4988.421436
0.0 0.01 3 49.562 2453.320156
0.0 0.01 4 32.555 747.320975
0.0 0.01 5 25.858 316.809836
0.0 0.01 6 27.017 304.096711
0.0 0.01 7 29.859 395.927119
0.0 0.01 8 33.572 480.030816
0.0 0.01 9 35.479 546.359559
0.0 0.01 10 40.497 704.091991
0.0 0.01 11 42.61 845.5159
0.0 0.01 12 47.189 1101.645279
0.0 0.01 13 47.951 1143.400599
0.0 0.01 14 50.9 1283.488
0.0 0.01 15 54.751 1703.736999
0.0 0.01 16 60.217 1855.289911
0.0 0.01 17 62.569 1913.929239
0.0 0.01 18 66.921 2459.506759
0.0 0.01 19 69.338 2565.191756
0.01 0.02 0 67.117 4202.969311
0.01 0.02 1 192.034 71465.302844
0.01 0.02 2 146.217 39614.699911
0.01 0.02 3 98.34 16764.3924
0.01 0.02 4 77.776 8956.617824
0.01 0.02 5 62.239 3230.349879
0.01 0.02 6 48.628 1456.189616
0.01 0.02 7 56.894 1976.918764
0.01 0.02 8 62.693 2402.280751
0.01 0.02 9 67.91 2960.2379
0.01 0.02 10 73.496 3515.261984
0.01 0.02 11 84.523 4286.011471
0.01 0.02 12 90.103 5380.374391
0.01 0.02 13 95.045 5736.406975
0.01 0.02 14 105.532 7144.576976
0.01 0.02 15 108.758 8289.509436
0.01 0.02 16 110.566 7916.087644
0.01 0.02 17 119.616 9756.668544
0.01 0.02 18 128.526 11928.745324
0.01 0.02 19 136.792 12278.224736
0.02 0.03 0 71.227 4974.465471
0.02 0.03 1 205.886 65173.291004
0.02 0.03 2 148.888 35338.167456
0.02 0.03 3 111.513 16124.273831
0.02 0.03 4 84.93 7723.6911
0.02 0.03 5 79.434 5529.557644
0.02 0.03 6 104.05 9952.0835
0.02 0.03 7 110.433 9659.961511
0.02 0.03 8 126.216 14796.127344
0.02 0.03 9 141.117 18294.427311
0.02 0.03 10 158.225 21775.208375
0.02 0.03 11 168.653 22783.546591
0.02 0.03 12 188.748 29158.234496
0.02 0.03 13 194.634 35388.522044
0.02 0.03 14 214.192 40357.179136
0.02 0.03 15 231.85 50215.9735
0.02 0.03 16 241.891 54527.517119
0.02 0.03 17 248.479 54951.479559
0.02 0.03 18 283.428 67833.420816
0.02 0.03 19 288.385 75990.070775
0.03 0.04 0 68.351 4327.417799
0.03 0.04 1 216.449 71497.543399
0.03 0.04 2 172.098 41046.068396
0.03 0.04 3 121.094 18048.173164
0.03 0.04 4 88.867 7638.917311
0.03 0.04 5 74.561 4635.642279
0.03 0.04 6 76.334 5526.026444
0.03 0.04 7 90.187 6443.474031
0.03 0.04 8 100.98 8942.9656
0.03 0.04 9 109.658 10365.831036
0.03 0.04 10 121.756 14181.000464
0.03 0.04 11 122.298 13387.605196
0.03 0.04 12 136.219 15359.913039
0.03 0.04 13 143.712 19759.867056
0.03 0.04 14 162.684 23491.564144
0.03 0.04 15 179.981 29703.536639
0.03 0.04 16 185.266 29898.939244
0.03 0.04 17 188.306 30792.292364
0.03 0.04 18 199.381 37117.363839
0.03 0.04 19 206.013 37756.838831
0.04 0.05 0 72.517 4854.251711
0.04 0.05 1 222.284 60597.761344
0.04 0.05 2 166.846 32443.968284
0.04 0.05 3 125.875 17149.589375
0.04 0.05 4 107.993 9481.368951
0.04 0.05 5 137.938 16296.012156
0.04 0.05 6 122.651 13031.593199
0.04 0.05 7 150.221 22189.392159
0.04 0.05 8 155.969 20290.672039
0.04 0.05 9 162.621 23784.039359
0.04 0.05 10 187.641 34559.998119
0.04 0.05 11 212.558 36651.726636
0.04 0.05 12 223.159 49189.447719
0.04 0.05 13 224.525 47267.001375
0.04 0.05 14 250.241 59238.918919
0.04 0.05 15 266.767 65839.312711
0.04 0.05 16 298.778 80476.356716
0.04 0.05 17 301.144 80120.843264
0.04 0.05 18 321.85 90806.0535
0.04 0.05 19 333.596 98392.252784
0.05 0.06 0 73.592 4903.399536
0.05 0.06 1 228.058 64943.916636
0.05 0.06 2 171.278 38797.926716
0.05 0.06 3 121.479 17456.523559
0.05 0.06 4 112.067 12529.456511
0.05 0.06 5 149.628 24462.029616
0.05 0.06 6 201.68 50875.0956
0.05 0.06 7 224.474 57818.113324
0.05 0.06 8 217.6 53649.038
0.05 0.06 9 262.49 83681.6419
0.05 0.06 10 292.279 92159.575159
0.05 0.06 11 306.57 108701.0571
0.05 0.06 12 354.917 134636.016111
0.05 0.06 13 360.705 169987.453975
0.05 0.06 14 408.653 190914.890591
0.05 0.06 15 417.443 207714.590751
0.05 0.06 16 433.17 235949.0151
0.05 0.06 17 444.829 245697.967759
0.05 0.06 18 481.505 268841.659975
0.05 0.06 19 535.511 367161.947879
0.06 0.07 0 69.468 5001.626976
0.06 0.07 1 211.511 53867.861879
0.06 0.07 2 167.066 31095.491644
0.06 0.07 3 121.862 17901.340956
0.06 0.07 4 93.249 9108.524999
0.06 0.07 5 81.774 7376.140924
0.06 0.07 6 83.536 6950.138704
0.06 0.07 7 90.547 8353.593791
0.06 0.07 8 110.048 12637.021696
0.06 0.07 9 113.994 12629.913964
0.06 0.07 10 122.386 14448.667004
0.06 0.07 11 139.11 19549.5059
0.06 0.07 12 166.766 33518.851244
0.06 0.07 13 162.172 27054.216416
0.06 0.07 14 178.998 34125.581996
0.06 0.07 15 178.247 33903.811991
0.06 0.07 16 206.975 54422.954375
0.06 0.07 17 217.124 50559.516624
0.06 0.07 18 218.576 45046.954224
0.06 0.07 19 226.658 61141.351036
0.07 0.08 0 70.11 4988.7259
0.07 0.08 1 213.121 52150.258359
0.07 0.08 2 169.79 29610.2399
0.07 0.08 3 129.64 17010.4364
0.07 0.08 4 130.979 18865.026559
0.07 0.08 5 136.541 21405.872319
0.07 0.08 6 127.904 14431.112784
0.07 0.08 7 141.341 20717.882719
0.07 0.08 8 154.414 27116.344604
0.07 0.08 9 164.011 25727.316879
0.07 0.08 10 190.556 34056.734864
0.07 0.08 11 211.837 48545.106431
0.07 0.08 12 237.333 57002.144111
0.07 0.08 13 241.685 60673.681775
0.07 0.08 14 268.621 71990.905359
0.07 0.08 15 273.6 78370.034
0.07 0.08 16 286.409 84915.817719
0.07 0.08 17 306.336 107686.149104
0.07 0.08 18 335.461 113171.998479
0.07 0.08 19 347.416 114163.870944
0.08 0.09 0 67.966 4695.148844
0.08 0.09 1 232.455 61508.785975
0.08 0.09 2 175.608 34095.002336
0.08 0.09 3 144.347 21560.448591
0.08 0.09 4 171.558 31526.946636
0.08 0.09 5 170.414 31910.362604
0.08 0.09 6 209.904 49157.222784
0.08 0.09 7 236.951 68522.002599
0.08 0.09 8 244.115 67960.455775
0.08 0.09 9 287.158 85230.301036
0.08 0.09 10 323.789 113191.932479
0.08 0.09 11 343.503 132541.791991
0.08 0.09 12 371.764 167892.606304
0.08 0.09 13 386.085 156685.345775
0.08 0.09 14 411.338 198485.313756
0.08 0.09 15 441.62 258530.1416
0.08 0.09 16 508.889 294225.436679
0.08 0.09 17 506.787 283040.395631
0.08 0.09 18 530.031 322337.020039
0.08 0.09 19 551.932 388632.179376
0.09 0.1 0 65.667 4166.724111
0.09 0.1 1 214.452 55387.209696
0.09 0.1 2 174.613 34933.633231
0.09 0.1 3 164.004 28202.255984
0.09 0.1 4 197.361 46334.790679
0.09 0.1 5 161.529 29874.659159
0.09 0.1 6 176.878 33645.131116
0.09 0.1 7 207.906 45416.705164
0.09 0.1 8 214.553 49300.125191
0.09 0.1 9 225.947 59503.980191
0.09 0.1 10 249.872 62866.305616
0.09 0.1 11 279.054 89979.423084
0.09 0.1 12 319.08 117845.4596
0.09 0.1 13 328.759 116359.378919
0.09 0.1 14 351.773 151622.447471
0.09 0.1 15 358.774 139891.726924
0.09 0.1 16 393.475 187429.599375
0.09 0.1 17 450.484 238169.851744
0.09 0.1 18 445.338 230111.015756
0.09 0.1 19 488.15 248912.0915
0.1 0.11 0 70.223 4581.363271
0.1 0.11 1 238.833 68726.647111
0.1 0.11 2 181.677 32772.722671
0.1 0.11 3 166.789 30248.010479
0.1 0.11 4 225.161 64772.631079
0.1 0.11 5 270.509 79907.599919
0.1 0.11 6 287.187 83821.894031
0.1 0.11 7 307.703 104777.492791
0.1 0.11 8 346.088 134730.990256
0.1 0.11 9 413.875 187850.167375
0.1 0.11 10 407.772 191556.576016
0.1 0.11 11 456.554 205766.593084
0.1 0.11 12 479.784 242891.179344
0.1 0.11 13 504.215 278448.676775
0.1 0.11 14 559.328 375515.544416
0.1 0.11 15 565.067 332407.730511
0.1 0.11 16 591.835 404814.855775
0.1 0.11 17 622.174 438861.817724
0.1 0.11 18 631.016 387614.515744
0.1 0.11 19 761.661 711780.028079
0.11 0.12 0 67.821 4837.716959
0.11 0.12 1 222.268 52258.676176
0.11 0.12 2 178.451 35680.911599
0.11 0.12 3 196.526 38731.291324
0.11 0.12 4 255.255 66621.971975
0.11 0.12 5 345.712 141395.357056
0.11 0.12 6 384.869 178931.737839
0.11 0.12 7 389.81 171825.2239
0.11 0.12 8 449.344 240145.989664
0.11 0.12 9 486.357 284054.301551
0.11 0.12 10 575.574 389989.330524
0.11 0.12 11 632.025 489966.272375
0.11 0.12 12 656.231 491365.265639
0.11 0.12 13 724.517 619798.783711
0.11 0.12 14 718.689 656382.916279
0.11 0.12 15 733.727 668233.036471
0.11 0.12 16 828.062 845195.590156
0.11 0.12 17 927.858 1054455.47384
0.11 0.12 18 881.253 994960.764991
0.11 0.12 19 1035.205 1194658.88898
0.12 0.13 0 71.477 4707.611471
0.12 0.13 1 207.616 47560.614544
0.12 0.13 2 177.89 33534.7079
0.12 0.13 3 146.571 21189.908959
0.12 0.13 4 131.035 18280.473775
0.12 0.13 5 110.002 11398.047996
0.12 0.13 6 104.244 11154.136464
0.12 0.13 7 105.445 12377.430975
0.12 0.13 8 117.332 18084.083776
0.12 0.13 9 133.068 18440.027376
0.12 0.13 10 134.614 19481.357004
0.12 0.13 11 143.983 22780.122711
0.12 0.13 12 159.142 30318.723836
0.12 0.13 13 173.223 32157.055271
0.12 0.13 14 190.298 46188.289196
0.12 0.13 15 203.809 48861.614519
0.12 0.13 16 214.578 58071.541916
0.12 0.13 17 235.611 61298.321679
0.12 0.13 18 242.138 70000.754956
0.12 0.13 19 257.619 82521.105839
0.13 0.14 0 71.611 5041.717679
0.13 0.14 1 223.902 57431.086396
0.13 0.14 2 177.799 33596.780599
0.13 0.14 3 152.754 20796.567484
0.13 0.14 4 138.942 23667.564636
0.13 0.14 5 130.188 19451.334656
0.13 0.14 6 148.911 23025.977079
0.13 0.14 7 170.204 33074.414384
0.13 0.14 8 185.399 39164.417799
0.13 0.14 9 217.119 51045.776839
0.13 0.14 10 224.166 53718.332444
0.13 0.14 11 242.593 70219.167351
0.13 0.14 12 275.657 88182.217351
0.13 0.14 13 274.251 91351.415999
0.13 0.14 14 319.122 124987.405116
0.13 0.14 15 325.861 125973.529679
0.13 0.14 16 343.568 128633.127376
0.13 0.14 17 346.963 124454.915631
0.13 0.14 18 386.902 160043.110396
0.13 0.14 19 399.757 194198.121951
0.14 0.15 0 67.582 4317.757276
0.14 0.15 1 228.098 55309.966396
0.14 0.15 2 179.011 29539.436879
0.14 0.15 3 191.998 38981.237996
0.14 0.15 4 178.864 36167.849504
0.14 0.15 5 177.444 34417.146864
0.14 0.15 6 179.228 34176.072016
0.14 0.15 7 208.208 49458.424736
0.14 0.15 8 211.294 51307.551564
0.14 0.15 9 237.822 61697.556316
0.14 0.15 10 253.58 71194.6076
0.14 0.15 11 279.81 85688.0559
0.14 0.15 12 301.861 114498.187679
0.14 0.15 13 320.415 115714.778775
0.14 0.15 14 360.628 143373.003616
0.14 0.15 15 370.534 148416.904844
0.14 0.15 16 421.905 196238.635975
0.14 0.15 17 404.037 185697.571631
0.14 0.15 18 466.256 253196.428464
0.14 0.15 19 475.117 254630.023311
0.15 0.16 0 76.116 5572.496544
0.15 0.16 1 225.27 53931.3951
0.15 0.16 2 180.306 34156.832364
0.15 0.16 3 204.93 50852.4371
0.15 0.16 4 214.435 48409.453775
0.15 0.16 5 180.146 35147.586684
0.15 0.16 6 185.428 40608.384816
0.15 0.16 7 203.882 49155.330076
0.15 0.16 8 219.117 59983.233311
0.15 0.16 9 239.656 66944.255664
0.15 0.16 10 277.897 85552.820391
0.15 0.16 11 302.205 114971.328975
0.15 0.16 12 307.934 92624.509644
0.15 0.16 13 371.903 152013.783591
0.15 0.16 14 370.561 181632.430279
0.15 0.16 15 382.745 180419.601975
0.15 0.16 16 426.799 205161.596599
0.15 0.16 17 456.167 236775.941111
0.15 0.16 18 460.787 267093.203631
0.15 0.16 19 519.835 312920.329775
0.16 0.17 0 74.395 5140.262975
0.16 0.17 1 224.64 56024.3304
0.16 0.17 2 189.055 40211.677975
0.16 0.17 3 226.021 58652.516559
0.16 0.17 4 230.026 57120.419324
0.16 0.17 5 236.297 57781.338791
0.16 0.17 6 283.987 105551.660831
0.16 0.17 7 297.385 106357.064775
0.16 0.17 8 334.127 126706.782871
0.16 0.17 9 381.875 163718.545375
0.16 0.17 10 403.752 166541.806496
0.16 0.17 11 459.336 246788.053104
0.16 0.17 12 516.276 316847.567824
0.16 0.17 13 531.12 327645.1296
0.16 0.17 14 498.008 283917.617936
0.16 0.17 15 592.637 377570.157231
0.16 0.17 16 666.811 525256.779279
0.16 0.17 17 689.17 514307.7991
0.16 0.17 18 683.831 596340.532439
0.16 0.17 19 747.273 733331.732471
0.17 0.18 0 71.103 5049.882391
0.17 0.18 1 131.826 19350.907724
0.17 0.18 2 118.188 14205.884656
0.17 0.18 3 104.329 11246.596759
0.17 0.18 4 87.395 7461.052975
0.17 0.18 5 77.922 5574.535916
0.17 0.18 6 74.297 4763.348791
0.17 0.18 7 70.597 4063.146591
0.17 0.18 8 78.071 4786.935959
0.17 0.18 9 87.99 5847.1459
0.17 0.18 10 97.081 8159.898439
0.17 0.18 11 102.542 9119.624236
0.17 0.18 12 107.433 9687.623511
0.17 0.18 13 117.845 10458.380975
0.17 0.18 14 126.327 13166.422071
0.17 0.18 15 131.698 13920.574796
0.17 0.18 16 143.835 17979.053775
0.17 0.18 17 144.663 18988.533431
0.17 0.18 18 156.944 22587.892864
0.17 0.18 19 171.718 25296.356476
0.18 0.19 0 68.218 4944.308476
0.18 0.19 1 98.084 11065.362944
0.18 0.19 2 81.212 6719.909056
0.18 0.19 3 74.943 4879.255751
0.18 0.19 4 65.434 3931.631644
0.18 0.19 5 67.281 4306.958039
0.18 0.19 6 70.526 4276.735324
0.18 0.19 7 78.839 4891.829079
0.18 0.19 8 79.246 5284.149484
0.18 0.19 9 94.225 7162.044375
0.18 0.19 10 99.042 7906.352236
0.18 0.19 11 107.026 12380.695324
0.18 0.19 12 113.946 11020.223084
0.18 0.19 13 124.873 13936.128871
0.18 0.19 14 126.942 13796.504636
0.18 0.19 15 146.799 19328.386599
0.18 0.19 16 147.055 19988.249975
0.18 0.19 17 156.518 19163.575676
0.18 0.19 18 161.315 23176.763775
0.18 0.19 19 170.376 27911.718624
0.19 0.2 0 72.175 5215.088375
0.19 0.2 1 93.219 8654.651039
0.19 0.2 2 83.934 6164.361644
0.19 0.2 3 83.852 6801.336096
0.19 0.2 4 74.372 4658.007616
0.19 0.2 5 77.671 5177.908759
0.19 0.2 6 77.692 4940.995136
0.19 0.2 7 93.678 8212.540316
0.19 0.2 8 103.936 10367.791904
0.19 0.2 9 113.562 11356.096156
0.19 0.2 10 113.311 11483.132279
0.19 0.2 11 125.508 13829.129936
0.19 0.2 12 128.264 15558.666304
0.19 0.2 13 137.11 17402.1659
0.19 0.2 14 157.719 20620.798039
0.19 0.2 15 162.664 23956.163104
0.19 0.2 16 174.92 28559.8156
0.19 0.2 17 182.655 34188.465975
0.19 0.2 18 181.612 29197.011456
0.19 0.2 19 195.565 30849.915775
0.2 0.21 0 72.978 4808.263516
0.2 0.21 1 107.698 11783.334796
0.2 0.21 2 97.149 8794.140799
0.2 0.21 3 89.452 7922.315696
0.2 0.21 4 85.887 7297.808231
0.2 0.21 5 81.682 5602.630876
0.2 0.21 6 84.084 6607.344944
0.2 0.21 7 91.594 7467.231164
0.2 0.21 8 93.742 9592.861436
0.2 0.21 9 111.39 12965.5439
0.2 0.21 10 117.891 12420.177119
0.2 0.21 11 125.536 13104.206704
0.2 0.21 12 141.991 19996.986919
0.2 0.21 13 142.151 18391.916199
0.2 0.21 14 158.206 22850.291564
0.2 0.21 15 167.804 26724.193584
0.2 0.21 16 174.648 31416.208096
0.2 0.21 17 189.372 34769.091616
0.2 0.21 18 191.031 33764.802039
0.2 0.21 19 204.276 36772.461824
0.21 0.22 0 71.381 5122.403839
0.21 0.22 1 99.382 9587.358076
0.21 0.22 2 98.436 9516.483904
0.21 0.22 3 94.588 8121.124256
0.21 0.22 4 99.247 10204.561991
0.21 0.22 5 102.78 8826.3556
0.21 0.22 6 109.988 12535.467856
0.21 0.22 7 109.588 11709.906256
0.21 0.22 8 125.832 15192.559776
0.21 0.22 9 136.756 18132.738464
0.21 0.22 10 151.704 21914.118384
0.21 0.22 11 152.149 19837.648799
0.21 0.22 12 176.144 34993.777264
0.21 0.22 13 191.148 34590.022096
0.21 0.22 14 194.228 37617.624016
0.21 0.22 15 219.081 50512.570439
0.21 0.22 16 229.096 51989.194784
0.21 0.22 17 246.499 60296.543999
0.21 0.22 18 253.153 70466.993591
0.21 0.22 19 267.83 75406.8311
0.22 0.23 0 70.726 4966.238924
0.22 0.23 1 94.848 9946.596896
0.22 0.23 2 99.975 10818.800375
0.22 0.23 3 95.925 9283.791375
0.22 0.23 4 104.066 9574.545644
0.22 0.23 5 116.622 12871.479116
0.22 0.23 6 120.012 15188.175856
0.22 0.23 7 123.38 14833.5036
0.22 0.23 8 142.427 19279.814671
0.22 0.23 9 156.895 24636.155975
0.22 0.23 10 173.534 28660.712844
0.22 0.23 11 197.345 37216.227975
0.22 0.23 12 191.009 33318.656919
0.22 0.23 13 211.893 46204.595551
0.22 0.23 14 223.021 44881.914559
0.22 0.23 15 249.415 60968.932775
0.22 0.23 16 256.056 67098.370864
0.22 0.23 17 255.84 67498.1484
0.22 0.23 18 280.436 88170.663904
0.22 0.23 19 296.231 85901.305639
0.23 0.24 0 70.925 5051.337375
0.23 0.24 1 107.04 12553.5604
0.23 0.24 2 104.925 10899.141375
0.23 0.24 3 102.219 10766.635039
0.23 0.24 4 106.452 10657.419696
0.23 0.24 5 108.902 11176.098396
0.23 0.24 6 109.99 10850.3999
0.23 0.24 7 109.903 10782.593591
0.23 0.24 8 122.683 15271.510511
0.23 0.24 9 130.995 15656.418975
0.23 0.24 10 132.027 17365.244271
0.23 0.24 11 151.074 19904.646524
0.23 0.24 12 159.346 22305.822284
0.23 0.24 13 167.488 25859.873856
0.23 0.24 14 177.879 32792.752359
0.23 0.24 15 179.964 28456.316704
0.23 0.24 16 198.859 38957.739119
0.23 0.24 17 228.259 53147.829919
0.23 0.24 18 231.489 53111.317879
0.23 0.24 19 246.121 55898.158359
0.24 0.25 0 70.703 5367.550791
0.24 0.25 1 104.436 9676.787904
0.24 0.25 2 107.851 10709.232799
0.24 0.25 3 109.877 11719.325871
0.24 0.25 4 120.898 15005.735596
0.24 0.25 5 118.531 15634.741039
0.24 0.25 6 130.315 17680.165775
0.24 0.25 7 144.1 20039.96
0.24 0.25 8 156.896 25621.799184
0.24 0.25 9 161.928 26978.278816
0.24 0.25 10 194.233 36920.146711
0.24 0.25 11 197.396 42703.503184
0.24 0.25 12 206.49 44445.6699
0.24 0.25 13 220.228 50695.098016
0.24 0.25 14 237.824 55172.955024
0.24 0.25 15 255.271 62786.655559
0.24 0.25 16 286.392 84995.750336
0.24 0.25 17 288.139 83520.607679
0.24 0.25 18 319.066 117843.703644
0.24 0.25 19 320.869 98586.525839
0.25 0.26 0 64.654 4152.780284
0.25 0.26 1 78.578 5505.477916
0.25 0.26 2 79.124 5709.846624
0.25 0.26 3 72.575 4697.646375
0.25 0.26 4 66.889 3547.134679
0.25 0.26 5 63.087 3329.955431
0.25 0.26 6 68.178 4109.598316
0.25 0.26 7 74.006 4951.893964
0.25 0.26 8 82.838 6047.829756
0.25 0.26 9 86.721 6998.521159
0.25 0.26 10 96.57 8292.8831
0.25 0.26 11 102.177 9830.401671
0.25 0.26 12 115.36 11857.7624
0.25 0.26 13 122.617 14075.790311
0.25 0.26 14 130.598 17513.828396
0.25 0.26 15 133.96 18774.9524
0.25 0.26 16 143.17 19806.6931
0.25 0.26 17 153.678 23701.032316
0.25 0.26 18 159.593 22862.991351
0.25 0.26 19 170.286 29675.404204
0.26 0.27 0 70.804 5266.547584
0.26 0.27 1 81.218 5899.846476
0.26 0.27 2 81.398 5898.207596
0.26 0.27 3 81.752 5898.946496
0.26 0.27 4 74.673 5397.534071
0.26 0.27 5 77.312 5151.866656
0.26 0.27 6 81.203 5840.635791
0.26 0.27 7 87.152 6942.616896
0.26 0.27 8 91.232 7033.864176
0.26 0.27 9 101.164 8568.433104
0.26 0.27 10 116.077 11377.521071
0.26 0.27 11 123.307 15125.434751
0.26 0.27 12 125.745 14477.511975
0.26 0.27 13 136.987 18231.660831
0.26 0.27 14 147.545 18277.001975
0.26 0.27 15 157.383 22136.136311
0.26 0.27 16 159.369 24640.042839
0.26 0.27 17 174.875 26429.517375
0.26 0.27 18 188.958 29296.088236
0.26 0.27 19 194.841 33962.359719
0.27 0.28 0 69.47 4579.4491
0.27 0.28 1 81.687 5874.395031
0.27 0.28 2 90.392 7683.656336
0.27 0.28 3 84.716 7397.421344
0.27 0.28 4 82.538 6050.886556
0.27 0.28 5 82.561 6273.404279
0.27 0.28 6 91.678 7213.932316
0.27 0.28 7 100.296 8434.854384
0.27 0.28 8 118.099 11804.369199
0.27 0.28 9 129.575 16106.510375
0.27 0.28 10 136.239 16949.161879
0.27 0.28 11 145.558 18734.902636
0.27 0.28 12 159.896 23154.171184
0.27 0.28 13 171.461 25447.050479
0.27 0.28 14 191.454 31996.491884
0.27 0.28 15 203.351 36273.891799
0.27 0.28 16 196.174 34217.907724
0.27 0.28 17 217.587 47915.712431
0.27 0.28 18 217.918 43387.823276
0.27 0.28 19 229.732 47842.574176
0.28 0.29 0 68.528 4800.199216
0.28 0.29 1 78.822 6460.308316
0.28 0.29 2 94.868 8243.554576
0.28 0.29 3 92.412 7650.792256
0.28 0.29 4 83.719 6338.824039
0.28 0.29 5 89.738 7315.829356
0.28 0.29 6 89.611 7141.105679
0.28 0.29 7 102.225 8998.896375
0.28 0.29 8 111.247 10865.453991
0.28 0.29 9 119.152 13446.590896
0.28 0.29 10 128.435 15549.915775
0.28 0.29 11 133.415 14649.942775
0.28 0.29 12 153.132 19822.800576
0.28 0.29 13 153.015 22113.880775
0.28 0.29 14 163.192 24755.575136
0.28 0.29 15 181.384 31842.950544
0.28 0.29 16 193.524 34278.381424
0.28 0.29 17 209.496 39737.453984
0.28 0.29 18 225.457 46092.034151
0.28 0.29 19 222.75 44222.5535
0.29 0.3 0 66.84 4421.2464
0.29 0.3 1 77.78 5835.1376
0.29 0.3 2 91.764 8445.412304
0.29 0.3 3 99.438 9787.300156
0.29 0.3 4 87.658 7164.745036
0.29 0.3 5 96.61 8786.6739
0.29 0.3 6 100.032 8243.954976
0.29 0.3 7 112.105 10806.811975
0.29 0.3 8 123.09 14004.5579
0.29 0.3 9 139.8 17569.76
0.29 0.3 10 136.381 17751.179839
0.29 0.3 11 157.794 23274.469564
0.29 0.3 12 173.676 25088.217024
0.29 0.3 13 188.001 33434.470999
0.29 0.3 14 203.447 38956.685191
0.29 0.3 15 211.685 42670.067775
0.29 0.3 16 222.54 47768.1824
0.29 0.3 17 233.773 54896.441471
0.29 0.3 18 243.672 54396.944416
0.29 0.3 19 272.221 73358.088159
0.3 0.31 0 63.918 3607.021276
0.3 0.31 1 80.142 6470.455836
0.3 0.31 2 93.405 7799.912975
0.3 0.31 3 97.299 8898.267599
0.3 0.31 4 96.45 8735.4075
0.3 0.31 5 87.354 6456.490684
0.3 0.31 6 101.812 8862.448656
0.3 0.31 7 105.316 9774.772144
0.3 0.31 8 114.313 10664.759031
0.3 0.31 9 135.907 15989.966351
0.3 0.31 10 147.023 19652.790471
0.3 0.31 11 159.119 23568.718839
0.3 0.31 12 170.747 30528.638991
0.3 0.31 13 174.802 25134.470796
0.3 0.31 14 196.679 35206.241959
0.3 0.31 15 214.127 45645.308871
0.3 0.31 16 218.349 45252.837199
0.3 0.31 17 227.63 49101.8591
0.3 0.31 18 239.176 50733.169024
0.3 0.31 19 239.156 48106.501664
0.31 0.32 0 66.895 4102.593975
0.31 0.32 1 82.987 6877.566831
0.31 0.32 2 101.629 9197.217359
0.31 0.32 3 103.137 9635.892231
0.31 0.32 4 90.942 7625.912636
0.31 0.32 5 88.49 6826.3179
0.31 0.32 6 87.531 6987.721039
0.31 0.32 7 85.371 5910.679359
0.31 0.32 8 96.101 8038.780799
0.31 0.32 9 101.542 8618.162236
0.31 0.32 10 118.387 11958.843231
0.31 0.32 11 127.457 15242.812151
0.31 0.32 12 134.904 15168.092784
0.31 0.32 13 146.805 17906.092975
0.31 0.32 14 160.543 23016.846151
0.31 0.32 15 162.589 25221.328079
0.31 0.32 16 179.25 28648.1515
0.31 0.32 17 187.309 30895.373519
0.31 0.32 18 198.215 35633.816775
0.31 0.32 19 207.355 35915.468975
0.32 0.33 0 69.317 4890.304511
0.32 0.33 1 80.824 6135.129024
0.32 0.33 2 100.194 10020.306364
0.32 0.33 3 108.619 11206.987839
0.32 0.33 4 97.91 8750.6199
0.32 0.33 5 103.88 9773.3756
0.32 0.33 6 110.444 10601.794864
0.32 0.33 7 115.135 12867.150775
0.32 0.33 8 125.615 15426.472775
0.32 0.33 9 140.637 19278.993231
0.32 0.33 10 152.601 21652.503799
0.32 0.33 11 166.543 27466.476151
0.32 0.33 12 175.139 29716.543679
0.32 0.33 13 191.697 36251.049191
0.32 0.33 14 208.842 37323.699036
0.32 0.33 15 216.443 43553.632751
0.32 0.33 16 239.014 57077.623804
0.32 0.33 17 264.322 62125.284316
0.32 0.33 18 264.116 72762.952544
0.32 0.33 19 277.25 68674.9775
0.33 0.34 0 67.444 4308.628864
0.33 0.34 1 82.466 6877.790844
0.33 0.34 2 97.359 9824.748119
0.33 0.34 3 108.463 11735.198631
0.33 0.34 4 97.596 8599.666784
0.33 0.34 5 105.514 10938.499804
0.33 0.34 6 117.18 13156.8716
0.33 0.34 7 118.159 12223.489719
0.33 0.34 8 130.067 16627.522511
0.33 0.34 9 144.211 20428.290479
0.33 0.34 10 162.643 23211.401551
0.33 0.34 11 169.422 25824.507916
0.33 0.34 12 189.669 32439.867439
0.33 0.34 13 198.363 38444.973231
0.33 0.34 14 209.856 41024.693264
0.33 0.34 15 215.0 39425.872
0.33 0.34 16 241.059 53718.731519
0.33 0.34 17 239.622 49361.529116
0.33 0.34 18 253.922 55126.339916
0.33 0.34 19 283.84 81002.2704
0.34 0.35 0 71.186 5024.721404
0.34 0.35 1 82.812 6546.804656
0.34 0.35 2 101.593 10658.523351
0.34 0.35 3 105.634 11411.696044
0.34 0.35 4 99.891 8675.033119
0.34 0.35 5 97.89 9210.5759
0.34 0.35 6 102.973 9779.370271
0.34 0.35 7 104.068 9725.363376
0.34 0.35 8 116.372 12943.547616
0.34 0.35 9 133.649 17651.941799
0.34 0.35 10 142.817 19223.259511
0.34 0.35 11 147.965 19179.773775
0.34 0.35 12 166.209 25665.627319
0.34 0.35 13 176.062 27578.818156
0.34 0.35 14 192.804 38728.417584
0.34 0.35 15 207.426 39455.212524
0.34 0.35 16 212.736 41993.582304
0.34 0.35 17 237.353 53850.980391
0.34 0.35 18 256.735 59856.004775
0.34 0.35 19 233.126 53783.672124
0.35 0.36 0 66.623 4157.686871
0.35 0.36 1 81.804 6511.167584
0.35 0.36 2 99.6 9656.83
0.35 0.36 3 110.583 11593.983111
0.35 0.36 4 102.231 10380.007639
0.35 0.36 5 109.371 11086.461359
0.35 0.36 6 121.726 12478.358924
0.35 0.36 7 124.263 14280.243831
0.35 0.36 8 134.248 18496.310496
0.35 0.36 9 154.258 21512.321436
0.35 0.36 10 166.132 22216.288576
0.35 0.36 11 172.478 27863.983516
0.35 0.36 12 191.718 37350.932476
0.35 0.36 13 214.63 44065.3991
0.35 0.36 14 216.917 47467.250111
0.35 0.36 15 237.278 54748.780716
0.35 0.36 16 252.133 64120.243311
0.35 0.36 17 258.708 64702.726736
0.35 0.36 18 288.221 81211.732159
0.35 0.36 19 298.365 78822.807775
0.36 0.37 0 69.928 4296.374816
0.36 0.37 1 77.71 5542.5559
0.36 0.37 2 104.316 10673.322144
0.36 0.37 3 106.344 10856.423664
0.36 0.37 4 111.7 12621.552
0.36 0.37 5 99.252 8447.602496
0.36 0.37 6 111.704 12404.424384
0.36 0.37 7 118.619 12850.545839
0.36 0.37 8 124.049 14503.090599
0.36 0.37 9 133.365 15092.607775
0.36 0.37 10 143.634 19440.756044
0.36 0.37 11 163.752 27496.732496
0.36 0.37 12 175.133 32046.773311
0.36 0.37 13 185.776 34095.351824
0.36 0.37 14 201.545 38007.639975
0.36 0.37 15 210.138 39050.838956
0.36 0.37 16 228.947 48370.148191
0.36 0.37 17 238.887 55885.876231
0.36 0.37 18 247.943 56859.857751
0.36 0.37 19 249.957 62030.377151
0.37 0.38 0 65.57 4496.9611
0.37 0.38 1 77.709 5537.278319
0.37 0.38 2 106.364 10230.839504
0.37 0.38 3 104.426 9664.292524
0.37 0.38 4 94.778 7502.940716
0.37 0.38 5 91.603 7257.595391
0.37 0.38 6 84.52 6714.2036
0.37 0.38 7 86.083 6591.980111
0.37 0.38 8 101.447 10683.275191
0.37 0.38 9 107.981 9377.338639
0.37 0.38 10 109.937 9906.219031
0.37 0.38 11 127.489 15636.197879
0.37 0.38 12 135.933 16025.444511
0.37 0.38 13 140.6 19033.788
0.37 0.38 14 154.085 22116.335775
0.37 0.38 15 158.368 25083.280576
0.37 0.38 16 178.495 30399.359975
0.37 0.38 17 170.865 26211.720775
0.37 0.38 18 185.774 31794.906924
0.37 0.38 19 205.69 39693.3559
0.38 0.39 0 67.503 4247.879991
0.38 0.39 1 82.387 6163.079231
0.38 0.39 2 103.322 10718.624316
0.38 0.39 3 102.019 10547.522639
0.38 0.39 4 95.328 8493.502416
0.38 0.39 5 105.952 12118.047696
0.38 0.39 6 125.271 15822.883559
0.38 0.39 7 121.819 13501.888239
0.38 0.39 8 138.419 18958.421439
0.38 0.39 9 145.704 20652.482384
0.38 0.39 10 171.933 30022.268511
0.38 0.39 11 176.181 28653.752239
0.38 0.39 12 195.038 41225.810556
0.38 0.39 13 215.017 49374.448711
0.38 0.39 14 234.088 49795.984256
0.38 0.39 15 239.074 51374.984524
0.38 0.39 16 250.244 61812.716464
0.38 0.39 17 265.963 67006.665631
0.38 0.39 18 307.731 82324.606639
0.38 0.39 19 305.551 88113.507399
0.39 0.4 0 66.305 4904.443975
0.39 0.4 1 84.176 6917.795024
0.39 0.4 2 110.531 12461.839039
0.39 0.4 3 105.504 11739.679984
0.39 0.4 4 102.874 10551.892124
0.39 0.4 5 104.241 10241.766919
0.39 0.4 6 109.707 11272.711151
0.39 0.4 7 114.055 13046.659975
0.39 0.4 8 124.362 16041.402956
0.39 0.4 9 134.072 17399.784816
0.39 0.4 10 164.385 27605.982775
0.39 0.4 11 166.821 27565.420959
0.39 0.4 12 176.924 29947.458224
0.39 0.4 13 188.63 29876.9471
0.39 0.4 14 203.391 41966.402119
0.39 0.4 15 219.631 45238.624839
0.39 0.4 16 241.681 56193.983239
0.39 0.4 17 240.577 60057.190071
0.39 0.4 18 267.098 66369.854396
0.39 0.4 19 281.836 76414.659104
0.4 0.41 0 71.819 4764.646239
0.4 0.41 1 76.762 5069.023356
0.4 0.41 2 100.317 10209.296511
0.4 0.41 3 100.924 11753.836224
0.4 0.41 4 98.676 9266.617024
0.4 0.41 5 101.567 8966.091511
0.4 0.41 6 104.47 11098.7091
0.4 0.41 7 114.763 12467.538831
0.4 0.41 8 127.622 17928.303116
0.4 0.41 9 141.251 19231.599999
0.4 0.41 10 152.451 26351.425599
0.4 0.41 11 164.722 25889.340716
0.4 0.41 12 173.859 28520.427119
0.4 0.41 13 195.254 37789.749484
0.4 0.41 14 199.735 38286.678775
0.4 0.41 15 214.073 43109.205671
0.4 0.41 16 231.885 57353.217775
0.4 0.41 17 244.494 61516.145964
0.4 0.41 18 257.161 79088.743079
0.4 0.41 19 269.506 76988.651964
0.41 0.42 0 70.302 4417.864796
0.41 0.42 1 73.05 5688.7915
0.41 0.42 2 109.976 14420.791424
0.41 0.42 3 105.236 10666.046304
0.41 0.42 4 95.997 8797.992991
0.41 0.42 5 111.365 12732.615775
0.41 0.42 6 123.368 15137.858576
0.41 0.42 7 135.596 15905.396784
0.41 0.42 8 147.851 21894.578799
0.41 0.42 9 169.407 28660.009351
0.41 0.42 10 180.932 32982.005376
0.41 0.42 11 198.352 38160.232096
0.41 0.42 12 212.495 40552.555975
0.41 0.42 13 222.155 53025.998975
0.41 0.42 14 243.443 59901.896751
0.41 0.42 15 256.441 69332.938519
0.41 0.42 16 265.118 70737.258076
0.41 0.42 17 313.348 103788.588896
0.41 0.42 18 324.708 119738.348736
0.41 0.42 19 315.072 107749.484816
0.42 0.43 0 71.129 4728.952359
0.42 0.43 1 70.384 5092.786544
0.42 0.43 2 104.744 10710.874464
0.42 0.43 3 97.527 9157.367271
0.42 0.43 4 87.555 6380.516975
0.42 0.43 5 76.784 4808.547344
0.42 0.43 6 76.158 5305.561036
0.42 0.43 7 82.36 5268.4184
0.42 0.43 8 84.699 5743.274399
0.42 0.43 9 91.373 6475.341871
0.42 0.43 10 102.279 9056.109159
0.42 0.43 11 110.191 9844.468519
0.42 0.43 12 118.733 11227.929711
0.42 0.43 13 130.73 14290.5491
0.42 0.43 14 146.159 17604.937719
0.42 0.43 15 140.274 16586.970924
0.42 0.43 16 147.572 15803.098816
0.42 0.43 17 157.544 18838.888064
0.42 0.43 18 172.437 25017.120031
0.42 0.43 19 174.582 26383.775276
0.43 0.44 0 65.021 3849.046559
0.43 0.44 1 81.64 6748.9044
0.43 0.44 2 100.058 9756.342636
0.43 0.44 3 94.386 7818.065004
0.43 0.44 4 88.709 6651.474319
0.43 0.44 5 84.817 6308.167511
0.43 0.44 6 88.208 7778.328736
0.43 0.44 7 99.886 9665.915004
0.43 0.44 8 103.48 10281.3056
0.43 0.44 9 108.747 10968.928991
0.43 0.44 10 120.736 13670.074304
0.43 0.44 11 133.812 17263.412656
0.43 0.44 12 154.461 24395.374479
0.43 0.44 13 158.536 26652.066704
0.43 0.44 14 158.425 23272.360375
0.43 0.44 15 169.605 23605.456975
0.43 0.44 16 182.536 30838.232704
0.43 0.44 17 201.472 37411.683216
0.43 0.44 18 208.45 39826.3115
0.43 0.44 19 213.949 43134.098399
0.44 0.45 0 69.531 4713.899039
0.44 0.45 1 77.792 5794.614736
0.44 0.45 2 103.781 9980.221039
0.44 0.45 3 101.613 11142.129231
0.44 0.45 4 95.717 9720.160911
0.44 0.45 5 104.35 11084.4075
0.44 0.45 6 115.956 11683.376064
0.44 0.45 7 127.085 16595.887775
0.44 0.45 8 133.835 18369.835775
0.44 0.45 9 154.204 22238.546384
0.44 0.45 10 162.443 28703.038751
0.44 0.45 11 171.981 26996.404639
0.44 0.45 12 186.912 33635.658256
0.44 0.45 13 199.722 39314.684716
0.44 0.45 14 211.645 41028.926975
0.44 0.45 15 235.187 59716.074031
0.44 0.45 16 248.805 57327.184975
0.44 0.45 17 266.826 72210.373724
0.44 0.45 18 252.879 69334.144359
0.44 0.45 19 276.08 77184.7976
0.45 0.46 0 67.094 4588.567164
0.45 0.46 1 74.606 5323.232764
0.45 0.46 2 95.972 8876.889216
0.45 0.46 3 100.578 9610.007916
0.45 0.46 4 90.593 7632.341351
0.45 0.46 5 99.579 8558.675759
0.45 0.46 6 101.838 10825.137756
0.45 0.46 7 108.004 11565.841984
0.45 0.46 8 113.29 12306.7199
0.45 0.46 9 127.348 15924.440896
0.45 0.46 10 134.832 14843.499776
0.45 0.46 11 147.085 20421.649775
0.45 0.46 12 161.808 26188.367136
0.45 0.46 13 178.186 29665.797404
0.45 0.46 14 168.424 27933.994224
0.45 0.46 15 195.937 42081.635031
0.45 0.46 16 203.05 41733.2135
0.45 0.46 17 215.308 43679.095136
0.45 0.46 18 232.625 54293.896375
0.45 0.46 19 255.294 63150.601564
0.46 0.47 0 65.978 4307.523516
0.46 0.47 1 81.211 7023.196479
0.46 0.47 2 99.178 8954.394316
0.46 0.47 3 98.547 9106.335791
0.46 0.47 4 92.271 8056.451559
0.46 0.47 5 94.969 7996.066039
0.46 0.47 6 102.771 8930.220559
0.46 0.47 7 110.639 10261.480679
0.46 0.47 8 121.206 14527.811564
0.46 0.47 9 127.719 16408.992039
0.46 0.47 10 137.029 17864.510159
0.46 0.47 11 155.139 22015.019679
0.46 0.47 12 169.889 29439.434679
0.46 0.47 13 172.12 31112.4556
0.46 0.47 14 186.432 36106.545376
0.46 0.47 15 202.624 44267.306624
0.46 0.47 16 214.649 43748.329799
0.46 0.47 17 216.74 45793.6384
0.46 0.47 18 232.75 48561.8655
0.46 0.47 19 262.932 67525.511376
0.47 0.48 0 69.118 4386.990076
0.47 0.48 1 79.429 5334.684959
0.47 0.48 2 98.364 8592.833504
0.47 0.48 3 96.471 8936.317159
0.47 0.48 4 89.063 7754.417031
0.47 0.48 5 98.173 10030.679071
0.47 0.48 6 110.737 11546.913831
0.47 0.48 7 125.199 16083.351399
0.47 0.48 8 130.415 14999.752775
0.47 0.48 9 147.036 19843.292704
0.47 0.48 10 162.146 24602.144684
0.47 0.48 11 181.416 31495.698944
0.47 0.48 12 190.884 34639.822544
0.47 0.48 13 201.779 43524.026159
0.47 0.48 14 214.926 45570.266524
0.47 0.48 15 238.805 55134.150975
0.47 0.48 16 243.346 54558.266284
0.47 0.48 17 267.24 74932.5704
0.47 0.48 18 260.675 72023.031375
0.47 0.48 19 286.165 85687.883775
0.48 0.49 0 67.017 3909.608711
0.48 0.49 1 83.639 6698.576679
0.48 0.49 2 103.889 11594.250679
0.48 0.49 3 95.213 8805.579631
0.48 0.49 4 88.942 7553.178636
0.48 0.49 5 86.88 7266.0416
0.48 0.49 6 85.078 7009.793916
0.48 0.49 7 93.265 8741.394775
0.48 0.49 8 104.981 9413.914639
0.48 0.49 9 112.175 12242.286375
0.48 0.49 10 124.167 15415.943111
0.48 0.49 11 125.26 13126.2544
0.48 0.49 12 150.231 22665.971639
0.48 0.49 13 149.333 21561.314111
0.48 0.49 14 167.887 29727.980231
0.48 0.49 15 180.388 30700.447456
0.48 0.49 16 193.728 41700.730016
0.48 0.49 17 185.268 37221.802176
0.48 0.49 18 200.411 42742.724079
0.48 0.49 19 214.833 49764.607111
0.49 0.5 0 67.018 4565.917676
0.49 0.5 1 83.909 6210.914719
0.49 0.5 2 97.545 9514.501975
0.49 0.5 3 90.781 7898.417039
0.49 0.5 4 89.862 7411.284956
0.49 0.5 5 86.814 6925.525404
0.49 0.5 6 93.803 8914.210191
0.49 0.5 7 100.849 11268.218199
0.49 0.5 8 113.005 13019.870975
0.49 0.5 9 122.562 16564.810156
0.49 0.5 10 126.91 14976.6859
0.49 0.5 11 141.099 20332.351199
0.49 0.5 12 143.404 20368.300784
0.49 0.5 13 158.832 25305.251776
0.49 0.5 14 179.032 34223.116976
0.49 0.5 15 187.989 40039.072879
0.49 0.5 16 194.736 40468.760304
0.49 0.5 17 214.484 49255.483744
0.49 0.5 18 215.147 47864.809391
0.49 0.5 19 229.667 63865.616111
0.5 0.51 0 66.164 4300.495104
0.5 0.51 1 90.66 7460.4804
0.5 0.51 2 98.027 8797.296271
0.5 0.51 3 91.941 8556.495519
0.5 0.51 4 81.026 7350.409324
0.5 0.51 5 85.252 8416.218496
0.5 0.51 6 88.491 8386.121919
0.5 0.51 7 91.933 9863.310511
0.5 0.51 8 105.374 12040.360124
0.5 0.51 9 116.379 15377.917359
0.5 0.51 10 129.554 19406.983084
0.5 0.51 11 139.27 21948.7391
0.5 0.51 12 152.236 24359.800304
0.5 0.51 13 145.972 28719.833216
0.5 0.51 14 179.058 42028.398636
0.5 0.51 15 177.129 33993.524359
0.5 0.51 16 184.907 35728.642351
0.5 0.51 17 199.61 51535.1219
0.5 0.51 18 225.441 64760.490519
0.5 0.51 19 235.96 58454.1744
0.51 0.52 0 69.705 4835.389975
0.51 0.52 1 112.954 22000.173884
0.51 0.52 2 112.388 19298.877456
0.51 0.52 3 106.644 14222.403264
0.51 0.52 4 86.901 7801.329199
0.51 0.52 5 88.182 7426.756876
0.51 0.52 6 89.536 7933.912704
0.51 0.52 7 94.622 8564.901116
0.51 0.52 8 99.839 9737.757079
0.51 0.52 9 113.162 12578.809756
0.51 0.52 10 121.971 15129.774159
0.51 0.52 11 133.823 18759.795671
0.51 0.52 12 133.611 15749.803679
0.51 0.52 13 155.867 24821.707311
0.51 0.52 14 164.598 27006.624396
0.51 0.52 15 171.815 27937.190775
0.51 0.52 16 190.481 39932.695639
0.51 0.52 17 204.536 43403.088704
0.51 0.52 18 190.763 38284.066831
0.51 0.52 19 211.012 41609.755856
0.52 0.53 0 66.867 4443.603311
0.52 0.53 1 127.163 26888.144431
0.52 0.53 2 121.747 23926.834991
0.52 0.53 3 107.704 14099.508384
0.52 0.53 4 91.511 8003.651879
0.52 0.53 5 88.25 7151.6995
0.52 0.53 6 96.375 9725.426375
0.52 0.53 7 107.611 12495.793679
0.52 0.53 8 122.094 14888.039164
0.52 0.53 9 140.947 18018.164191
0.52 0.53 10 149.087 20355.527431
0.52 0.53 11 161.939 25253.275279
0.52 0.53 12 174.763 28835.082831
0.52 0.53 13 192.406 35894.883164
0.52 0.53 14 199.718 34066.026476
0.52 0.53 15 217.753 50897.851991
0.52 0.53 16 222.625 48862.660375
0.52 0.53 17 233.689 57272.846279
0.52 0.53 18 242.505 56711.145975
0.52 0.53 19 255.83 63122.7411
0.53 0.54 0 67.005 4885.794975
0.53 0.54 1 127.122 24687.713116
0.53 0.54 2 121.081 19900.282439
0.53 0.54 3 108.146 13195.624684
0.53 0.54 4 93.136 8455.493504
0.53 0.54 5 91.176 7424.003024
0.53 0.54 6 89.062 7655.840156
0.53 0.54 7 94.054 9071.019084
0.53 0.54 8 109.222 11672.220716
0.53 0.54 9 111.722 12318.414716
0.53 0.54 10 132.988 18013.579856
0.53 0.54 11 139.857 18421.414551
0.53 0.54 12 152.726 24223.810924
0.53 0.54 13 164.513 25414.377831
0.53 0.54 14 170.72 25718.1656
0.53 0.54 15 185.241 39352.808919
0.53 0.54 16 191.388 38821.621456
0.53 0.54 17 218.911 50121.995079
0.53 0.54 18 215.994 47604.455964
0.53 0.54 19 236.788 59238.341056
0.54 0.55 0 68.31 4560.8719
0.54 0.55 1 125.298 24003.019196
0.54 0.55 2 116.571 20588.814959
0.54 0.55 3 105.876 13160.694624
0.54 0.55 4 89.852 8295.654096
0.54 0.55 5 101.273 11115.338471
0.54 0.55 6 103.306 11102.512364
0.54 0.55 7 110.676 13039.377024
0.54 0.55 8 119.686 15623.545404
0.54 0.55 9 129.709 19623.714319
0.54 0.55 10 156.156 24322.725664
0.54 0.55 11 159.461 27948.326479
0.54 0.55 12 176.732 33775.854176
0.54 0.55 13 178.739 32051.182879
0.54 0.55 14 202.042 37306.980236
0.54 0.55 15 209.876 43793.546624
0.54 0.55 16 234.062 64252.786156
0.54 0.55 17 233.701 58177.395599
0.54 0.55 18 248.002 63855.365996
0.54 0.55 19 264.013 65695.986831
0.55 0.56 0 63.325 4131.889375
0.55 0.56 1 140.353 24808.692391
0.55 0.56 2 122.946 17649.877084
0.55 0.56 3 107.725 13932.249375
0.55 0.56 4 101.844 10914.121664
0.55 0.56 5 105.675 10689.551375
0.55 0.56 6 128.719 19593.214039
0.55 0.56 7 134.518 22160.501676
0.55 0.56 8 154.194 26334.464364
0.55 0.56 9 163.111 26808.780679
0.55 0.56 10 173.272 36082.688016
0.55 0.56 11 192.966 39242.864844
0.55 0.56 12 207.86 55354.9124
0.55 0.56 13 217.718 55359.788476
0.55 0.56 14 225.322 60597.598316
0.55 0.56 15 265.032 78297.558976
0.55 0.56 16 273.281 88081.632039
0.55 0.56 17 283.21 93549.7239
0.55 0.56 18 284.765 92141.035775
0.55 0.56 19 326.192 116041.933136
0.56 0.57 0 72.706 5573.805564
0.56 0.57 1 141.91 25530.3379
0.56 0.57 2 131.305 21532.609975
0.56 0.57 3 108.719 11802.650039
0.56 0.57 4 92.563 8224.902031
0.56 0.57 5 89.125 7120.677375
0.56 0.57 6 87.486 7619.009804
0.56 0.57 7 97.378 9854.969116
0.56 0.57 8 105.105 11490.471975
0.56 0.57 9 120.829 13238.985759
0.56 0.57 10 128.484 17790.463744
0.56 0.57 11 131.532 20596.238976
0.56 0.57 12 145.287 22228.342631
0.56 0.57 13 157.623 25628.746871
0.56 0.57 14 163.895 29255.975975
0.56 0.57 15 178.303 35845.491191
0.56 0.57 16 196.716 41118.753344
0.56 0.57 17 198.301 44399.494399
0.56 0.57 18 215.045 48128.006975
0.56 0.57 19 220.739 48122.898879
0.57 0.58 0 66.048 4738.687696
0.57 0.58 1 142.35 25849.7195
0.57 0.58 2 115.017 15515.454711
0.57 0.58 3 107.792 12481.626736
0.57 0.58 4 103.451 10951.591599
0.57 0.58 5 108.069 13724.642239
0.57 0.58 6 115.771 15162.626559
0.57 0.58 7 117.716 14614.379344
0.57 0.58 8 131.124 16842.420624
0.57 0.58 9 148.993 21989.794951
0.57 0.58 10 150.873 23327.676871
0.57 0.58 11 172.537 30702.630631
0.57 0.58 12 187.718 39168.450476
0.57 0.58 13 191.753 38947.271991
0.57 0.58 14 210.905 45244.221975
0.57 0.58 15 228.858 48283.127836
0.57 0.58 16 240.193 60063.659751
0.57 0.58 17 249.875 68461.717375
0.57 0.58 18 258.159 74876.523719
0.57 0.58 19 282.544 78085.522064
0.58 0.59 0 66.745 4980.933975
0.58 0.59 1 145.575 27743.086375
0.58 0.59 2 122.283 17300.092911
0.58 0.59 3 112.225 13004.476375
0.58 0.59 4 104.927 13044.995671
0.58 0.59 5 115.906 15252.701164
0.58 0.59 6 134.287 23959.974631
0.58 0.59 7 138.857 23910.812551
0.58 0.59 8 153.937 27428.513031
0.58 0.59 9 162.798 35173.797196
0.58 0.59 10 186.758 41741.903436
0.58 0.59 11 196.23 46941.0391
0.58 0.59 12 200.089 52834.229079
0.58 0.59 13 221.63 54481.5451
0.58 0.59 14 241.663 73227.787431
0.58 0.59 15 252.86 74518.2504
0.58 0.59 16 277.594 92719.119164
0.58 0.59 17 276.289 101293.645479
0.58 0.59 18 325.823 134419.451671
0.58 0.59 19 310.143 125054.188551
0.59 0.6 0 64.022 4149.345516
0.59 0.6 1 138.144 22003.073264
0.59 0.6 2 121.924 15180.412224
0.59 0.6 3 112.415 13866.352775
0.59 0.6 4 112.355 14053.522975
0.59 0.6 5 107.316 12029.798144
0.59 0.6 6 113.768 15785.636176
0.59 0.6 7 110.474 14703.919324
0.59 0.6 8 123.731 19781.278639
0.59 0.6 9 139.127 22027.762871
0.59 0.6 10 156.076 27392.684224
0.59 0.6 11 169.992 36257.091936
0.59 0.6 12 180.931 34820.854239
0.59 0.6 13 185.743 40263.380951
0.59 0.6 14 203.859 53306.401119
0.59 0.6 15 232.932 65397.447376
0.59 0.6 16 226.469 68457.547039
0.59 0.6 17 237.612 66694.165456
0.59 0.6 18 247.902 76464.182396
0.59 0.6 19 273.126 92804.908124
0.6 0.61 0 69.98 4685.6096
0.6 0.61 1 134.744 22681.246464
0.6 0.61 2 117.37 13633.4331
0.6 0.61 3 114.344 13966.531664
0.6 0.61 4 112.273 16202.378471
0.6 0.61 5 113.935 16289.332775
0.6 0.61 6 123.177 19053.063671
0.6 0.61 7 145.815 25654.240775
0.6 0.61 8 152.196 33923.321584
0.6 0.61 9 153.992 34714.861936
0.6 0.61 10 184.61 46292.7299
0.6 0.61 11 199.525 57793.449375
0.6 0.61 12 193.84 54107.7884
0.6 0.61 13 223.598 59623.212396
0.6 0.61 14 236.167 79409.881111
0.6 0.61 15 244.842 84797.221036
0.6 0.61 16 269.721 97217.579159
0.6 0.61 17 291.899 107963.420799
0.6 0.61 18 311.299 143854.301599
0.6 0.61 19 322.004 143511.007984
0.61 0.62 0 69.751 4634.656999
0.61 0.62 1 130.573 21310.414671
0.61 0.62 2 116.314 16743.653404
0.61 0.62 3 111.932 13090.695376
0.61 0.62 4 112.409 13554.413719
0.61 0.62 5 125.613 21574.563231
0.61 0.62 6 123.374 21222.864124
0.61 0.62 7 142.684 32375.792144
0.61 0.62 8 152.517 38934.297711
0.61 0.62 9 167.997 38289.780991
0.61 0.62 10 176.958 43896.168236
0.61 0.62 11 207.794 62086.097564
0.61 0.62 12 210.753 63959.633991
0.61 0.62 13 221.362 84823.716956
0.61 0.62 14 254.667 103861.616111
0.61 0.62 15 269.183 117719.671511
0.61 0.62 16 288.581 135736.817439
0.61 0.62 17 301.782 126147.258476
0.61 0.62 18 308.099 147427.139199
0.61 0.62 19 326.29 156047.6979
0.62 0.63 0 65.639 4346.424679
0.62 0.63 1 135.413 21216.780431
0.62 0.63 2 116.961 15373.195479
0.62 0.63 3 109.57 13847.4131
0.62 0.63 4 98.865 10445.620775
0.62 0.63 5 92.374 9073.430124
0.62 0.63 6 83.695 7667.139975
0.62 0.63 7 85.789 9370.312479
0.62 0.63 8 92.031 10432.588039
0.62 0.63 9 108.838 14534.273756
0.62 0.63 10 111.446 14661.323084
0.62 0.63 11 133.871 20641.126359
0.62 0.63 12 134.362 21547.572956
0.62 0.63 13 149.304 31730.069584
0.62 0.63 14 153.608 31492.854336
0.62 0.63 15 172.085 38842.301775
0.62 0.63 16 171.524 34035.417424
0.62 0.63 17 182.305 40568.841975
0.62 0.63 18 198.562 49566.750156
0.62 0.63 19 201.411 50711.232079
0.63 0.64 0 65.595 4228.652975
0.63 0.64 1 139.791 21737.689319
0.63 0.64 2 114.558 14272.206636
0.63 0.64 3 106.807 11670.167751
0.63 0.64 4 101.343 11015.261351
0.63 0.64 5 102.152 10856.014896
0.63 0.64 6 111.402 13496.838396
0.63 0.64 7 115.54 14358.7584
0.63 0.64 8 138.854 22363.498684
0.63 0.64 9 153.952 27177.937696
0.63 0.64 10 159.215 31170.384775
0.63 0.64 11 180.53 37754.1071
0.63 0.64 12 200.409 43845.477719
0.63 0.64 13 220.11 56840.8079
0.63 0.64 14 220.896 58418.351184
0.63 0.64 15 226.732 56387.262176
0.63 0.64 16 241.401 67766.690199
0.63 0.64 17 260.058 83469.250636
0.63 0.64 18 287.893 96455.943551
0.63 0.64 19 293.905 101214.545975
0.64 0.65 0 64.963 4429.973631
0.64 0.65 1 139.675 20367.541375
0.64 0.65 2 101.444 11332.918864
0.64 0.65 3 114.3 14781.234
0.64 0.65 4 105.021 14355.954559
0.64 0.65 5 103.097 11821.357591
0.64 0.65 6 104.561 14031.134279
0.64 0.65 7 120.511 17516.815879
0.64 0.65 8 130.172 21163.540416
0.64 0.65 9 143.556 25493.596864
0.64 0.65 10 157.72 30550.9636
0.64 0.65 11 153.519 24995.225639
0.64 0.65 12 175.68 38381.5436
0.64 0.65 13 193.07 49915.9411
0.64 0.65 14 187.239 41824.777879
0.64 0.65 15 209.334 57176.512444
0.64 0.65 16 231.227 64195.407471
0.64 0.65 17 244.65 77906.2435
0.64 0.65 18 257.068 108114.263376
0.64 0.65 19 278.358 105197.905836
0.65 0.66 0 65.464 4172.442704
0.65 0.66 1 145.306 23084.170364
0.65 0.66 2 97.18 10452.4516
0.65 0.66 3 105.981 12929.352639
0.65 0.66 4 98.335 12199.704775
0.65 0.66 5 101.527 12066.935271
0.65 0.66 6 104.414 12755.702604
0.65 0.66 7 113.248 16967.470496
0.65 0.66 8 120.684 19464.686144
0.65 0.66 9 129.691 21979.743519
0.65 0.66 10 148.252 29399.954496
0.65 0.66 11 153.755 33860.434975
0.65 0.66 12 170.87 39366.8571
0.65 0.66 13 175.306 38545.490364
0.65 0.66 14 192.839 49978.961079
0.65 0.66 15 206.076 53639.608224
0.65 0.66 16 212.006 59140.719964
0.65 0.66 17 238.559 69856.782519
0.65 0.66 18 234.152 69415.924896
0.65 0.66 19 262.499 90797.455999
0.66 0.67 0 70.347 4507.444591
0.66 0.67 1 143.977 21990.220471
0.66 0.67 2 99.935 11528.584775
0.66 0.67 3 97.879 10066.140359
0.66 0.67 4 99.439 13609.648279
0.66 0.67 5 107.257 13760.864951
0.66 0.67 6 122.604 17814.663184
0.66 0.67 7 126.113 21753.352231
0.66 0.67 8 133.663 21791.941431
0.66 0.67 9 155.501 32079.077999
0.66 0.67 10 168.781 41190.459039
0.66 0.67 11 186.623 45475.208871
0.66 0.67 12 197.61 51398.9859
0.66 0.67 13 208.979 58673.320559
0.66 0.67 14 243.035 79525.601775
0.66 0.67 15 254.595 97849.988975
0.66 0.67 16 249.702 73206.117196
0.66 0.67 17 263.592 93993.725536
0.66 0.67 18 283.663 114256.657431
0.66 0.67 19 301.611 127321.495679
0.67 0.68 0 70.435 5937.371775
0.67 0.68 1 135.515 18282.719775
0.67 0.68 2 102.775 10284.234375
0.67 0.68 3 85.026 8276.815324
0.67 0.68 4 71.159 5227.115719
0.67 0.68 5 65.659 4291.208719
0.67 0.68 6 62.211 3699.208479
0.67 0.68 7 66.607 3900.222551
0.67 0.68 8 69.874 4151.212124
0.67 0.68 9 77.631 5614.896839
0.67 0.68 10 85.924 6777.348224
0.67 0.68 11 87.749 6845.939999
0.67 0.68 12 94.415 7885.550775
0.67 0.68 13 100.059 9311.975519
0.67 0.68 14 106.702 9097.383196
0.67 0.68 15 112.474 11712.361324
0.67 0.68 16 123.448 13595.813296
0.67 0.68 17 128.783 16501.001911
0.67 0.68 18 133.468 17805.906976
0.67 0.68 19 144.798 20796.881196
0.68 0.69 0 68.205 4658.978975
0.68 0.69 1 134.258 19963.101436
0.68 0.69 2 112.038 15677.926556
0.68 0.69 3 99.948 11467.487296
0.68 0.69 4 81.743 7261.030951
0.68 0.69 5 75.045 5701.686975
0.68 0.69 6 74.921 5624.828759
0.68 0.69 7 87.478 8263.449516
0.68 0.69 8 87.774 7487.280924
0.68 0.69 9 99.602 10721.475596
0.68 0.69 10 113.613 14019.489231
0.68 0.69 11 120.972 17202.005216
0.68 0.69 12 132.454 17491.263884
0.68 0.69 13 143.74 23472.9524
0.68 0.69 14 146.06 21527.4224
0.68 0.69 15 160.985 32355.188775
0.68 0.69 16 169.671 27975.818759
0.68 0.69 17 174.212 33732.833056
0.68 0.69 18 191.629 38694.013359
0.68 0.69 19 193.06 36934.4944
0.69 0.7 0 67.161 4476.409079
0.69 0.7 1 123.005 16628.884975
0.69 0.7 2 118.273 16917.754471
0.69 0.7 3 98.368 9503.948576
0.69 0.7 4 96.349 9180.145199
0.69 0.7 5 107.769 15170.929639
0.69 0.7 6 126.588 17372.272256
0.69 0.7 7 135.889 21160.388679
0.69 0.7 8 145.302 25981.212796
0.69 0.7 9 146.89 23069.1979
0.69 0.7 10 170.913 36463.411431
0.69 0.7 11 187.793 43765.782151
0.69 0.7 12 220.023 59817.112471
0.69 0.7 13 226.553 66163.947191
0.69 0.7 14 237.174 71247.015724
0.69 0.7 15 249.496 77455.073984
0.69 0.7 16 271.5 83728.034
0.69 0.7 17 289.3 109120.96
0.69 0.7 18 308.52 119069.8396
0.69 0.7 19 308.729 124129.925559
0.7 0.71 0 64.879 4175.524359
0.7 0.71 1 127.561 19023.800279
0.7 0.71 2 113.917 14662.342111
0.7 0.71 3 97.47 10416.3171
0.7 0.71 4 89.172 8233.470416
0.7 0.71 5 97.765 10545.025775
0.7 0.71 6 89.685 7289.097775
0.7 0.71 7 102.773 12660.049471
0.7 0.71 8 107.498 12536.665996
0.7 0.71 9 121.677 17065.288671
0.7 0.71 10 143.292 22714.550736
0.7 0.71 11 147.426 25081.778524
0.7 0.71 12 158.106 27536.040764
0.7 0.71 13 170.616 28789.894544
0.7 0.71 14 178.727 37703.046471
0.7 0.71 15 186.006 33348.717964
0.7 0.71 16 203.174 44126.683724
0.7 0.71 17 211.943 47099.931751
0.7 0.71 18 232.062 52639.202156
0.7 0.71 19 234.275 60463.717375
0.71 0.72 0 69.205 4404.872975
0.71 0.72 1 123.97 18827.8411
0.71 0.72 2 116.737 16314.805831
0.71 0.72 3 93.074 9070.524524
0.71 0.72 4 82.43 6655.8011
0.71 0.72 5 78.944 6128.202864
0.71 0.72 6 86.246 7405.629484
0.71 0.72 7 91.58 7931.7956
0.71 0.72 8 98.287 8805.650631
0.71 0.72 9 110.66 12478.2764
0.71 0.72 10 117.511 16055.143879
0.71 0.72 11 124.259 14682.069919
0.71 0.72 12 140.396 20772.723184
0.71 0.72 13 155.6 26447.844
0.71 0.72 14 167.741 27145.763919
0.71 0.72 15 169.955 30817.446975
0.71 0.72 16 182.511 36346.923879
0.71 0.72 17 193.928 37654.794816
0.71 0.72 18 203.021 40971.410559
0.71 0.72 19 221.612 51578.693456
0.72 0.73 0 65.654 4185.354284
0.72 0.73 1 128.6 21316.798
0.72 0.73 2 110.722 14825.876716
0.72 0.73 3 90.302 8532.768796
0.72 0.73 4 74.642 5800.791836
0.72 0.73 5 88.829 9422.293759
0.72 0.73 6 100.422 10808.505916
0.72 0.73 7 112.717 14054.948911
0.72 0.73 8 119.677 14098.416671
0.72 0.73 9 133.527 18002.827271
0.72 0.73 10 151.532 21964.728976
0.72 0.73 11 158.928 27865.154816
0.72 0.73 12 170.746 29016.753484
0.72 0.73 13 187.031 35657.592039
0.72 0.73 14 194.287 37385.176631
0.72 0.73 15 220.946 51828.847084
0.72 0.73 16 220.219 51164.439039
0.72 0.73 17 238.464 55581.084704
0.72 0.73 18 255.806 60878.776364
0.72 0.73 19 255.671 71157.924759
0.73 0.74 0 70.076 4744.440224
0.73 0.74 1 112.004 16790.641984
0.73 0.74 2 103.456 12238.686064
0.73 0.74 3 85.252 8061.534496
0.73 0.74 4 77.348 6390.414896
0.73 0.74 5 73.21 5170.9359
0.73 0.74 6 70.245 4673.676975
0.73 0.74 7 79.923 6037.571071
0.73 0.74 8 83.177 7580.461671
0.73 0.74 9 93.116 7782.578544
0.73 0.74 10 105.317 11938.002511
0.73 0.74 11 103.493 10517.915951
0.73 0.74 12 107.69 11406.0879
0.73 0.74 13 116.992 11450.615936
0.73 0.74 14 134.893 18666.709551
0.73 0.74 15 146.983 20839.310711
0.73 0.74 16 151.618 23614.818076
0.73 0.74 17 162.738 24064.911356
0.73 0.74 18 173.535 29374.648775
0.73 0.74 19 176.8 29165.238
0.74 0.75 0 69.213 4493.417631
0.74 0.75 1 95.498 8721.475996
0.74 0.75 2 85.383 7050.568311
0.74 0.75 3 77.112 6374.429456
0.74 0.75 4 68.212 5943.985056
0.74 0.75 5 63.137 4888.286231
0.74 0.75 6 69.689 6728.024279
0.74 0.75 7 76.834 8161.538444
0.74 0.75 8 79.361 8050.498679
0.74 0.75 9 94.315 12376.125775
0.74 0.75 10 97.007 13364.342951
0.74 0.75 11 100.549 12081.971599
0.74 0.75 12 111.15 16593.7395
0.74 0.75 13 111.981 16081.956639
0.74 0.75 14 126.74 22478.2444
0.74 0.75 15 145.418 32464.457276
0.74 0.75 16 145.219 26115.731039
0.74 0.75 17 152.428 32966.628816
0.74 0.75 18 157.112 32081.481456
0.74 0.75 19 170.02 41277.3316
0.75 0.76 0 71.662 5389.237756
0.75 0.76 1 92.28 9184.5716
0.75 0.76 2 114.378 12609.861116
0.75 0.76 3 123.799 14084.752599
0.75 0.76 4 116.776 11730.255824
0.75 0.76 5 131.121 15283.168359
0.75 0.76 6 135.229 16227.834559
0.75 0.76 7 155.734 25863.895244
0.75 0.76 8 174.131 26447.061839
0.75 0.76 9 179.65 29116.9695
0.75 0.76 10 214.922 43468.785916
0.75 0.76 11 227.777 50265.121271
0.75 0.76 12 238.29 50785.5699
0.75 0.76 13 260.891 67043.129119
0.75 0.76 14 276.361 72379.702679
0.75 0.76 15 290.232 87511.084176
0.75 0.76 16 296.725 79608.307375
0.75 0.76 17 324.752 96732.292496
0.75 0.76 18 358.881 124431.882839
0.75 0.76 19 352.244 118202.630464
0.76 0.77 0 69.881 4852.682839
0.76 0.77 1 100.594 9629.373164
0.76 0.77 2 110.593 10541.769351
0.76 0.77 3 123.415 15013.242775
0.76 0.77 4 124.939 16452.301279
0.76 0.77 5 135.828 17733.332416
0.76 0.77 6 148.09 21704.2859
0.76 0.77 7 158.019 25757.096639
0.76 0.77 8 167.874 26976.094124
0.76 0.77 9 176.849 31861.274199
0.76 0.77 10 202.253 39629.940991
0.76 0.77 11 203.641 41008.790119
0.76 0.77 12 220.91 53178.6119
0.76 0.77 13 260.279 68830.777159
0.76 0.77 14 270.143 72765.762551
0.76 0.77 15 277.556 78015.682864
0.76 0.77 16 306.714 96231.416204
0.76 0.77 17 318.53 100727.4591
0.76 0.77 18 347.896 122845.771184
0.76 0.77 19 353.149 143553.114799
0.77 0.78 0 71.758 4983.259436
0.77 0.78 1 102.629 9934.473359
0.77 0.78 2 110.201 11491.972599
0.77 0.78 3 122.514 13407.247804
0.77 0.78 4 126.004 14485.571984
0.77 0.78 5 130.079 15761.890759
0.77 0.78 6 140.506 18944.987964
0.77 0.78 7 153.478 22596.327516
0.77 0.78 8 179.274 32017.116924
0.77 0.78 9 198.951 40222.408599
0.77 0.78 10 214.536 40401.164704
0.77 0.78 11 233.928 53854.510816
0.77 0.78 12 264.886 66617.889004
0.77 0.78 13 275.312 81949.534656
0.77 0.78 14 271.832 70761.057776
0.77 0.78 15 308.763 99676.118831
0.77 0.78 16 318.381 98972.567839
0.77 0.78 17 343.439 114473.686279
0.77 0.78 18 363.419 135499.927439
0.77 0.78 19 371.721 148428.151159
0.78 0.79 0 69.806 4654.582364
0.78 0.79 1 99.944 8464.522864
0.78 0.79 2 114.268 13084.188176
0.78 0.79 3 126.575 14783.014375
0.78 0.79 4 129.24 14575.0444
0.78 0.79 5 147.285 23002.911775
0.78 0.79 6 139.689 19818.454279
0.78 0.79 7 162.724 29861.545824
0.78 0.79 8 172.488 31748.439856
0.78 0.79 9 182.909 35106.234719
0.78 0.79 10 188.722 35896.004716
0.78 0.79 11 210.041 45579.621319
0.78 0.79 12 231.019 52856.090639
0.78 0.79 13 262.816 64711.030144
0.78 0.79 14 262.668 63776.667776
0.78 0.79 15 266.273 77369.766471
0.78 0.79 16 291.167 89024.395111
0.78 0.79 17 314.322 107138.982316
0.78 0.79 18 320.956 99813.116064
0.78 0.79 19 359.119 133844.976839
0.79 0.8 0 67.611 4154.389679
0.79 0.8 1 109.264 12072.030304
0.79 0.8 2 114.635 12572.391775
0.79 0.8 3 127.879 14521.326359
0.79 0.8 4 117.426 12999.600524
0.79 0.8 5 126.763 15470.594831
0.79 0.8 6 138.018 22000.387676
0.79 0.8 7 147.658 22776.757036
0.79 0.8 8 158.789 26607.428479
0.79 0.8 9 179.892 33768.620336
0.79 0.8 10 198.948 44242.107296
0.79 0.8 11 213.804 51762.799584
0.79 0.8 12 233.845 61062.508975
0.79 0.8 13 242.391 66693.724119
0.79 0.8 14 260.328 75232.556416
0.79 0.8 15 296.586 92276.202604
0.79 0.8 16 292.513 90981.677831
0.79 0.8 17 331.544 121521.314064
0.79 0.8 18 339.063 120154.327031
0.79 0.8 19 352.671 142994.332759
0.8 0.81 0 67.226 4881.636924
0.8 0.81 1 103.618 10248.822076
0.8 0.81 2 125.151 14904.058199
0.8 0.81 3 142.626 21572.370124
0.8 0.81 4 131.269 18083.084639
0.8 0.81 5 138.561 20112.944279
0.8 0.81 6 147.264 20767.728304
0.8 0.81 7 168.688 28011.960656
0.8 0.81 8 178.358 31645.833836
0.8 0.81 9 190.757 36099.839951
0.8 0.81 10 210.987 43145.306831
0.8 0.81 11 229.987 56971.594831
0.8 0.81 12 258.322 69774.804316
0.8 0.81 13 255.403 69775.040591
0.8 0.81 14 303.637 90558.245231
0.8 0.81 15 323.277 113985.214271
0.8 0.81 16 316.701 108429.721599
0.8 0.81 17 356.435 142575.081775
0.8 0.81 18 371.376 137329.868624
0.8 0.81 19 389.726 151203.704924
0.81 0.82 0 66.973 4414.918271
0.81 0.82 1 109.314 11798.341404
0.81 0.82 2 122.306 14980.736364
0.81 0.82 3 136.335 17776.444775
0.81 0.82 4 136.062 16527.900156
0.81 0.82 5 146.635 21346.671775
0.81 0.82 6 147.81 26887.3899
0.81 0.82 7 142.935 23229.874775
0.81 0.82 8 158.811 26998.905279
0.81 0.82 9 176.159 29398.859719
0.81 0.82 10 182.908 33070.017536
0.81 0.82 11 203.613 46466.161231
0.81 0.82 12 221.346 50748.010284
0.81 0.82 13 221.458 57240.572236
0.81 0.82 14 261.48 79595.9856
0.81 0.82 15 260.37 77917.1011
0.81 0.82 16 284.491 79338.827919
0.81 0.82 17 300.461 91371.370479
0.81 0.82 18 315.274 110521.728924
0.81 0.82 19 341.976 126154.237424
0.82 0.83 0 69.009 4521.148919
0.82 0.83 1 106.581 11106.427439
0.82 0.83 2 131.519 16870.673639
0.82 0.83 3 146.934 20941.615644
0.82 0.83 4 151.99 22758.1479
0.82 0.83 5 166.007 27371.032951
0.82 0.83 6 175.22 33895.0976
0.82 0.83 7 193.542 41269.892236
0.82 0.83 8 215.656 48623.117664
0.82 0.83 9 232.624 60335.814624
0.82 0.83 10 273.744 85532.880464
0.82 0.83 11 270.816 75930.150144
0.82 0.83 12 313.487 101843.081831
0.82 0.83 13 325.218 118511.680476
0.82 0.83 14 329.014 128920.611804
0.82 0.83 15 371.78 157548.7076
0.82 0.83 16 388.736 161754.502304
0.82 0.83 17 437.533 202127.564911
0.82 0.83 18 443.785 224521.204775
0.82 0.83 19 456.379 237914.159359
0.83 0.84 0 65.307 4369.284751
0.83 0.84 1 118.275 13298.439375
0.83 0.84 2 124.843 16285.668351
0.83 0.84 3 149.044 22212.294064
0.83 0.84 4 151.381 24819.999839
0.83 0.84 5 143.248 21070.374496
0.83 0.84 6 169.398 29617.079596
0.83 0.84 7 187.054 34993.797084
0.83 0.84 8 189.848 40874.914896
0.83 0.84 9 219.394 51125.566764
0.83 0.84 10 226.62 51482.1096
0.83 0.84 11 252.779 75848.714159
0.83 0.84 12 300.571 96935.988959
0.83 0.84 13 303.315 108019.331775
0.83 0.84 14 311.153 108471.461591
0.83 0.84 15 317.412 121831.222256
0.83 0.84 16 361.98 153195.1316
0.83 0.84 17 379.559 163193.636519
0.83 0.84 18 399.609 161038.966119
0.83 0.84 19 412.111 182544.460679
0.84 0.85 0 68.368 4580.192576
0.84 0.85 1 111.309 13726.705519
0.84 0.85 2 133.293 18084.185151
0.84 0.85 3 146.323 25311.148671
0.84 0.85 4 144.289 20842.393479
0.84 0.85 5 136.182 19652.160876
0.84 0.85 6 144.786 23008.996204
0.84 0.85 7 147.882 21671.476076
0.84 0.85 8 180.236 33509.754304
0.84 0.85 9 191.544 39106.616064
0.84 0.85 10 206.915 40979.659775
0.84 0.85 11 226.015 51361.872775
0.84 0.85 12 235.887 67786.534231
0.84 0.85 13 263.616 64958.692544
0.84 0.85 14 261.34 67617.0824
0.84 0.85 15 295.876 88546.514624
0.84 0.85 16 325.104 128248.381184
0.84 0.85 17 329.641 114800.474119
0.84 0.85 18 368.307 152448.050751
0.84 0.85 19 347.966 136667.048844
0.85 0.86 0 69.922 4877.105916
0.85 0.86 1 117.484 14588.011744
0.85 0.86 2 139.761 18625.949879
0.85 0.86 3 141.877 23121.417871
0.85 0.86 4 127.837 17084.580431
0.85 0.86 5 140.999 23472.828999
0.85 0.86 6 145.663 26499.553431
0.85 0.86 7 154.285 27837.195775
0.85 0.86 8 179.118 35043.968076
0.85 0.86 9 184.956 37638.848064
0.85 0.86 10 208.951 49238.164599
0.85 0.86 11 227.638 59109.032956
0.85 0.86 12 247.813 67809.486031
0.85 0.86 13 263.194 79328.756364
0.85 0.86 14 276.376 83824.132624
0.85 0.86 15 285.141 87787.895119
0.85 0.86 16 326.477 130847.795471
0.85 0.86 17 343.479 119968.423559
0.85 0.86 18 350.277 146265.176271
0.85 0.86 19 366.162 152531.747756
0.86 0.87 0 66.38 4280.3436
0.86 0.87 1 114.408 13032.349536
0.86 0.87 2 139.771 19210.166559
0.86 0.87 3 130.664 17043.377104
0.86 0.87 4 113.51 11846.4639
0.86 0.87 5 117.661 14791.666079
0.86 0.87 6 125.104 16685.059184
0.86 0.87 7 139.268 20818.246176
0.86 0.87 8 155.713 26983.574631
0.86 0.87 9 171.39 33243.5719
0.86 0.87 10 187.68 42240.1216
0.86 0.87 11 201.929 48601.163959
0.86 0.87 12 214.201 52074.860599
0.86 0.87 13 224.86 63380.9664
0.86 0.87 14 250.769 71212.311639
0.86 0.87 15 277.163 92665.662431
0.86 0.87 16 283.476 99383.839424
0.86 0.87 17 289.115 103340.433775
0.86 0.87 18 318.102 108630.955596
0.86 0.87 19 343.171 140756.765759
0.87 0.88 0 66.586 4083.582604
0.87 0.88 1 121.572 13342.484816
0.87 0.88 2 151.937 24172.019031
0.87 0.88 3 124.348 16116.452896
0.87 0.88 4 130.789 16558.738479
0.87 0.88 5 123.922 14316.053916
0.87 0.88 6 120.195 15278.610975
0.87 0.88 7 121.427 18938.154671
0.87 0.88 8 137.497 22912.569991
0.87 0.88 9 146.961 25816.755479
0.87 0.88 10 167.796 33801.384384
0.87 0.88 11 184.599 40001.284199
0.87 0.88 12 203.675 51797.691375
0.87 0.88 13 213.43 53846.6611
0.87 0.88 14 233.095 65506.163975
0.87 0.88 15 244.299 72099.099599
0.87 0.88 16 258.893 84779.163551
0.87 0.88 17 280.326 91904.917724
0.87 0.88 18 273.428 86007.936816
0.87 0.88 19 290.692 98216.511136
0.88 0.89 0 68.468 4872.626976
0.88 0.89 1 119.389 15247.187679
0.88 0.89 2 139.338 18955.759756
0.88 0.89 3 150.169 24982.554439
0.88 0.89 4 165.081 29002.436439
0.88 0.89 5 202.31 44828.8199
0.88 0.89 6 223.99 58138.8539
0.88 0.89 7 247.419 70252.795439
0.88 0.89 8 272.901 77681.231199
0.88 0.89 9 285.498 97210.865996
0.88 0.89 10 324.85 127619.2275
0.88 0.89 11 356.338 149854.391756
0.88 0.89 12 381.631 168050.688839
0.88 0.89 13 381.44 167309.4764
0.88 0.89 14 465.793 242222.582151
0.88 0.89 15 452.799 232918.188599
0.88 0.89 16 510.515 292460.571775
0.88 0.89 17 541.133 317842.563311
0.88 0.89 18 545.421 354190.705759
0.88 0.89 19 600.493 422091.571951
0.89 0.9 0 69.124 4475.958624
0.89 0.9 1 105.972 11589.211216
0.89 0.9 2 146.224 20734.913824
0.89 0.9 3 145.303 23112.103191
0.89 0.9 4 155.639 25356.684679
0.89 0.9 5 146.88 27168.0716
0.89 0.9 6 163.352 28385.728096
0.89 0.9 7 191.774 41217.896924
0.89 0.9 8 220.888 54386.897456
0.89 0.9 9 222.781 57701.153039
0.89 0.9 10 245.656 80436.891664
0.89 0.9 11 260.365 81635.351775
0.89 0.9 12 268.16 82639.3884
0.89 0.9 13 298.671 101543.004759
0.89 0.9 14 313.782 119051.122476
0.89 0.9 15 337.821 133514.880959
0.89 0.9 16 367.563 154276.514031
0.89 0.9 17 389.449 205051.133399
0.89 0.9 18 413.279 208989.871159
0.89 0.9 19 439.863 214351.292231
0.9 0.91 0 67.451 3777.337599
0.9 0.91 1 108.821 12949.352959
0.9 0.91 2 122.834 16753.306444
0.9 0.91 3 132.154 18878.786284
0.9 0.91 4 138.793 21926.158151
0.9 0.91 5 139.35 20471.3275
0.9 0.91 6 149.005 26190.370975
0.9 0.91 7 155.919 26212.610439
0.9 0.91 8 167.301 30991.798399
0.9 0.91 9 175.888 38978.957456
0.9 0.91 10 199.711 46717.457479
0.9 0.91 11 229.114 59670.275004
0.9 0.91 12 240.781 69598.911039
0.9 0.91 13 261.753 90059.905991
0.9 0.91 14 285.901 92342.271199
0.9 0.91 15 312.811 117744.385279
0.9 0.91 16 318.895 133076.813975
0.9 0.91 17 340.967 138757.111911
0.9 0.91 18 347.407 139689.019351
0.9 0.91 19 384.59 188749.7359
0.91 0.92 0 65.726 4129.640924
0.91 0.92 1 109.749 12623.005999
0.91 0.92 2 120.79 16782.4319
0.91 0.92 3 114.139 12532.857679
0.91 0.92 4 112.322 14450.426316
0.91 0.92 5 131.755 20774.432975
0.91 0.92 6 145.988 22531.333856
0.91 0.92 7 152.611 26512.807679
0.91 0.92 8 180.276 40995.863824
0.91 0.92 9 201.764 43940.852304
0.91 0.92 10 223.622 58410.009116
0.91 0.92 11 236.779 64683.026159
0.91 0.92 12 268.856 80826.285264
0.91 0.92 13 275.324 90058.571024
0.91 0.92 14 304.89 109968.5559
0.91 0.92 15 319.408 130490.265536
0.91 0.92 16 346.42 160433.1756
0.91 0.92 17 343.001 138448.016999
0.91 0.92 18 387.04 170431.1564
0.91 0.92 19 389.177 209593.723671
0.92 0.93 0 69.517 4499.143711
0.92 0.93 1 111.391 12513.926119
0.92 0.93 2 138.685 20680.327775
0.92 0.93 3 117.539 12822.378479
0.92 0.93 4 103.374 12358.062124
0.92 0.93 5 103.758 11867.133436
0.92 0.93 6 104.086 12141.436604
0.92 0.93 7 110.229 14188.666559
0.92 0.93 8 119.198 17331.982796
0.92 0.93 9 138.992 23062.305936
0.92 0.93 10 148.54 25630.4524
0.92 0.93 11 157.034 28817.910844
0.92 0.93 12 166.14 32244.1084
0.92 0.93 13 191.005 42858.356975
0.92 0.93 14 193.943 43246.807751
0.92 0.93 15 217.858 58448.029836
0.92 0.93 16 210.005 58714.268975
0.92 0.93 17 223.618 70471.320076
0.92 0.93 18 231.312 67370.572656
0.92 0.93 19 266.014 97562.995804
0.93 0.94 0 68.989 4578.270879
0.93 0.94 1 116.505 14816.417975
0.93 0.94 2 197.792 47280.678736
0.93 0.94 3 209.339 43641.936079
0.93 0.94 4 136.485 17141.711775
0.93 0.94 5 139.939 20960.543279
0.93 0.94 6 143.029 24512.482159
0.93 0.94 7 155.64 27951.4764
0.93 0.94 8 185.351 42333.651799
0.93 0.94 9 209.896 51590.079184
0.93 0.94 10 230.477 63267.649471
0.93 0.94 11 245.122 77962.915116
0.93 0.94 12 255.069 69682.700239
0.93 0.94 13 266.185 85961.306775
0.93 0.94 14 311.97 101760.3951
0.93 0.94 15 324.235 131545.129775
0.93 0.94 16 346.089 148331.705079
0.93 0.94 17 381.533 168588.668911
0.93 0.94 18 373.843 172206.478351
0.93 0.94 19 405.459 177861.714319
0.94 0.95 0 73.161 4817.421079
0.94 0.95 1 108.237 12475.348831
0.94 0.95 2 196.66 46901.3324
0.94 0.95 3 189.925 42221.721375
0.94 0.95 4 208.524 49880.157424
0.94 0.95 5 326.843 113657.944351
0.94 0.95 6 409.103 193786.432391
0.94 0.95 7 453.836 235061.575104
0.94 0.95 8 523.109 283205.065119
0.94 0.95 9 535.629 332370.085359
0.94 0.95 10 651.336 439906.723104
0.94 0.95 11 698.575 490183.454375
0.94 0.95 12 744.894 632536.026764
0.94 0.95 13 764.085 617624.187775
0.94 0.95 14 856.467 801415.414911
0.94 0.95 15 938.687 924523.819031
0.94 0.95 16 965.123 1123412.24987
0.94 0.95 17 981.475 1030244.84937
0.94 0.95 18 1116.909 1456946.96272
0.94 0.95 19 1054.236 1336485.9243
0.95 0.96 0 68.062 4804.676156
0.95 0.96 1 101.671 10914.688759
0.95 0.96 2 184.914 38245.542604
0.95 0.96 3 184.006 36851.383964
0.95 0.96 4 177.753 31821.477991
0.95 0.96 5 239.372 62633.481616
0.95 0.96 6 225.026 47926.105324
0.95 0.96 7 251.285 73282.063775
0.95 0.96 8 273.363 82867.987231
0.95 0.96 9 302.359 95446.842119
0.95 0.96 10 334.763 127342.330831
0.95 0.96 11 354.212 164372.339056
0.95 0.96 12 386.158 176845.981036
0.95 0.96 13 421.806 223202.062364
0.95 0.96 14 482.902 250326.704396
0.95 0.96 15 474.423 245047.182071
0.95 0.96 16 535.922 345398.603916
0.95 0.96 17 544.865 335503.994775
0.95 0.96 18 573.586 417352.122604
0.95 0.96 19 602.725 474392.965375
0.96 0.97 0 66.846 4281.202284
0.96 0.97 1 97.621 10833.223359
0.96 0.97 2 177.637 37510.983231
0.96 0.97 3 167.195 32455.860975
0.96 0.97 4 154.77 25555.4191
0.96 0.97 5 117.191 13499.022519
0.96 0.97 6 130.587 20143.996431
0.96 0.97 7 143.367 26278.064311
0.96 0.97 8 160.899 27572.456799
0.96 0.97 9 190.135 39390.844775
0.96 0.97 10 206.289 52466.027479
0.96 0.97 11 200.843 41529.286351
0.96 0.97 12 249.63 73774.2091
0.96 0.97 13 244.633 70215.772311
0.96 0.97 14 263.145 82061.271975
0.96 0.97 15 293.086 97677.352604
0.96 0.97 16 301.322 100333.390316
0.96 0.97 17 310.746 114055.619484
0.96 0.97 18 344.694 125336.340364
0.96 0.97 19 373.885 161063.051775
0.97 0.98 0 64.719 4239.790039
0.97 0.98 1 91.907 7813.466351
0.97 0.98 2 154.734 30667.499244
0.97 0.98 3 151.512 32846.293856
0.97 0.98 4 120.225 17115.958375
0.97 0.98 5 137.943 20234.637751
0.97 0.98 6 209.826 57265.893724
0.97 0.98 7 222.586 54510.626604
0.97 0.98 8 257.539 70141.012479
0.97 0.98 9 292.341 98160.876719
0.97 0.98 10 319.491 114571.637919
0.97 0.98 11 354.171 131888.753759
0.97 0.98 12 363.379 165378.379359
0.97 0.98 13 411.022 196049.079516
0.97 0.98 14 429.039 209673.373479
0.97 0.98 15 449.974 215035.927324
0.97 0.98 16 479.341 260340.838719
0.97 0.98 17 518.318 361189.340876
0.97 0.98 18 517.99 292075.6099
0.97 0.98 19 567.697 373261.377191
0.98 0.99 0 61.111 3471.904679
0.98 0.99 1 81.944 7050.652864
0.98 0.99 2 124.2 20779.756
0.98 0.99 3 126.201 28893.586599
0.98 0.99 4 100.992 13711.439936
0.98 0.99 5 98.728 11648.016016
0.98 0.99 6 90.077 9531.555071
0.98 0.99 7 103.479 12746.767559
0.98 0.99 8 115.764 15157.858304
0.98 0.99 9 128.38 19716.0496
0.98 0.99 10 142.105 25537.927975
0.98 0.99 11 161.807 32070.463751
0.98 0.99 12 172.063 30548.843031
0.98 0.99 13 177.73 37735.3771
0.98 0.99 14 181.439 42098.878279
0.98 0.99 15 200.489 48643.333879
0.98 0.99 16 206.016 58410.363744
0.98 0.99 17 232.377 67680.224871
0.98 0.99 18 248.34 76286.9044
0.98 0.99 19 244.083 76313.132111
0.99 1.0 0 60.918 3622.705276
0.99 1.0 1 74.299 5317.915599
0.99 1.0 2 74.318 4812.048876
0.99 1.0 3 54.242 2218.711436
0.99 1.0 4 45.19 1381.1719
0.99 1.0 5 38.337 998.337431
0.99 1.0 6 39.385 1329.684775
0.99 1.0 7 44.682 1758.296876
0.99 1.0 8 52.201 2430.608599
0.99 1.0 9 57.736 3130.184304
0.99 1.0 10 59.808 3370.073136
0.99 1.0 11 65.883 3435.479311
0.99 1.0 12 70.672 4213.114416
0.99 1.0 13 75.211 5179.598479
0.99 1.0 14 81.442 6091.398636
0.99 1.0 15 84.205 5968.120975
0.99 1.0 16 95.641 8339.654119
0.99 1.0 17 99.201 8528.280599
0.99 1.0 18 110.642 12758.003836
0.99 1.0 19 106.292 9396.786736
