0.0 0.01 0 100.294 8846.145564
0.0 0.01 1 85.411 6745.258079
0.0 0.01 2 70.73 4335.0511
0.0 0.01 3 51.818 2479.242876
0.0 0.01 4 37.4 989.256
0.0 0.01 5 30.828 576.864416
0.0 0.01 6 29.067 520.652511
0.0 0.01 7 27.474 437.119324
0.0 0.01 8 31.937 627.917031
0.0 0.01 9 33.735 654.640775
0.0 0.01 10 37.326 853.761724
0.0 0.01 11 39.997 1039.048991
0.0 0.01 12 40.218 931.512476
0.0 0.01 13 44.201 1148.542599
0.0 0.01 14 48.426 1595.564524
0.0 0.01 15 49.524 1651.721424
0.0 0.01 16 52.869 1813.877839
0.0 0.01 17 58.186 2102.199404
0.0 0.01 18 58.441 2261.716519
0.0 0.01 19 63.487 2330.669831
0.01 0.02 0 97.838 8591.963756
0.01 0.02 1 93.663 8761.635431
0.01 0.02 2 106.551 14830.119399
0.01 0.02 3 146.736 35850.210304
0.01 0.02 4 180.319 55200.097239
0.01 0.02 5 58.445 3210.140975
0.01 0.02 6 43.467 1653.772911
0.01 0.02 7 49.101 2237.510799
0.01 0.02 8 54.7 2737.224
0.01 0.02 9 60.789 3430.174479
0.01 0.02 10 57.661 3110.348079
0.01 0.02 11 64.126 3696.026124
0.01 0.02 12 68.54 4033.2384
0.01 0.02 13 76.1 5049.504
0.01 0.02 14 74.69 5300.3939
0.01 0.02 15 85.809 7032.474519
0.01 0.02 16 91.676 7837.307024
0.01 0.02 17 87.405 6774.082975
0.01 0.02 18 89.907 7614.772351
0.01 0.02 19 97.845 8082.636975
0.02 0.03 0 99.855 9871.049975
0.02 0.03 1 93.733 8965.449711
0.02 0.03 2 132.419 21429.235439
0.02 0.03 3 184.975 48237.260375
0.02 0.03 4 197.424 50233.430224
0.02 0.03 5 106.807 14142.919751
0.02 0.03 6 83.797 8587.485791
0.02 0.03 7 84.711 7720.913479
0.02 0.03 8 86.15 7570.8295
0.02 0.03 9 85.189 7745.787279
0.02 0.03 10 88.04 8567.6544
0.02 0.03 11 88.327 7765.684071
0.02 0.03 12 86.422 7843.975916
0.02 0.03 13 94.284 8157.911344
0.02 0.03 14 94.52 9291.9716
0.02 0.03 15 104.05 10386.7415
0.02 0.03 16 106.426 10287.778524
0.02 0.03 17 108.203 11596.431791
0.02 0.03 18 112.399 11058.797799
0.02 0.03 19 119.82 13314.0096
0.03 0.04 0 93.662 8567.447756
0.03 0.04 1 103.763 11106.118831
0.03 0.04 2 155.796 30376.068384
0.03 0.04 3 218.476 57657.649424
0.03 0.04 4 55.902 2571.474396
0.03 0.04 5 43.981 1674.582639
0.03 0.04 6 44.101 1610.792799
0.03 0.04 7 48.514 2345.521804
0.03 0.04 8 48.931 2086.068239
0.03 0.04 9 53.924 2747.406224
0.03 0.04 10 62.947 3671.634191
0.03 0.04 11 61.438 3213.674156
0.03 0.04 12 73.588 5545.126256
0.03 0.04 13 68.771 4639.588559
0.03 0.04 14 72.881 4864.948839
0.03 0.04 15 78.323 6220.418671
0.03 0.04 16 80.948 5925.633296
0.03 0.04 17 86.459 6526.372319
0.03 0.04 18 87.659 7064.404719
0.03 0.04 19 92.849 6760.050199
0.04 0.05 0 101.969 10732.934039
0.04 0.05 1 105.147 11589.251391
0.04 0.05 2 177.366 37506.882044
0.04 0.05 3 239.632 70406.864576
0.04 0.05 4 105.817 13468.979511
0.04 0.05 5 84.983 8027.764711
0.04 0.05 6 71.969 4998.384039
0.04 0.05 7 70.839 5209.309079
0.04 0.05 8 70.884 5121.448544
0.04 0.05 9 77.592 6944.389536
0.04 0.05 10 78.441 6659.128519
0.04 0.05 11 81.329 6156.144759
0.04 0.05 12 93.668 8769.935776
0.04 0.05 13 96.089 9301.147079
0.04 0.05 14 97.063 9189.647031
0.04 0.05 15 98.133 7938.149311
0.04 0.05 16 102.468 9755.724976
0.04 0.05 17 108.657 9658.665351
0.04 0.05 18 113.859 11265.751119
0.04 0.05 19 109.001 9844.026999
0.05 0.06 0 101.254 9769.885484
0.05 0.06 1 117.069 13183.438239
0.05 0.06 2 191.205 39597.876975
0.05 0.06 3 243.28 70493.0516
0.05 0.06 4 156.412 28881.876256
0.05 0.06 5 115.989 14980.876879
0.05 0.06 6 84.625 8086.050375
0.05 0.06 7 78.631 6984.178839
0.05 0.06 8 74.736 5680.256304
0.05 0.06 9 83.149 6441.696799
0.05 0.06 10 83.42 7254.5296
0.05 0.06 11 89.005 6694.238975
0.05 0.06 12 89.19 7273.9599
0.05 0.06 13 92.531 7562.123039
0.05 0.06 14 95.114 7558.145004
0.05 0.06 15 96.227 7597.429471
0.05 0.06 16 102.444 8823.800864
0.05 0.06 17 101.202 8042.801196
0.05 0.06 18 110.365 8793.567775
0.05 0.06 19 112.712 9579.543056
0.06 0.07 0 101.418 9868.757276
0.06 0.07 1 115.941 14072.341519
0.06 0.07 2 199.809 43034.628519
0.06 0.07 3 76.656 5803.069664
0.06 0.07 4 62.219 3266.973039
0.06 0.07 5 47.144 1887.459264
0.06 0.07 6 43.054 1548.157084
0.06 0.07 7 46.105 1919.301975
0.06 0.07 8 46.965 2358.027775
0.06 0.07 9 54.85 2739.4775
0.06 0.07 10 58.743 3216.004951
0.06 0.07 11 60.625 3366.488375
0.06 0.07 12 62.345 3336.225975
0.06 0.07 13 66.35 4129.8335
0.06 0.07 14 71.505 4184.867975
0.06 0.07 15 76.774 5232.042924
0.06 0.07 16 75.66 5058.6004
0.06 0.07 17 84.203 6655.739791
0.06 0.07 18 81.751 5467.108999
0.06 0.07 19 84.007 5553.420951
0.07 0.08 0 102.394 10121.010764
0.07 0.08 1 121.633 14932.566311
0.07 0.08 2 197.592 40688.571536
0.07 0.08 3 92.536 9600.830704
0.07 0.08 4 94.372 10214.097616
0.07 0.08 5 81.448 7899.047296
0.07 0.08 6 62.506 4052.491964
0.07 0.08 7 64.438 4046.014156
0.07 0.08 8 71.919 5419.204439
0.07 0.08 9 68.384 5268.954544
0.07 0.08 10 79.014 6585.711804
0.07 0.08 11 83.577 7125.024071
0.07 0.08 12 85.619 7561.113839
0.07 0.08 13 95.55 9606.4995
0.07 0.08 14 100.163 10363.890431
0.07 0.08 15 112.867 13277.301311
0.07 0.08 16 105.032 12700.800976
0.07 0.08 17 114.737 14759.125831
0.07 0.08 18 127.847 17951.333591
0.07 0.08 19 137.323 21471.374671
0.08 0.09 0 95.85 9737.2255
0.08 0.09 1 127.071 15970.909959
0.08 0.09 2 201.042 45632.796236
0.08 0.09 3 117.931 15213.498239
0.08 0.09 4 127.98 19742.0416
0.08 0.09 5 93.251 9155.967999
0.08 0.09 6 88.872 7782.517616
0.08 0.09 7 87.677 7675.838671
0.08 0.09 8 93.96 8630.8084
0.08 0.09 9 102.666 10749.622444
0.08 0.09 10 103.771 14741.072559
0.08 0.09 11 115.138 15298.594956
0.08 0.09 12 125.421 19877.069759
0.08 0.09 13 138.106 25804.824764
0.08 0.09 14 146.306 28530.450364
0.08 0.09 15 151.053 29294.096191
0.08 0.09 16 171.421 42084.619759
0.08 0.09 17 185.129 49839.688359
0.08 0.09 18 196.317 58236.454511
0.08 0.09 19 199.534 62312.588844
0.09 0.1 0 95.411 9461.284079
0.09 0.1 1 128.247 17586.685991
0.09 0.1 2 214.828 55395.058416
0.09 0.1 3 144.662 21967.599756
0.09 0.1 4 86.942 7934.606636
0.09 0.1 5 66.441 4374.612519
0.09 0.1 6 62.915 3290.883775
0.09 0.1 7 65.503 4113.605991
0.09 0.1 8 63.366 4034.428044
0.09 0.1 9 68.998 4538.719996
0.09 0.1 10 71.335 4325.208775
0.09 0.1 11 80.419 5547.677439
0.09 0.1 12 80.551 5827.675399
0.09 0.1 13 83.349 6033.073199
0.09 0.1 14 86.042 5851.828236
0.09 0.1 15 87.693 6956.246751
0.09 0.1 16 92.081 7080.082439
0.09 0.1 17 105.276 8973.927824
0.09 0.1 18 103.794 8609.181564
0.09 0.1 19 110.604 11429.445184
0.1 0.11 0 96.956 8671.860064
0.1 0.11 1 125.89 16988.5299
0.1 0.11 2 230.357 60070.413551
0.1 0.11 3 158.738 28562.675356
0.1 0.11 4 98.245 11272.470975
0.1 0.11 5 90.053 8262.180191
0.1 0.11 6 83.536 7070.578704
0.1 0.11 7 79.861 6304.611679
0.1 0.11 8 78.272 5605.276016
0.1 0.11 9 79.986 5500.655804
0.1 0.11 10 83.264 5677.304304
0.1 0.11 11 80.869 5517.685839
0.1 0.11 12 88.01 7305.6919
0.1 0.11 13 94.5 7249.26
0.1 0.11 14 92.182 6960.658876
0.1 0.11 15 94.5 6626.674
0.1 0.11 16 102.505 7912.557975
0.1 0.11 17 109.749 10568.563999
0.1 0.11 18 115.926 10142.198524
0.1 0.11 19 119.714 12031.530204
0.11 0.12 0 101.85 10612.2175
0.11 0.12 1 133.926 19677.402524
0.11 0.12 2 231.704 56412.640384
0.11 0.12 3 174.731 32241.856639
0.11 0.12 4 123.526 16349.257324
0.11 0.12 5 79.186 6713.705404
0.11 0.12 6 67.641 4734.968119
0.11 0.12 7 64.82 3734.0636
0.11 0.12 8 68.046 4429.021884
0.11 0.12 9 68.312 4115.690656
0.11 0.12 10 76.153 4958.379591
0.11 0.12 11 76.818 5367.610876
0.11 0.12 12 86.165 6428.401775
0.11 0.12 13 83.847 6177.965591
0.11 0.12 14 86.804 6760.593584
0.11 0.12 15 94.481 8219.575639
0.11 0.12 16 99.935 7667.324775
0.11 0.12 17 108.915 9595.865775
0.11 0.12 18 111.375 9946.094375
0.11 0.12 19 110.333 8983.542111
0.12 0.13 0 101.239 9044.077879
0.12 0.13 1 138.413 19591.940431
0.12 0.13 2 126.32 16317.7456
0.12 0.13 3 89.389 6698.679679
0.12 0.13 4 64.533 3470.122911
0.12 0.13 5 51.62 2290.5096
0.12 0.13 6 40.234 1143.935244
0.12 0.13 7 41.729 1364.725559
0.12 0.13 8 43.897 1482.372391
0.12 0.13 9 50.002 2185.741996
0.12 0.13 10 50.069 1885.918239
0.12 0.13 11 56.965 2595.969775
0.12 0.13 12 56.515 2431.011775
0.12 0.13 13 60.562 3127.066156
0.12 0.13 14 59.512 2592.679856
0.12 0.13 15 65.759 2848.864919
0.12 0.13 16 66.005 3606.072975
0.12 0.13 17 69.817 3218.159511
0.12 0.13 18 75.323 4396.052671
0.12 0.13 19 75.507 4362.305951
0.13 0.14 0 100.426 9266.020524
0.13 0.14 1 140.432 19459.729376
0.13 0.14 2 95.847 9985.823591
0.13 0.14 3 72.449 5464.711399
0.13 0.14 4 62.106 3980.312764
0.13 0.14 5 59.77 4095.5151
0.13 0.14 6 57.6 3197.202
0.13 0.14 7 55.157 2918.626351
0.13 0.14 8 64.927 3778.839671
0.13 0.14 9 67.674 4154.971724
0.13 0.14 10 72.568 4690.737376
0.13 0.14 11 78.738 5920.753356
0.13 0.14 12 80.615 6623.710775
0.13 0.14 13 94.117 9110.997311
0.13 0.14 14 95.122 9404.359116
0.13 0.14 15 99.839 10453.529079
0.13 0.14 16 106.158 11268.675036
0.13 0.14 17 114.133 15458.345311
0.13 0.14 18 117.461 16310.136479
0.13 0.14 19 125.668 20325.771776
0.14 0.15 0 103.222 11092.046716
0.14 0.15 1 129.75 18005.0015
0.14 0.15 2 103.024 10356.335424
0.14 0.15 3 92.137 9110.664231
0.14 0.15 4 88.428 9233.070816
0.14 0.15 5 65.886 4132.289004
0.14 0.15 6 54.966 2724.964844
0.14 0.15 7 61.595 3922.912975
0.14 0.15 8 70.096 5162.930784
0.14 0.15 9 77.107 6885.003551
0.14 0.15 10 82.838 7132.313756
0.14 0.15 11 92.799 8983.648599
0.14 0.15 12 96.97 10429.3211
0.14 0.15 13 105.629 12126.821359
0.14 0.15 14 120.141 17796.751119
0.14 0.15 15 111.639 14879.832679
0.14 0.15 16 129.61 20420.7119
0.14 0.15 17 129.688 23026.448656
0.14 0.15 18 147.089 29259.217079
0.14 0.15 19 153.012 34337.833856
0.15 0.16 0 104.964 10802.426704
0.15 0.16 1 134.914 16957.510604
0.15 0.16 2 118.617 13111.600311
0.15 0.16 3 106.664 12128.929104
0.15 0.16 4 82.552 6883.977296
0.15 0.16 5 70.578 4580.971916
0.15 0.16 6 64.597 4791.388591
0.15 0.16 7 63.585 4602.654775
0.15 0.16 8 70.182 5160.528876
0.15 0.16 9 79.52 7763.9276
0.15 0.16 10 84.754 8592.845484
0.15 0.16 11 98.798 12572.023196
0.15 0.16 12 97.229 11161.004559
0.15 0.16 13 106.043 15289.041151
0.15 0.16 14 122.48 20563.1296
0.15 0.16 15 130.906 22005.497164
0.15 0.16 16 135.536 25164.848704
0.15 0.16 17 147.111 32432.526679
0.15 0.16 18 154.283 41488.868911
0.15 0.16 19 176.541 52214.710319
0.16 0.17 0 107.656 11541.891664
0.16 0.17 1 136.76 17401.9824
0.16 0.17 2 112.385 11917.416775
0.16 0.17 3 125.935 17196.184775
0.16 0.17 4 84.751 7395.722999
0.16 0.17 5 78.829 6646.579759
0.16 0.17 6 78.898 6505.693596
0.16 0.17 7 81.775 7469.600375
0.16 0.17 8 101.207 12166.732151
0.16 0.17 9 109.771 14021.234559
0.16 0.17 10 123.213 22095.105631
0.16 0.17 11 141.871 26495.970359
0.16 0.17 12 154.131 33023.787839
0.16 0.17 13 170.665 44069.958775
0.16 0.17 14 193.831 51615.556439
0.16 0.17 15 203.328 60697.408416
0.16 0.17 16 218.173 84949.939071
0.16 0.17 17 252.767 108147.006711
0.16 0.17 18 257.687 106016.953031
0.16 0.17 19 305.997 171214.482991
0.17 0.18 0 95.604 8492.981184
0.17 0.18 1 127.679 15571.959959
0.17 0.18 2 123.137 16193.020231
0.17 0.18 3 126.894 17749.570764
0.17 0.18 4 103.661 11694.208079
0.17 0.18 5 86.715 9249.509775
0.17 0.18 6 79.424 6869.964224
0.17 0.18 7 90.85 10300.3235
0.17 0.18 8 90.664 10499.523104
0.17 0.18 9 113.853 15413.411391
0.17 0.18 10 114.241 17070.512919
0.17 0.18 11 121.491 20279.689919
0.17 0.18 12 141.443 30471.038751
0.17 0.18 13 161.575 41426.442375
0.17 0.18 14 170.847 54618.933591
0.17 0.18 15 198.161 65969.525079
0.17 0.18 16 198.697 67821.277191
0.17 0.18 17 230.006 96857.957964
0.17 0.18 18 234.966 105998.954844
0.17 0.18 19 249.034 108884.022844
0.18 0.19 0 102.593 9817.909351
0.18 0.19 1 154.542 26762.394236
0.18 0.19 2 131.068 19004.119376
0.18 0.19 3 111.917 12584.040111
0.18 0.19 4 90.587 7963.720431
0.18 0.19 5 74.083 4737.916111
0.18 0.19 6 61.124 3450.482624
0.18 0.19 7 57.303 2719.667191
0.18 0.19 8 56.039 2428.655479
0.18 0.19 9 60.848 2805.810896
0.18 0.19 10 65.838 3681.717756
0.18 0.19 11 66.506 3674.167964
0.18 0.19 12 71.821 4167.738959
0.18 0.19 13 75.362 4414.086956
0.18 0.19 14 78.885 4862.607775
0.18 0.19 15 82.987 4750.396831
0.18 0.19 16 88.117 5850.671311
0.18 0.19 17 88.793 6929.274151
0.18 0.19 18 92.138 6479.408956
0.18 0.19 19 95.823 6863.695671
0.19 0.2 0 100.22 9971.7456
0.19 0.2 1 159.5 27434.078
0.19 0.2 2 138.125 18273.953375
0.19 0.2 3 82.152 6831.370896
0.19 0.2 4 69.965 4678.537775
0.19 0.2 5 59.591 3772.335719
0.19 0.2 6 60.158 3518.949036
0.19 0.2 7 61.711 3579.997479
0.19 0.2 8 65.49 3968.7939
0.19 0.2 9 76.345 5314.741975
0.19 0.2 10 85.114 7272.371004
0.19 0.2 11 89.279 8357.917159
0.19 0.2 12 101.839 12190.123079
0.19 0.2 13 106.03 13499.2151
0.19 0.2 14 112.741 15335.923919
0.19 0.2 15 118.636 19681.665504
0.19 0.2 16 133.519 24375.839639
0.19 0.2 17 143.816 27485.302144
0.19 0.2 18 152.107 36412.949551
0.19 0.2 19 155.503 36995.817991
0.2 0.21 0 97.858 9354.533836
0.2 0.21 1 142.011 18868.112879
0.2 0.21 2 138.194 18248.176364
0.2 0.21 3 95.508 8698.491936
0.2 0.21 4 89.226 9036.278924
0.2 0.21 5 72.82 5299.2236
0.2 0.21 6 71.054 4894.741084
0.2 0.21 7 77.496 6534.401984
0.2 0.21 8 84.981 8609.464639
0.2 0.21 9 95.322 10263.362316
0.2 0.21 10 110.599 16275.608199
0.2 0.21 11 114.552 18732.607296
0.2 0.21 12 137.927 23751.621671
0.2 0.21 13 147.062 30882.928156
0.2 0.21 14 149.931 36635.762239
0.2 0.21 15 174.546 41182.397884
0.2 0.21 16 182.562 53424.986156
0.2 0.21 17 198.17 60687.8291
0.2 0.21 18 217.309 79019.895519
0.2 0.21 19 226.582 76168.703276
0.21 0.22 0 106.726 10445.956924
0.21 0.22 1 148.807 20441.801751
0.21 0.22 2 145.321 22446.365959
0.21 0.22 3 96.895 9493.973975
0.21 0.22 4 89.762 8759.355356
0.21 0.22 5 81.006 6821.161964
0.21 0.22 6 72.477 5642.379471
0.21 0.22 7 68.632 4667.042576
0.21 0.22 8 65.128 3547.859616
0.21 0.22 9 65.196 3849.873584
0.21 0.22 10 74.846 4790.672284
0.21 0.22 11 73.706 3998.963564
0.21 0.22 12 80.717 5280.558911
0.21 0.22 13 85.53 6750.9731
0.21 0.22 14 89.57 6732.2591
0.21 0.22 15 90.682 5930.424876
0.21 0.22 16 93.774 6402.588924
0.21 0.22 17 106.703 7926.484791
0.21 0.22 18 103.664 8258.485104
0.21 0.22 19 107.102 7686.601596
0.22 0.23 0 98.502 10483.269996
0.22 0.23 1 155.324 22826.105024
0.22 0.23 2 142.898 20591.733596
0.22 0.23 3 109.015 12054.502775
0.22 0.23 4 70.792 4720.930736
0.22 0.23 5 60.215 2872.864775
0.22 0.23 6 58.992 2578.131936
0.22 0.23 7 60.7 3445.296
0.22 0.23 8 66.469 4142.811039
0.22 0.23 9 74.297 4624.302791
0.22 0.23 10 80.214 5924.176204
0.22 0.23 11 89.862 8334.932956
0.22 0.23 12 94.049 8050.674599
0.22 0.23 13 94.675 8363.429375
0.22 0.23 14 104.378 13737.779116
0.22 0.23 15 114.394 14903.636764
0.22 0.23 16 127.381 16377.271839
0.22 0.23 17 140.74 22339.6284
0.22 0.23 18 134.857 18335.732551
0.22 0.23 19 145.564 25090.587904
0.23 0.24 0 94.004 8565.447984
0.23 0.24 1 148.481 23819.739639
0.23 0.24 2 156.714 26313.804204
0.23 0.24 3 110.555 13550.462975
0.23 0.24 4 84.469 7013.973039
0.23 0.24 5 60.86 3553.1504
0.23 0.24 6 53.588 2524.258256
0.23 0.24 7 58.356 2993.669264
0.23 0.24 8 57.931 2930.488239
0.23 0.24 9 61.835 3232.545775
0.23 0.24 10 64.516 3752.395744
0.23 0.24 11 71.059 4078.313519
0.23 0.24 12 75.237 4506.384831
0.23 0.24 13 77.43 4478.6291
0.23 0.24 14 83.804 6175.465584
0.23 0.24 15 85.736 4860.164304
0.23 0.24 16 91.621 7141.627359
0.23 0.24 17 95.753 6436.155991
0.23 0.24 18 100.98 8169.7776
0.23 0.24 19 104.143 8405.522551
0.24 0.25 0 97.577 9883.000071
0.24 0.25 1 159.203 23158.491791
0.24 0.25 2 144.514 21578.049804
0.24 0.25 3 111.432 11683.553376
0.24 0.25 4 89.329 8268.332759
0.24 0.25 5 63.778 3665.790716
0.24 0.25 6 54.953 2271.772791
0.24 0.25 7 52.853 2305.091391
0.24 0.25 8 52.162 2445.037756
0.24 0.25 9 58.239 2522.839879
0.24 0.25 10 57.916 2324.702944
0.24 0.25 11 58.259 2704.219919
0.24 0.25 12 63.514 2759.313804
0.24 0.25 13 69.751 3813.754999
0.24 0.25 14 72.23 3784.4271
0.24 0.25 15 74.341 4493.624719
0.24 0.25 16 78.425 4432.026375
0.24 0.25 17 82.521 5154.911559
0.24 0.25 18 89.984 5985.949744
0.24 0.25 19 89.03 5322.4051
0.25 0.26 0 99.798 10058.805196
0.25 0.26 1 104.305 10100.485975
0.25 0.26 2 87.95 7938.6755
0.25 0.26 3 68.644 5483.457264
0.25 0.26 4 50.874 2341.860124
0.25 0.26 5 41.836 1427.983104
0.25 0.26 6 36.216 965.889344
0.25 0.26 7 37.481 1101.843639
0.25 0.26 8 39.178 1095.842316
0.25 0.26 9 42.124 1263.562624
0.25 0.26 10 43.775 1263.656375
0.25 0.26 11 49.048 1714.385696
0.25 0.26 12 51.053 1652.270191
0.25 0.26 13 54.31 1914.4659
0.25 0.26 14 59.215 2703.320775
0.25 0.26 15 61.459 2579.118319
0.25 0.26 16 62.391 2717.338119
0.25 0.26 17 67.763 3388.588831
0.25 0.26 18 72.0 3499.552
0.25 0.26 19 74.562 3415.096156
0.26 0.27 0 100.505 9969.663975
0.26 0.27 1 98.365 10119.241775
0.26 0.27 2 98.283 9672.126911
0.26 0.27 3 77.5 5922.756
0.26 0.27 4 65.922 4449.141916
0.26 0.27 5 52.833 2693.641111
0.26 0.27 6 45.092 1605.643536
0.26 0.27 7 51.674 2586.601724
0.26 0.27 8 54.774 2737.790924
0.26 0.27 9 59.214 3994.218204
0.26 0.27 10 69.991 5627.752919
0.26 0.27 11 73.449 5974.247399
0.26 0.27 12 79.052 6971.715296
0.26 0.27 13 86.334 9308.686444
0.26 0.27 14 94.87 12283.9191
0.26 0.27 15 100.682 14928.562876
0.26 0.27 16 108.553 15636.959191
0.26 0.27 17 113.855 19570.823975
0.26 0.27 18 117.435 21259.921775
0.26 0.27 19 130.272 26828.894016
0.27 0.28 0 95.847 9106.109591
0.27 0.28 1 112.598 12736.520396
0.27 0.28 2 103.857 10942.608551
0.27 0.28 3 89.452 8065.573696
0.27 0.28 4 73.961 5569.513479
0.27 0.28 5 57.292 3060.648736
0.27 0.28 6 61.408 3623.187536
0.27 0.28 7 63.422 4216.019916
0.27 0.28 8 70.877 5752.561871
0.27 0.28 9 75.649 6546.065799
0.27 0.28 10 91.974 10051.741324
0.27 0.28 11 97.806 15424.412364
0.27 0.28 12 113.838 18626.183756
0.27 0.28 13 121.397 20863.899391
0.27 0.28 14 132.837 23988.614431
0.27 0.28 15 149.478 36967.553516
0.27 0.28 16 149.124 37503.976624
0.27 0.28 17 165.513 55095.879831
0.27 0.28 18 193.299 77553.247599
0.27 0.28 19 189.479 67188.545559
0.28 0.29 0 102.128 10461.177616
0.28 0.29 1 108.369 11436.458839
0.28 0.29 2 98.762 10190.395356
0.28 0.29 3 90.236 8442.300304
0.28 0.29 4 67.441 4322.338519
0.28 0.29 5 60.147 3542.223391
0.28 0.29 6 58.205 3621.726975
0.28 0.29 7 63.363 4266.069231
0.28 0.29 8 67.014 4690.125804
0.28 0.29 9 71.031 6327.184039
0.28 0.29 10 75.338 7798.537756
0.28 0.29 11 81.777 7836.413271
0.28 0.29 12 103.287 15267.762631
0.28 0.29 13 106.327 17648.704071
0.28 0.29 14 112.915 20347.115775
0.28 0.29 15 127.328 25087.758416
0.28 0.29 16 130.537 29442.238631
0.28 0.29 17 144.989 40880.688879
0.28 0.29 18 158.105 52556.015975
0.28 0.29 19 166.251 57920.773999
0.29 0.3 0 103.425 10338.488375
0.29 0.3 1 107.647 11118.266391
0.29 0.3 2 100.753 8857.981991
0.29 0.3 3 97.93 10465.1691
0.29 0.3 4 79.504 6217.193984
0.29 0.3 5 65.89 4239.9959
0.29 0.3 6 70.088 5203.884256
0.29 0.3 7 72.108 6240.440336
0.29 0.3 8 92.359 10621.628119
0.29 0.3 9 99.526 14029.743324
0.29 0.3 10 116.515 17298.051775
0.29 0.3 11 134.524 24578.137424
0.29 0.3 12 152.401 40879.020199
0.29 0.3 13 150.059 36175.833519
0.29 0.3 14 177.954 51126.725884
0.29 0.3 15 209.984 80955.483744
0.29 0.3 16 220.834 94754.086444
0.29 0.3 17 234.75 97437.3115
0.29 0.3 18 274.48 148659.4136
0.29 0.3 19 286.574 154572.902524
0.3 0.31 0 99.664 10923.979104
0.3 0.31 1 110.244 12119.110464
0.3 0.31 2 115.322 13601.690316
0.3 0.31 3 92.087 8649.239431
0.3 0.31 4 79.631 7309.252839
0.3 0.31 5 72.89 5490.1439
0.3 0.31 6 70.213 5531.047631
0.3 0.31 7 75.242 5975.721436
0.3 0.31 8 83.804 9052.501584
0.3 0.31 9 97.788 13409.303056
0.3 0.31 10 108.178 17979.132316
0.3 0.31 11 119.528 22317.935216
0.3 0.31 12 132.94 26482.6384
0.3 0.31 13 149.898 43019.787596
0.3 0.31 14 151.533 39881.398911
0.3 0.31 15 180.503 72776.131991
0.3 0.31 16 203.448 80382.765296
0.3 0.31 17 222.579 107089.827759
0.3 0.31 18 231.865 99277.216775
0.3 0.31 19 259.642 164970.381836
0.31 0.32 0 94.103 8439.678391
0.31 0.32 1 117.747 13296.922991
0.31 0.32 2 113.228 13544.520016
0.31 0.32 3 94.523 8747.513471
0.31 0.32 4 73.642 4963.663836
0.31 0.32 5 60.175 3414.364375
0.31 0.32 6 56.114 3048.425004
0.31 0.32 7 60.851 4056.862799
0.31 0.32 8 71.76 7253.7484
0.31 0.32 9 75.214 7604.304204
0.31 0.32 10 85.9 11371.662
0.31 0.32 11 93.601 15327.009799
0.31 0.32 12 105.746 17193.205484
0.31 0.32 13 119.412 24440.428256
0.31 0.32 14 122.867 27154.189311
0.31 0.32 15 145.776 49695.605824
0.31 0.32 16 160.184 50504.282144
0.31 0.32 17 167.171 62009.121759
0.31 0.32 18 177.138 72089.204956
0.31 0.32 19 206.437 100960.826031
0.32 0.33 0 103.322 10736.228316
0.32 0.33 1 116.624 12948.204624
0.32 0.33 2 115.398 12445.939596
0.32 0.33 3 98.074 9856.452524
0.32 0.33 4 74.306 5029.584364
0.32 0.33 5 77.011 6063.984879
0.32 0.33 6 83.63 8442.1731
0.32 0.33 7 87.016 10250.191744
0.32 0.33 8 110.636 18145.273504
0.32 0.33 9 128.63 23844.3511
0.32 0.33 10 136.435 25637.013775
0.32 0.33 11 163.188 42752.638656
0.32 0.33 12 188.536 57852.390704
0.32 0.33 13 205.587 76623.850431
0.32 0.33 14 245.185 98241.126775
0.32 0.33 15 256.88 119112.1976
0.32 0.33 16 327.756 213885.982464
0.32 0.33 17 322.505 220832.455975
0.32 0.33 18 357.082 253013.855276
0.32 0.33 19 368.424 262153.048224
0.33 0.34 0 102.663 10827.289431
0.33 0.34 1 110.89 12801.6019
0.33 0.34 2 117.568 14530.319376
0.33 0.34 3 91.4 8903.614
0.33 0.34 4 86.814 7349.317404
0.33 0.34 5 85.111 7170.450679
0.33 0.34 6 90.928 9531.322816
0.33 0.34 7 109.066 15844.789644
0.33 0.34 8 116.12 16518.4816
0.33 0.34 9 151.021 31438.310559
0.33 0.34 10 165.198 39893.072796
0.33 0.34 11 192.125 51302.489375
0.33 0.34 12 217.717 82630.982911
0.33 0.34 13 246.956 106063.794064
0.33 0.34 14 280.544 116833.094064
0.33 0.34 15 326.33 168063.8311
0.33 0.34 16 353.272 213761.302016
0.33 0.34 17 381.304 241753.593584
0.33 0.34 18 428.126 337051.480124
0.33 0.34 19 467.321 453953.253959
0.34 0.35 0 98.518 8608.077676
0.34 0.35 1 119.832 14252.021776
0.34 0.35 2 119.296 13425.940384
0.34 0.35 3 95.68 8531.5516
0.34 0.35 4 88.175 8303.740375
0.34 0.35 5 75.13 5894.4071
0.34 0.35 6 73.04 7534.9164
0.34 0.35 7 82.201 8092.202599
0.34 0.35 8 100.017 14976.290711
0.34 0.35 9 116.382 20609.938076
0.34 0.35 10 130.495 29201.189975
0.34 0.35 11 143.405 38495.528975
0.34 0.35 12 176.638 52359.894956
0.34 0.35 13 187.529 71100.755159
0.34 0.35 14 204.143 88827.126551
0.34 0.35 15 242.011 113440.180879
0.34 0.35 16 235.781 102698.141039
0.34 0.35 17 281.357 161252.263551
0.34 0.35 18 332.24 223647.7084
0.34 0.35 19 379.478 316544.401516
0.35 0.36 0 100.422 10087.631916
0.35 0.36 1 118.193 13597.765751
0.35 0.36 2 118.5 14937.774
0.35 0.36 3 96.379 9630.001359
0.35 0.36 4 87.994 8229.945964
0.35 0.36 5 81.399 8104.833799
0.35 0.36 6 80.997 8190.714991
0.35 0.36 7 95.823 13414.515671
0.35 0.36 8 102.181 14373.408239
0.35 0.36 9 120.293 23460.739151
0.35 0.36 10 153.759 39790.932919
0.35 0.36 11 166.201 48104.482599
0.35 0.36 12 202.077 69455.563071
0.35 0.36 13 196.966 80004.430844
0.35 0.36 14 207.579 98791.709759
0.35 0.36 15 271.451 150396.845599
0.35 0.36 16 269.331 148007.303439
0.35 0.36 17 315.19 231788.8899
0.35 0.36 18 349.322 237645.146316
0.35 0.36 19 349.734 279855.493244
0.36 0.37 0 104.699 10022.684399
0.36 0.37 1 112.838 11911.893756
0.36 0.37 2 119.394 16162.818764
0.36 0.37 3 103.432 10941.845376
0.36 0.37 4 88.232 8441.524176
0.36 0.37 5 78.489 7668.659879
0.36 0.37 6 82.9 9514.228
0.36 0.37 7 89.744 12981.060464
0.36 0.37 8 104.563 16572.804031
0.36 0.37 9 118.278 25243.476716
0.36 0.37 10 137.329 31256.114759
0.36 0.37 11 153.414 39904.292604
0.36 0.37 12 179.086 63911.880604
0.36 0.37 13 187.881 72849.274839
0.36 0.37 14 225.17 108408.3931
0.36 0.37 15 243.552 166381.015296
0.36 0.37 16 240.234 154534.693244
0.36 0.37 17 281.977 186332.450471
0.36 0.37 18 322.078 229526.615916
0.36 0.37 19 360.375 298780.760375
0.37 0.38 0 105.368 10753.464576
0.37 0.38 1 125.275 15281.319375
0.37 0.38 2 110.977 13454.570471
0.37 0.38 3 83.441 7575.648519
0.37 0.38 4 67.112 4503.505456
0.37 0.38 5 50.522 2224.681516
0.37 0.38 6 39.303 1281.947191
0.37 0.38 7 38.415 1021.408775
0.37 0.38 8 40.223 1083.867271
0.37 0.38 9 43.707 1322.783151
0.37 0.38 10 45.684 1286.166144
0.37 0.38 11 52.306 1694.386364
0.37 0.38 12 52.606 1691.614764
0.37 0.38 13 55.309 1962.435519
0.37 0.38 14 59.769 2103.099639
0.37 0.38 15 62.553 2385.819191
0.37 0.38 16 67.263 2918.261831
0.37 0.38 17 70.421 3653.389759
0.37 0.38 18 73.852 3271.060096
0.37 0.38 19 75.794 3580.823564
0.38 0.39 0 98.117 9128.439311
0.38 0.39 1 128.093 15304.306351
0.38 0.39 2 105.218 10428.808476
0.38 0.39 3 82.773 7416.527471
0.38 0.39 4 63.743 4287.510951
0.38 0.39 5 55.481 3389.995639
0.38 0.39 6 59.605 3633.660975
0.38 0.39 7 66.134 4535.544044
0.38 0.39 8 78.765 8109.317775
0.38 0.39 9 85.492 10257.739936
0.38 0.39 10 97.233 15122.558711
0.38 0.39 11 113.486 27905.657804
0.38 0.39 12 120.871 26313.152359
0.38 0.39 13 150.125 51533.505375
0.38 0.39 14 157.963 45332.579631
0.38 0.39 15 185.592 73678.479536
0.38 0.39 16 196.402 86279.374396
0.38 0.39 17 225.274 125672.228924
0.38 0.39 18 234.847 144353.719591
0.38 0.39 19 216.315 113540.699775
0.39 0.4 0 102.142 9989.993836
0.39 0.4 1 125.952 14120.653696
0.39 0.4 2 111.066 12537.843644
0.39 0.4 3 89.674 8429.811724
0.39 0.4 4 77.311 6375.704279
0.39 0.4 5 70.178 4913.720316
0.39 0.4 6 62.832 4463.579776
0.39 0.4 7 73.813 7113.654031
0.39 0.4 8 88.37 10946.0511
0.39 0.4 9 95.046 14883.439884
0.39 0.4 10 107.885 19996.913775
0.39 0.4 11 119.917 23916.012111
0.39 0.4 12 147.853 38593.177391
0.39 0.4 13 166.882 55923.006076
0.39 0.4 14 172.491 65265.569919
0.39 0.4 15 193.838 91372.831756
0.39 0.4 16 217.566 108321.843644
0.39 0.4 17 223.486 130837.517804
0.39 0.4 18 273.352 184474.926096
0.39 0.4 19 273.242 180729.365436
0.4 0.41 0 98.376 9025.810624
0.4 0.41 1 128.757 17411.111951
0.4 0.41 2 107.871 12247.092359
0.4 0.41 3 93.478 9989.073516
0.4 0.41 4 77.712 5828.879056
0.4 0.41 5 66.622 4958.959116
0.4 0.41 6 70.123 6618.057871
0.4 0.41 7 77.028 8367.239216
0.4 0.41 8 89.636 14177.087504
0.4 0.41 9 99.639 15525.940679
0.4 0.41 10 128.058 31005.448636
0.4 0.41 11 135.264 40091.122304
0.4 0.41 12 146.041 41591.253319
0.4 0.41 13 174.764 65709.174304
0.4 0.41 14 180.843 92164.004351
0.4 0.41 15 205.546 90245.923884
0.4 0.41 16 234.808 115306.273136
0.4 0.41 17 249.921 153945.054759
0.4 0.41 18 273.858 208536.697836
0.4 0.41 19 306.917 265517.712111
0.41 0.42 0 97.402 9087.928396
0.41 0.42 1 127.209 16870.575319
0.41 0.42 2 109.616 12496.964544
0.41 0.42 3 89.087 8581.053431
0.41 0.42 4 85.708 7993.930736
0.41 0.42 5 78.972 7936.555216
0.41 0.42 6 88.345 10843.145975
0.41 0.42 7 105.246 18047.559484
0.41 0.42 8 143.266 35481.849244
0.41 0.42 9 151.305 44348.245975
0.41 0.42 10 191.853 74417.519391
0.41 0.42 11 235.661 108985.468079
0.41 0.42 12 247.42 133094.1636
0.41 0.42 13 300.313 218119.675031
0.41 0.42 14 334.248 207317.650496
0.41 0.42 15 419.406 386021.349164
0.41 0.42 16 463.94 485895.3204
0.41 0.42 17 535.007 604685.106951
0.41 0.42 18 525.427 663878.790671
0.41 0.42 19 611.37 876570.3031
0.42 0.43 0 98.899 9491.284799
0.42 0.43 1 131.743 15772.562951
0.42 0.43 2 103.443 10466.842751
0.42 0.43 3 93.23 8572.0891
0.42 0.43 4 90.28 9467.5536
0.42 0.43 5 93.935 11094.244775
0.42 0.43 6 98.368 13685.284576
0.42 0.43 7 114.267 23300.041711
0.42 0.43 8 133.853 31365.923391
0.42 0.43 9 161.707 54901.261151
0.42 0.43 10 185.262 67674.245356
0.42 0.43 11 223.197 109540.670191
0.42 0.43 12 292.023 200786.944471
0.42 0.43 13 289.537 216951.500631
0.42 0.43 14 361.438 332960.528156
0.42 0.43 15 398.569 453854.227239
0.42 0.43 16 423.366 515289.404044
0.42 0.43 17 457.505 626206.483975
0.42 0.43 18 553.25 817071.9815
0.42 0.43 19 578.528 954297.407216
0.43 0.44 0 104.179 10515.994959
0.43 0.44 1 128.506 16381.211964
0.43 0.44 2 103.031 10175.366039
0.43 0.44 3 85.428 7033.514816
0.43 0.44 4 72.731 5429.422639
0.43 0.44 5 59.098 4169.002396
0.43 0.44 6 52.126 2780.314124
0.43 0.44 7 46.664 1721.299104
0.43 0.44 8 47.869 1796.595839
0.43 0.44 9 49.201 1681.688599
0.43 0.44 10 54.404 2370.952784
0.43 0.44 11 57.898 2398.943596
0.43 0.44 12 62.58 3101.2616
0.43 0.44 13 64.944 2816.864864
0.43 0.44 14 64.374 2993.290124
0.43 0.44 15 76.218 3823.210476
0.43 0.44 16 77.912 3974.726256
0.43 0.44 17 81.468 4637.768976
0.43 0.44 18 83.753 4632.481991
0.43 0.44 19 85.945 5139.425975
0.44 0.45 0 101.462 10789.222556
0.44 0.45 1 126.074 18039.536524
0.44 0.45 2 100.798 10052.547196
0.44 0.45 3 83.545 7707.501975
0.44 0.45 4 66.913 4438.307431
0.44 0.45 5 53.97 2706.6531
0.44 0.45 6 50.907 2596.662351
0.44 0.45 7 57.153 3229.409591
0.44 0.45 8 62.963 4663.577631
0.44 0.45 9 72.281 5829.902039
0.44 0.45 10 80.71 8031.6679
0.44 0.45 11 89.766 9207.307244
0.44 0.45 12 101.173 15000.135071
0.44 0.45 13 114.872 21192.401616
0.44 0.45 14 119.783 18639.779911
0.44 0.45 15 133.883 33985.623311
0.44 0.45 16 147.117 38105.979311
0.44 0.45 17 153.75 36034.3915
0.44 0.45 18 167.435 48804.697775
0.44 0.45 19 192.782 77547.250476
0.45 0.46 0 105.347 9938.456591
0.45 0.46 1 136.588 19134.242256
0.45 0.46 2 111.063 11076.205031
0.45 0.46 3 83.038 6864.404556
0.45 0.46 4 72.149 5483.440799
0.45 0.46 5 65.28 4759.4996
0.45 0.46 6 61.51 4021.1319
0.45 0.46 7 72.371 7004.149359
0.45 0.46 8 92.614 11714.837004
0.45 0.46 9 97.013 13585.654831
0.45 0.46 10 112.145 21373.485975
0.45 0.46 11 132.015 33420.728775
0.45 0.46 12 146.082 38392.885276
0.45 0.46 13 160.644 52240.329264
0.45 0.46 14 180.739 71061.242879
0.45 0.46 15 217.449 101998.657399
0.45 0.46 16 234.267 110655.877711
0.45 0.46 17 256.431 150077.481239
0.45 0.46 18 274.388 153076.961456
0.45 0.46 19 318.027 217519.424271
0.46 0.47 0 104.838 11513.403756
0.46 0.47 1 130.658 16990.369036
0.46 0.47 2 107.479 12055.725559
0.46 0.47 3 84.175 7520.268375
0.46 0.47 4 71.313 5097.493031
0.46 0.47 5 59.473 4223.145271
0.46 0.47 6 61.658 4867.035036
0.46 0.47 7 58.106 3749.892764
0.46 0.47 8 54.699 2983.768399
0.46 0.47 9 54.721 2366.397159
0.46 0.47 10 60.88 3549.4856
0.46 0.47 11 66.055 3179.617975
0.46 0.47 12 72.681 4188.493239
0.46 0.47 13 72.168 3603.475776
0.46 0.47 14 78.988 4943.309856
0.46 0.47 15 78.128 4830.051616
0.46 0.47 16 86.192 6012.063136
0.46 0.47 17 88.167 6356.575111
0.46 0.47 18 88.602 5763.621596
0.46 0.47 19 97.288 6578.437056
0.47 0.48 0 101.374 10397.792124
0.47 0.48 1 127.692 16167.863136
0.47 0.48 2 108.752 12405.586496
0.47 0.48 3 83.609 7073.866119
0.47 0.48 4 64.866 4239.130044
0.47 0.48 5 51.414 2247.116604
0.47 0.48 6 48.017 1924.932711
0.47 0.48 7 50.426 2171.020524
0.47 0.48 8 57.58 3325.5736
0.47 0.48 9 63.206 3598.761564
0.47 0.48 10 65.653 3800.930591
0.47 0.48 11 74.668 6599.081776
0.47 0.48 12 82.931 7539.934239
0.47 0.48 13 92.252 9815.306496
0.47 0.48 14 99.998 11325.443996
0.47 0.48 15 110.578 16660.205916
0.47 0.48 16 117.488 18511.297856
0.47 0.48 17 127.219 21092.473039
0.47 0.48 18 132.834 23346.056444
0.47 0.48 19 148.818 34459.578876
0.48 0.49 0 97.663 10212.417431
0.48 0.49 1 142.272 19220.000016
0.48 0.49 2 111.404 11718.788784
0.48 0.49 3 87.075 7596.953375
0.48 0.49 4 66.084 4613.454944
0.48 0.49 5 46.477 1917.875471
0.48 0.49 6 42.767 1535.688711
0.48 0.49 7 45.38 1709.5556
0.48 0.49 8 44.536 1441.492704
0.48 0.49 9 52.841 2201.889719
0.48 0.49 10 53.508 2245.169936
0.48 0.49 11 55.987 2327.754831
0.48 0.49 12 64.262 3498.143356
0.48 0.49 13 64.781 3045.359039
0.48 0.49 14 68.987 3348.810831
0.48 0.49 15 73.531 3967.153039
0.48 0.49 16 72.878 3309.029116
0.48 0.49 17 85.986 5952.261804
0.48 0.49 18 85.402 5015.308396
0.48 0.49 19 86.991 4926.354919
0.49 0.5 0 92.321 8594.789959
0.49 0.5 1 135.041 16964.735319
0.49 0.5 2 103.814 11889.421404
0.49 0.5 3 84.262 7862.923356
0.49 0.5 4 62.974 3955.357324
0.49 0.5 5 47.246 1933.545484
0.49 0.5 6 39.012 1177.077856
0.49 0.5 7 37.127 884.772871
0.49 0.5 8 38.904 1091.394784
0.49 0.5 9 39.324 1098.749024
0.49 0.5 10 41.654 1182.294284
0.49 0.5 11 44.973 1369.488271
0.49 0.5 12 47.2 1510.086
0.49 0.5 13 51.392 1604.796336
0.49 0.5 14 52.757 1867.729951
0.49 0.5 15 56.248 1992.688496
0.49 0.5 16 59.357 2061.215551
0.49 0.5 17 61.445 2219.038975
0.49 0.5 18 64.728 2349.308016
0.49 0.5 19 69.9 2877.41
0.5 0.51 0 97.89 9704.8739
0.5 0.51 1 126.736 17827.370304
0.5 0.51 2 114.313 13544.889031
0.5 0.51 3 91.065 7918.182775
0.5 0.51 4 62.243 4074.727951
0.5 0.51 5 47.938 2559.922156
0.5 0.51 6 37.223 1116.827271
0.5 0.51 7 35.931 972.868239
0.5 0.51 8 37.548 1024.959696
0.5 0.51 9 39.736 1070.798304
0.5 0.51 10 44.678 1349.996316
0.5 0.51 11 46.961 1497.413479
0.5 0.51 12 47.794 1412.713564
0.5 0.51 13 50.881 1588.798839
0.5 0.51 14 55.584 2035.432944
0.5 0.51 15 55.306 1970.416364
0.5 0.51 16 58.492 2020.715936
0.5 0.51 17 64.142 2923.911836
0.5 0.51 18 63.031 2387.080039
0.5 0.51 19 67.767 3008.948711
0.51 0.52 0 97.761 9525.535879
0.51 0.52 1 136.752 18922.958496
0.51 0.52 2 112.614 11565.173004
0.51 0.52 3 87.007 7554.910951
0.51 0.52 4 64.234 4126.767244
0.51 0.52 5 49.18 2231.5136
0.51 0.52 6 42.23 1681.0971
0.51 0.52 7 43.669 1502.021439
0.51 0.52 8 45.955 1715.178975
0.51 0.52 9 50.802 2171.322796
0.51 0.52 10 54.625 2172.914375
0.51 0.52 11 59.55 2690.5915
0.51 0.52 12 61.258 2679.935436
0.51 0.52 13 63.119 3049.772839
0.51 0.52 14 70.198 3742.674796
0.51 0.52 15 71.447 3598.895191
0.51 0.52 16 80.87 4605.3611
0.51 0.52 17 81.51 4726.6519
0.51 0.52 18 83.948 5028.989296
0.51 0.52 19 86.86 5808.7844
0.52 0.53 0 101.948 10305.429296
0.52 0.53 1 136.899 18265.536799
0.52 0.53 2 114.893 14202.649551
0.52 0.53 3 89.32 8218.1556
0.52 0.53 4 63.298 3812.107196
0.52 0.53 5 50.055 2315.893975
0.52 0.53 6 45.105 1667.489975
0.52 0.53 7 49.847 2555.725591
0.52 0.53 8 52.757 2431.549951
0.52 0.53 9 64.271 3466.739559
0.52 0.53 10 69.746 4865.807484
0.52 0.53 11 81.29 7188.4219
0.52 0.53 12 80.934 6784.085644
0.52 0.53 13 93.588 9515.474256
0.52 0.53 14 102.14 11956.4104
0.52 0.53 15 105.661 14714.452079
0.52 0.53 16 116.628 16482.167616
0.52 0.53 17 135.119 25125.006839
0.52 0.53 18 135.544 25339.642064
0.52 0.53 19 143.161 29444.105079
0.53 0.54 0 98.536 9288.272704
0.53 0.54 1 130.469 17765.629039
0.53 0.54 2 110.443 12289.062751
0.53 0.54 3 85.17 7525.7171
0.53 0.54 4 71.359 4961.722119
0.53 0.54 5 60.557 3861.574751
0.53 0.54 6 61.142 4360.083836
0.53 0.54 7 56.897 3244.062391
0.53 0.54 8 53.208 2677.678736
0.53 0.54 9 59.145 3144.777975
0.53 0.54 10 56.973 2831.644271
0.53 0.54 11 64.426 4064.344524
0.53 0.54 12 70.336 3714.303104
0.53 0.54 13 66.946 3648.669084
0.53 0.54 14 73.027 4232.594271
0.53 0.54 15 78.812 5148.482656
0.53 0.54 16 83.883 5194.417311
0.53 0.54 17 85.509 5280.281919
0.53 0.54 18 93.126 6744.406124
0.53 0.54 19 97.428 7159.208816
0.54 0.55 0 97.724 9742.451824
0.54 0.55 1 130.537 18011.772631
0.54 0.55 2 109.224 13996.587824
0.54 0.55 3 81.695 6396.865975
0.54 0.55 4 68.331 4790.539439
0.54 0.55 5 66.084 5061.486944
0.54 0.55 6 65.278 4879.064716
0.54 0.55 7 75.334 7123.544444
0.54 0.55 8 89.251 13756.713999
0.54 0.55 9 104.985 17566.306775
0.54 0.55 10 114.896 23542.575184
0.54 0.55 11 127.441 28043.100519
0.54 0.55 12 139.602 35282.185596
0.54 0.55 13 175.389 67839.649679
0.54 0.55 14 184.081 74813.604439
0.54 0.55 15 205.457 88483.638151
0.54 0.55 16 227.173 120463.603071
0.54 0.55 17 234.506 113340.989964
0.54 0.55 18 273.994 155058.917964
0.54 0.55 19 313.076 235510.078224
0.55 0.56 0 108.551 12159.321399
0.55 0.56 1 137.198 21174.418796
0.55 0.56 2 104.733 10501.463711
0.55 0.56 3 82.886 6686.191004
0.55 0.56 4 66.738 4576.359356
0.55 0.56 5 52.725 2577.091375
0.55 0.56 6 52.989 2833.592879
0.55 0.56 7 56.921 3380.518759
0.55 0.56 8 66.248 4768.176496
0.55 0.56 9 73.749 6317.673999
0.55 0.56 10 80.698 9501.462796
0.55 0.56 11 91.597 13248.132591
0.55 0.56 12 103.828 14882.850416
0.55 0.56 13 112.713 17145.610631
0.55 0.56 14 119.52 21758.9896
0.55 0.56 15 128.663 27562.351431
0.55 0.56 16 156.95 39456.2995
0.55 0.56 17 149.421 37031.079759
0.55 0.56 18 167.426 53568.930524
0.55 0.56 19 182.803 67455.304191
0.56 0.57 0 102.639 11369.394679
0.56 0.57 1 136.127 20103.932871
0.56 0.57 2 103.796 11452.974384
0.56 0.57 3 91.344 8887.769664
0.56 0.57 4 81.021 7320.212559
0.56 0.57 5 68.387 4778.875231
0.56 0.57 6 52.656 2957.415664
0.56 0.57 7 47.155 2031.182975
0.56 0.57 8 47.451 1652.661599
0.56 0.57 9 48.83 1846.4871
0.56 0.57 10 52.554 2160.215084
0.56 0.57 11 56.732 2096.558176
0.56 0.57 12 61.067 2673.472511
0.56 0.57 13 67.705 3292.081975
0.56 0.57 14 66.618 3550.658076
0.56 0.57 15 71.997 3583.468991
0.56 0.57 16 81.028 5064.655216
0.56 0.57 17 79.119 4150.774839
0.56 0.57 18 80.262 4470.295356
0.56 0.57 19 89.835 5885.421775
0.57 0.58 0 101.857 10178.834551
0.57 0.58 1 128.867 16565.965311
0.57 0.58 2 105.132 11623.862576
0.57 0.58 3 98.637 10437.035231
0.57 0.58 4 89.631 8634.694839
0.57 0.58 5 94.202 11052.759196
0.57 0.58 6 100.872 16422.741616
0.57 0.58 7 119.28 25745.5716
0.57 0.58 8 149.028 46145.209216
0.57 0.58 9 174.305 59508.227975
0.57 0.58 10 206.094 96432.907164
0.57 0.58 11 230.425 128134.346375
0.57 0.58 12 258.978 158732.929516
0.57 0.58 13 293.395 201144.446975
0.57 0.58 14 345.823 301478.031671
0.57 0.58 15 408.22 475731.7316
0.57 0.58 16 447.207 529879.046151
0.57 0.58 17 527.629 714764.399359
0.57 0.58 18 561.564 855944.145904
0.57 0.58 19 655.639 1249924.18268
0.58 0.59 0 96.265 9528.546775
0.58 0.59 1 125.49 16151.9919
0.58 0.59 2 97.576 9852.400224
0.58 0.59 3 91.301 8004.618399
0.58 0.59 4 87.171 7125.315759
0.58 0.59 5 83.234 8343.833244
0.58 0.59 6 98.202 14716.693196
0.58 0.59 7 118.869 26665.217839
0.58 0.59 8 135.295 26594.111975
0.58 0.59 9 176.424 55282.422224
0.58 0.59 10 197.95 81552.7235
0.58 0.59 11 225.605 100643.774975
0.58 0.59 12 270.029 171626.170159
0.58 0.59 13 327.393 215755.406551
0.58 0.59 14 389.268 317146.834176
0.58 0.59 15 382.984 374054.231744
0.58 0.59 16 445.738 431430.803356
0.58 0.59 17 455.14 467002.7304
0.58 0.59 18 549.237 664708.912831
0.58 0.59 19 636.081 1001486.06844
0.59 0.6 0 101.96 9437.4084
0.59 0.6 1 123.08 14597.7336
0.59 0.6 2 100.299 9660.291599
0.59 0.6 3 87.579 8058.699759
0.59 0.6 4 78.25 6561.5715
0.59 0.6 5 67.096 4766.612784
0.59 0.6 6 69.388 6254.397456
0.59 0.6 7 80.087 9071.319431
0.59 0.6 8 90.499 12748.993999
0.59 0.6 9 107.692 19661.053136
0.59 0.6 10 119.645 25919.012975
0.59 0.6 11 131.887 32064.396231
0.59 0.6 12 154.419 52742.557439
0.59 0.6 13 170.627 73385.021871
0.59 0.6 14 183.158 76065.229036
0.59 0.6 15 203.559 93307.108519
0.59 0.6 16 222.179 104413.284959
0.59 0.6 17 255.781 177581.375039
0.59 0.6 18 270.465 211765.064775
0.59 0.6 19 296.81 223308.2559
0.6 0.61 0 96.531 9190.253039
0.6 0.61 1 119.291 14068.280319
0.6 0.61 2 101.886 11214.787004
0.6 0.61 3 89.783 8670.615911
0.6 0.61 4 70.958 5983.080236
0.6 0.61 5 69.604 5594.883184
0.6 0.61 6 68.722 5817.956716
0.6 0.61 7 80.797 8481.077791
0.6 0.61 8 92.209 11684.049319
0.6 0.61 9 100.814 14781.475404
0.6 0.61 10 121.461 25560.272479
0.6 0.61 11 135.279 31019.391159
0.6 0.61 12 140.594 38425.763164
0.6 0.61 13 174.892 66870.268336
0.6 0.61 14 174.592 57396.553536
0.6 0.61 15 200.404 91973.952784
0.6 0.61 16 233.859 143350.721119
0.6 0.61 17 239.019 133264.008639
0.6 0.61 18 274.949 173075.678399
0.6 0.61 19 259.345 165729.301975
0.61 0.62 0 105.22 11242.4756
0.61 0.62 1 122.828 16742.398416
0.61 0.62 2 97.865 9106.466775
0.61 0.62 3 85.34 7420.1044
0.61 0.62 4 65.158 4296.929036
0.61 0.62 5 53.434 2885.577644
0.61 0.62 6 59.457 4064.716151
0.61 0.62 7 65.17 4799.5311
0.61 0.62 8 73.88 8971.7336
0.61 0.62 9 88.465 14329.888775
0.61 0.62 10 98.227 16279.559471
0.61 0.62 11 118.457 22957.326151
0.61 0.62 12 126.996 34036.073984
0.61 0.62 13 138.58 35162.3616
0.61 0.62 14 172.997 53430.502991
0.61 0.62 15 165.641 62236.622119
0.61 0.62 16 202.907 97385.432351
0.61 0.62 17 216.998 113805.495996
0.61 0.62 18 239.041 143139.695319
0.61 0.62 19 260.922 193649.971916
0.62 0.63 0 97.053 9636.796191
0.62 0.63 1 120.951 14802.838599
0.62 0.63 2 108.441 11432.566519
0.62 0.63 3 88.555 7762.944975
0.62 0.63 4 65.219 3950.799039
0.62 0.63 5 46.976 1926.411424
0.62 0.63 6 39.438 1072.222156
0.62 0.63 7 41.004 1307.303984
0.62 0.63 8 42.954 1112.269884
0.62 0.63 9 43.048 1259.673696
0.62 0.63 10 46.54 1498.3364
0.62 0.63 11 50.353 1633.722391
0.62 0.63 12 52.4 1652.234
0.62 0.63 13 55.227 2142.873471
0.62 0.63 14 59.485 2132.903775
0.62 0.63 15 64.838 2706.619756
0.62 0.63 16 65.752 2770.854496
0.62 0.63 17 69.236 3239.152304
0.62 0.63 18 73.506 3599.475964
0.62 0.63 19 75.487 3102.053831
0.63 0.64 0 99.867 10567.165311
0.63 0.64 1 124.659 14269.602719
0.63 0.64 2 124.391 16303.874119
0.63 0.64 3 105.597 11657.980591
0.63 0.64 4 91.335 7968.986775
0.63 0.64 5 76.029 6832.602159
0.63 0.64 6 76.6 7694.022
0.63 0.64 7 93.614 13286.535004
0.63 0.64 8 111.889 20998.794679
0.63 0.64 9 124.742 28991.123436
0.63 0.64 10 137.517 34438.719711
0.63 0.64 11 159.461 51151.320479
0.63 0.64 12 168.892 62195.244336
0.63 0.64 13 201.54 72850.5584
0.63 0.64 14 231.731 135063.504639
0.63 0.64 15 244.198 135776.628796
0.63 0.64 16 273.174 170747.519724
0.63 0.64 17 296.49 233095.6419
0.63 0.64 18 332.662 270989.095756
0.63 0.64 19 332.103 301394.322391
0.64 0.65 0 105.127 10561.534871
0.64 0.65 1 116.93 14314.3451
0.64 0.65 2 124.342 16539.835036
0.64 0.65 3 98.011 9531.622879
0.64 0.65 4 88.157 9110.780351
0.64 0.65 5 80.784 7286.819344
0.64 0.65 6 85.149 9977.420799
0.64 0.65 7 97.871 14327.092359
0.64 0.65 8 115.251 22552.571999
0.64 0.65 9 125.995 23536.002975
0.64 0.65 10 140.935 32855.396775
0.64 0.65 11 169.146 53673.324684
0.64 0.65 12 173.67 55838.0511
0.64 0.65 13 204.401 85989.078199
0.64 0.65 14 224.523 112806.467471
0.64 0.65 15 234.589 108300.518079
0.64 0.65 16 274.213 168843.671631
0.64 0.65 17 286.852 184467.086096
0.64 0.65 18 309.4 214389.214
0.64 0.65 19 370.235 350298.701775
0.65 0.66 0 101.394 9866.348764
0.65 0.66 1 115.396 13100.765184
0.65 0.66 2 116.146 14812.154684
0.65 0.66 3 98.282 11002.736476
0.65 0.66 4 86.268 7329.648176
0.65 0.66 5 74.275 5521.001375
0.65 0.66 6 78.593 7834.243351
0.65 0.66 7 89.48 11257.1696
0.65 0.66 8 100.126 16035.190124
0.65 0.66 9 116.588 22975.810256
0.65 0.66 10 129.626 26763.262124
0.65 0.66 11 143.415 36699.140775
0.65 0.66 12 162.126 55034.236124
0.65 0.66 13 198.085 85527.007775
0.65 0.66 14 225.58 98844.3816
0.65 0.66 15 254.23 136116.9251
0.65 0.66 16 273.002 175164.683996
0.65 0.66 17 283.124 187667.518624
0.65 0.66 18 300.79 224221.4739
0.65 0.66 19 353.165 295580.655775
0.66 0.67 0 99.016 8932.781744
0.66 0.67 1 113.299 14241.179599
0.66 0.67 2 116.46 12727.8764
0.66 0.67 3 95.069 10199.560239
0.66 0.67 4 83.579 7469.897759
0.66 0.67 5 88.175 8317.008375
0.66 0.67 6 90.681 11169.463239
0.66 0.67 7 103.946 16420.229084
0.66 0.67 8 124.661 24643.206079
0.66 0.67 9 142.521 30063.379559
0.66 0.67 10 173.682 42806.324876
0.66 0.67 11 197.236 59718.698304
0.66 0.67 12 240.87 81411.3791
0.66 0.67 13 257.06 116937.6404
0.66 0.67 14 284.659 140932.718719
0.66 0.67 15 297.548 151391.123696
0.66 0.67 16 314.966 182521.074844
0.66 0.67 17 403.441 306790.572519
0.66 0.67 18 428.778 304591.732716
0.66 0.67 19 476.619 327929.387839
0.67 0.68 0 98.004 10025.509984
0.67 0.68 1 118.104 14187.323184
0.67 0.68 2 112.396 12196.733184
0.67 0.68 3 96.29 9379.4079
0.67 0.68 4 80.969 6794.962039
0.67 0.68 5 76.342 7650.961036
0.67 0.68 6 84.743 8201.310951
0.67 0.68 7 94.576 11627.680224
0.67 0.68 8 111.766 16441.091244
0.67 0.68 9 132.513 23962.639831
0.67 0.68 10 140.353 33050.646391
0.67 0.68 11 167.24 45055.4484
0.67 0.68 12 192.109 59428.853119
0.67 0.68 13 221.028 89428.303216
0.67 0.68 14 260.108 121078.952336
0.67 0.68 15 245.131 104883.813839
0.67 0.68 16 296.357 155100.279551
0.67 0.68 17 330.191 205815.026519
0.67 0.68 18 367.402 245485.908396
0.67 0.68 19 373.183 252073.645511
0.68 0.69 0 99.865 9428.492775
0.68 0.69 1 117.111 15296.726679
0.68 0.69 2 116.451 14851.479599
0.68 0.69 3 94.594 9156.243164
0.68 0.69 4 70.044 4929.020064
0.68 0.69 5 60.17 3660.5131
0.68 0.69 6 60.75 4272.1395
0.68 0.69 7 67.338 5446.833756
0.68 0.69 8 70.168 6829.077776
0.68 0.69 9 76.883 9129.499311
0.68 0.69 10 87.199 11683.097399
0.68 0.69 11 94.658 16394.969036
0.68 0.69 12 103.75 23275.5995
0.68 0.69 13 122.139 29821.289679
0.68 0.69 14 130.746 33217.733484
0.68 0.69 15 149.742 43729.443436
0.68 0.69 16 154.795 47854.170975
0.68 0.69 17 181.788 73416.391056
0.68 0.69 18 210.954 105578.951884
0.68 0.69 19 200.568 100418.311376
0.69 0.7 0 96.096 10039.900784
0.69 0.7 1 120.4 13127.662
0.69 0.7 2 108.574 10930.054524
0.69 0.7 3 96.724 9671.805824
0.69 0.7 4 81.069 6741.218239
0.69 0.7 5 73.588 5227.916256
0.69 0.7 6 69.557 5751.878751
0.69 0.7 7 80.375 7211.816375
0.69 0.7 8 82.919 9511.940439
0.69 0.7 9 100.421 12916.547759
0.69 0.7 10 117.901 21916.243199
0.69 0.7 11 119.973 21790.078271
0.69 0.7 12 140.859 30649.979119
0.69 0.7 13 158.313 38586.077031
0.69 0.7 14 164.461 47147.532479
0.69 0.7 15 183.348 66087.474896
0.69 0.7 16 208.82 92355.3056
0.69 0.7 17 218.104 83507.121184
0.69 0.7 18 258.454 152306.665884
0.69 0.7 19 249.154 127892.012284
0.7 0.71 0 98.655 8905.469975
0.7 0.71 1 109.028 12204.743216
0.7 0.71 2 105.614 10774.027004
0.7 0.71 3 92.943 8835.195751
0.7 0.71 4 79.51 6564.2099
0.7 0.71 5 70.675 5072.213375
0.7 0.71 6 72.539 5316.286479
0.7 0.71 7 83.253 7644.650991
0.7 0.71 8 90.838 9865.641756
0.7 0.71 9 102.092 13402.161536
0.7 0.71 10 115.751 18890.498999
0.7 0.71 11 129.967 25535.971911
0.7 0.71 12 144.285 31929.469775
0.7 0.71 13 149.729 33920.941559
0.7 0.71 14 189.765 61707.959775
0.7 0.71 15 197.605 64400.216975
0.7 0.71 16 214.017 84595.748711
0.7 0.71 17 232.772 92519.616016
0.7 0.71 18 276.652 150204.120896
0.7 0.71 19 318.411 189054.842079
0.71 0.72 0 99.104 9144.625184
0.71 0.72 1 106.852 10669.106096
0.71 0.72 2 105.61 12322.1659
0.71 0.72 3 95.717 10069.664911
0.71 0.72 4 66.887 4315.900231
0.71 0.72 5 54.929 2854.005959
0.71 0.72 6 61.613 3725.829231
0.71 0.72 7 62.167 4167.835111
0.71 0.72 8 71.563 6101.252031
0.71 0.72 9 79.28 8356.7316
0.71 0.72 10 82.788 8680.143056
0.71 0.72 11 90.407 10637.317351
0.71 0.72 12 100.376 13667.656624
0.71 0.72 13 107.867 15679.477311
0.71 0.72 14 121.285 29888.881775
0.71 0.72 15 131.823 28249.445671
0.71 0.72 16 146.63 43639.4171
0.71 0.72 17 146.293 39188.605151
0.71 0.72 18 169.448 53504.389296
0.71 0.72 19 169.447 68311.483191
0.72 0.73 0 103.388 10056.771456
0.72 0.73 1 108.195 11970.360975
0.72 0.73 2 95.637 9808.013231
0.72 0.73 3 85.021 7128.484559
0.72 0.73 4 72.271 5436.427559
0.72 0.73 5 60.444 3383.080864
0.72 0.73 6 62.278 4150.742716
0.72 0.73 7 65.454 3907.447884
0.72 0.73 8 74.769 6211.705639
0.72 0.73 9 82.693 8192.674751
0.72 0.73 10 93.003 10786.404991
0.72 0.73 11 95.45 11410.3315
0.72 0.73 12 108.61 15839.1319
0.72 0.73 13 120.067 21112.592511
0.72 0.73 14 134.397 31256.209391
0.72 0.73 15 150.364 34038.191504
0.72 0.73 16 156.594 41568.921164
0.72 0.73 17 175.456 53715.438064
0.72 0.73 18 185.502 59672.817996
0.72 0.73 19 206.05 69285.6595
0.73 0.74 0 101.731 10324.046639
0.73 0.74 1 105.475 10843.909375
0.73 0.74 2 89.331 7341.023439
0.73 0.74 3 72.813 5462.666031
0.73 0.74 4 67.711 4525.305479
0.73 0.74 5 53.373 2814.183871
0.73 0.74 6 46.739 2007.830879
0.73 0.74 7 52.483 2780.027711
0.73 0.74 8 57.68 3550.0056
0.73 0.74 9 62.701 4649.759599
0.73 0.74 10 66.875 5081.573375
0.73 0.74 11 73.982 6622.771676
0.73 0.74 12 83.844 9199.361664
0.73 0.74 13 96.479 13287.249559
0.73 0.74 14 95.692 13007.643136
0.73 0.74 15 102.346 17109.288284
0.73 0.74 16 113.943 19301.005751
0.73 0.74 17 117.553 20130.889191
0.73 0.74 18 126.54 28306.8644
0.73 0.74 19 136.893 35452.817551
0.74 0.75 0 96.806 9106.402364
0.74 0.75 1 101.08 9643.0156
0.74 0.75 2 87.596 8597.358784
0.74 0.75 3 69.363 5211.855231
0.74 0.75 4 52.759 2544.636919
0.74 0.75 5 39.812 1453.856656
0.74 0.75 6 36.259 844.843919
0.74 0.75 7 37.687 1000.413031
0.74 0.75 8 39.556 1030.162864
0.74 0.75 9 41.886 1172.935004
0.74 0.75 10 47.158 1626.099036
0.74 0.75 11 48.542 1637.070236
0.74 0.75 12 49.943 1653.599751
0.74 0.75 13 52.017 1787.950711
0.74 0.75 14 57.092 2033.591536
0.74 0.75 15 57.163 2108.056431
0.74 0.75 16 59.786 2193.780204
0.74 0.75 17 65.009 2611.916919
0.74 0.75 18 68.794 3065.271564
0.74 0.75 19 69.221 2841.012159
0.75 0.76 0 96.469 9825.891039
0.75 0.76 1 149.95 20162.6275
0.75 0.76 2 155.216 23507.741344
0.75 0.76 3 122.575 13695.858375
0.75 0.76 4 89.995 7864.876975
0.75 0.76 5 64.455 3788.627975
0.75 0.76 6 54.639 2287.018679
0.75 0.76 7 50.917 2099.842111
0.75 0.76 8 52.572 2026.546816
0.75 0.76 9 56.306 2376.978364
0.75 0.76 10 58.107 2466.649551
0.75 0.76 11 61.807 2792.827751
0.75 0.76 12 65.691 3101.833519
0.75 0.76 13 68.732 3906.790176
0.75 0.76 14 68.699 3456.542399
0.75 0.76 15 76.71 4517.9419
0.75 0.76 16 76.199 4574.507399
0.75 0.76 17 82.082 5119.139276
0.75 0.76 18 89.091 5956.228719
0.75 0.76 19 91.398 5584.419596
0.76 0.77 0 101.56 9883.9564
0.76 0.77 1 164.529 28827.009159
0.76 0.77 2 148.635 22208.863775
0.76 0.77 3 112.91 12916.9579
0.76 0.77 4 86.649 6729.621799
0.76 0.77 5 60.373 2998.905871
0.76 0.77 6 55.145 2652.589975
0.76 0.77 7 59.673 2850.258071
0.76 0.77 8 57.522 2578.985516
0.76 0.77 9 61.759 2997.916919
0.76 0.77 10 66.863 3698.864231
0.76 0.77 11 69.81 3771.3899
0.76 0.77 12 76.717 4285.580911
0.76 0.77 13 84.83 5866.5731
0.76 0.77 14 83.117 5130.323311
0.76 0.77 15 91.454 6104.529884
0.76 0.77 16 91.479 6254.217559
0.76 0.77 17 98.296 7431.726384
0.76 0.77 18 99.433 7486.487511
0.76 0.77 19 108.18 9032.2556
0.77 0.78 0 99.182 10470.494876
0.77 0.78 1 157.255 24418.105975
0.77 0.78 2 149.1 21226.058
0.77 0.78 3 104.69 10656.5659
0.77 0.78 4 70.03 4836.6071
0.77 0.78 5 59.406 3335.163164
0.77 0.78 6 60.695 3234.377975
0.77 0.78 7 61.257 3475.380951
0.77 0.78 8 69.084 4361.978944
0.77 0.78 9 74.906 4967.889164
0.77 0.78 10 78.769 5841.891639
0.77 0.78 11 87.524 7475.873424
0.77 0.78 12 95.452 9510.031696
0.77 0.78 13 100.006 10073.475964
0.77 0.78 14 109.153 13390.413591
0.77 0.78 15 116.528 14689.163216
0.77 0.78 16 124.228 16166.554016
0.77 0.78 17 140.164 24359.763104
0.77 0.78 18 141.763 21236.678831
0.77 0.78 19 157.953 27124.524791
0.78 0.79 0 104.368 11112.424576
0.78 0.79 1 148.014 24596.897804
0.78 0.79 2 143.701 20074.577599
0.78 0.79 3 103.203 11283.925791
0.78 0.79 4 87.769 7827.221639
0.78 0.79 5 71.291 4795.110319
0.78 0.79 6 71.684 5075.662144
0.78 0.79 7 66.241 3787.530919
0.78 0.79 8 66.077 4061.043071
0.78 0.79 9 65.517 3597.935711
0.78 0.79 10 73.402 4213.914396
0.78 0.79 11 76.051 4580.874399
0.78 0.79 12 77.768 5014.200176
0.78 0.79 13 83.167 5860.755111
0.78 0.79 14 86.104 5696.597184
0.78 0.79 15 92.646 7040.942684
0.78 0.79 16 99.178 7556.610316
0.78 0.79 17 101.347 8171.034591
0.78 0.79 18 100.826 7552.871724
0.78 0.79 19 112.235 9107.355775
0.79 0.8 0 105.045 10004.460975
0.79 0.8 1 145.12 21852.9256
0.79 0.8 2 128.678 19288.758316
0.79 0.8 3 96.82 9408.8496
0.79 0.8 4 82.411 7552.756079
0.79 0.8 5 73.751 5295.796999
0.79 0.8 6 67.225 4268.968375
0.79 0.8 7 75.325 5652.117375
0.79 0.8 8 84.576 7478.794224
0.79 0.8 9 98.075 11478.301375
0.79 0.8 10 102.318 14582.856876
0.79 0.8 11 122.588 19693.486256
0.79 0.8 12 136.081 26450.196439
0.79 0.8 13 145.398 33176.521596
0.79 0.8 14 151.359 28220.020119
0.79 0.8 15 172.051 48183.560399
0.79 0.8 16 188.565 50495.389775
0.79 0.8 17 200.841 64317.615719
0.79 0.8 18 225.255 91903.373975
0.79 0.8 19 234.032 94887.706976
0.8 0.81 0 101.644 9987.811264
0.8 0.81 1 145.312 21993.938656
0.8 0.81 2 135.782 19750.564476
0.8 0.81 3 86.323 8326.004671
0.8 0.81 4 68.018 4547.623676
0.8 0.81 5 60.61 3533.9719
0.8 0.81 6 60.433 3585.403511
0.8 0.81 7 58.466 3702.694844
0.8 0.81 8 68.313 4389.689031
0.8 0.81 9 74.302 5612.578796
0.8 0.81 10 82.438 7154.772156
0.8 0.81 11 95.865 10885.426775
0.8 0.81 12 101.262 10735.361356
0.8 0.81 13 114.018 15570.997676
0.8 0.81 14 117.129 20432.782359
0.8 0.81 15 131.867 24901.227311
0.8 0.81 16 138.391 24077.472119
0.8 0.81 17 147.183 28818.931511
0.8 0.81 18 160.228 33104.248016
0.8 0.81 19 163.917 37027.340111
0.81 0.82 0 96.204 8955.082384
0.81 0.82 1 145.47 21420.1951
0.81 0.82 2 128.858 17466.811836
0.81 0.82 3 113.877 13539.145871
0.81 0.82 4 89.563 7970.426031
0.81 0.82 5 72.511 5236.549879
0.81 0.82 6 56.845 2483.304975
0.81 0.82 7 56.747 2728.080991
0.81 0.82 8 55.189 2414.119279
0.81 0.82 9 58.817 3209.031511
0.81 0.82 10 65.505 3721.871975
0.81 0.82 11 65.927 3727.009671
0.81 0.82 12 70.531 3599.119039
0.81 0.82 13 72.993 4430.104951
0.81 0.82 14 77.876 4857.068624
0.81 0.82 15 81.486 4772.381804
0.81 0.82 16 86.127 5681.936871
0.81 0.82 17 90.425 6245.450375
0.81 0.82 18 94.612 6795.949456
0.81 0.82 19 101.735 7490.064775
0.82 0.83 0 99.005 9714.324975
0.82 0.83 1 147.933 21708.938511
0.82 0.83 2 125.385 15189.096775
0.82 0.83 3 126.358 16532.987836
0.82 0.83 4 105.883 12048.999311
0.82 0.83 5 88.483 8389.277711
0.82 0.83 6 78.869 6381.321839
0.82 0.83 7 90.729 9805.983559
0.82 0.83 8 102.808 12757.183136
0.82 0.83 9 104.462 14307.614556
0.82 0.83 10 124.514 17725.657804
0.82 0.83 11 133.266 24632.535244
0.82 0.83 12 144.913 37571.333431
0.82 0.83 13 163.923 45110.507071
0.82 0.83 14 170.781 48400.285039
0.82 0.83 15 190.894 60732.588764
0.82 0.83 16 217.103 85763.294391
0.82 0.83 17 213.386 85303.411004
0.82 0.83 18 253.902 125504.218396
0.82 0.83 19 260.119 137966.794839
0.83 0.84 0 100.952 9705.467696
0.83 0.84 1 137.093 20401.906351
0.83 0.84 2 122.159 15418.377719
0.83 0.84 3 111.9 13269.914
0.83 0.84 4 86.773 7609.595471
0.83 0.84 5 77.256 6548.296464
0.83 0.84 6 80.839 6869.331079
0.83 0.84 7 85.444 8117.530864
0.83 0.84 8 101.46 11671.1724
0.83 0.84 9 108.508 13113.713936
0.83 0.84 10 120.687 16349.821031
0.83 0.84 11 134.799 25564.998599
0.83 0.84 12 148.093 26742.836351
0.83 0.84 13 171.163 42568.258431
0.83 0.84 14 187.231 53306.387639
0.83 0.84 15 208.08 70131.3156
0.83 0.84 16 229.664 85335.661104
0.83 0.84 17 244.468 94700.716976
0.83 0.84 18 252.503 114019.577991
0.83 0.84 19 285.398 147685.921596
0.84 0.85 0 99.152 9535.736896
0.84 0.85 1 134.45 19586.4635
0.84 0.85 2 108.926 12601.788524
0.84 0.85 3 108.986 13935.303804
0.84 0.85 4 86.84 6626.9884
0.84 0.85 5 71.4 5172.78
0.84 0.85 6 65.071 4093.953959
0.84 0.85 7 69.456 4848.026064
0.84 0.85 8 74.563 6241.294031
0.84 0.85 9 78.869 7278.949839
0.84 0.85 10 90.58 9022.3196
0.84 0.85 11 99.16 11557.0544
0.84 0.85 12 111.864 16741.755504
0.84 0.85 13 111.594 19473.029164
0.84 0.85 14 119.903 24880.151591
0.84 0.85 15 145.848 34246.644896
0.84 0.85 16 150.149 38714.592799
0.84 0.85 17 166.748 48969.824496
0.84 0.85 18 165.539 42939.950479
0.84 0.85 19 164.57 49581.1151
0.85 0.86 0 101.06 9659.0984
0.85 0.86 1 135.922 18744.589916
0.85 0.86 2 99.064 8899.431904
0.85 0.86 3 87.375 8778.060375
0.85 0.86 4 86.571 8183.968959
0.85 0.86 5 65.873 4206.394871
0.85 0.86 6 60.928 3561.068816
0.85 0.86 7 64.729 4434.823559
0.85 0.86 8 72.602 5173.707596
0.85 0.86 9 75.61 5503.6159
0.85 0.86 10 86.702 8297.381196
0.85 0.86 11 90.563 9134.038031
0.85 0.86 12 99.877 10940.091871
0.85 0.86 13 108.658 13073.571036
0.85 0.86 14 115.982 15738.531676
0.85 0.86 15 123.879 21254.212359
0.85 0.86 16 133.453 22646.643791
0.85 0.86 17 152.17 31830.8411
0.85 0.86 18 155.778 39123.360716
0.85 0.86 19 173.741 38455.611919
0.86 0.87 0 105.066 12379.405644
0.86 0.87 1 140.224 18476.039824
0.86 0.87 2 87.245 7603.406975
0.86 0.87 3 76.61 6358.8259
0.86 0.87 4 64.15 4349.6455
0.86 0.87 5 56.128 3488.065616
0.86 0.87 6 52.071 2812.835959
0.86 0.87 7 58.636 3121.039504
0.86 0.87 8 67.138 4507.082956
0.86 0.87 9 72.374 5773.316124
0.86 0.87 10 68.924 5275.162224
0.86 0.87 11 81.613 7703.827231
0.86 0.87 12 92.427 10078.784671
0.86 0.87 13 93.558 9992.746636
0.86 0.87 14 96.976 11890.189424
0.86 0.87 15 108.97 13356.6071
0.86 0.87 16 109.006 13380.719964
0.86 0.87 17 120.4 17072.496
0.86 0.87 18 133.714 23218.148204
0.86 0.87 19 141.056 27512.212864
0.87 0.88 0 102.354 10340.404684
0.87 0.88 1 135.083 19240.682111
0.87 0.88 2 122.138 14164.120956
0.87 0.88 3 89.939 7901.959279
0.87 0.88 4 71.363 4429.883231
0.87 0.88 5 48.741 2084.879919
0.87 0.88 6 41.783 1379.021911
0.87 0.88 7 42.105 1269.049975
0.87 0.88 8 46.329 1528.340759
0.87 0.88 9 44.515 1497.073775
0.87 0.88 10 49.635 1984.037775
0.87 0.88 11 53.412 2081.282256
0.87 0.88 12 58.698 3192.570796
0.87 0.88 13 60.181 2746.764239
0.87 0.88 14 64.42 3205.6116
0.87 0.88 15 63.629 2899.695359
0.87 0.88 16 70.119 3606.986839
0.87 0.88 17 74.392 3984.224336
0.87 0.88 18 72.053 3383.766191
0.87 0.88 19 78.352 4418.132096
0.88 0.89 0 98.994 9702.787964
0.88 0.89 1 133.998 19493.487996
0.88 0.89 2 218.818 47186.172876
0.88 0.89 3 170.919 31313.706439
0.88 0.89 4 124.165 16652.153775
0.88 0.89 5 76.589 5595.702079
0.88 0.89 6 65.636 3764.561504
0.88 0.89 7 63.635 4232.927775
0.88 0.89 8 69.551 4932.235399
0.88 0.89 9 69.741 4034.121919
0.88 0.89 10 72.717 4517.102911
0.88 0.89 11 82.454 5948.643884
0.88 0.89 12 81.982 5989.773676
0.88 0.89 13 89.516 6839.555744
0.88 0.89 14 94.667 7951.156111
0.88 0.89 15 92.832 7136.479776
0.88 0.89 16 98.508 7741.271936
0.88 0.89 17 103.135 8290.466775
0.88 0.89 18 106.544 9500.036064
0.88 0.89 19 111.634 9769.390044
0.89 0.9 0 101.752 9835.154496
0.89 0.9 1 125.834 15573.706444
0.89 0.9 2 224.624 56125.552624
0.89 0.9 3 152.916 28231.356944
0.89 0.9 4 94.671 10777.796759
0.89 0.9 5 82.652 6693.444896
0.89 0.9 6 77.335 6080.310775
0.89 0.9 7 76.685 5030.349775
0.89 0.9 8 80.545 6504.549975
0.89 0.9 9 75.181 4903.910239
0.89 0.9 10 81.222 5786.842716
0.89 0.9 11 86.395 5968.166975
0.89 0.9 12 92.399 7665.871799
0.89 0.9 13 94.8 8056.878
0.89 0.9 14 99.494 8064.549964
0.89 0.9 15 97.691 7429.465519
0.89 0.9 16 102.465 7407.878775
0.89 0.9 17 105.897 8309.488391
0.89 0.9 18 109.888 9964.715456
0.89 0.9 19 125.946 12224.743084
0.9 0.91 0 98.751 9529.044999
0.9 0.91 1 116.793 13150.236151
0.9 0.91 2 221.989 51118.706879
0.9 0.91 3 138.062 20437.930156
0.9 0.91 4 85.041 6555.409319
0.9 0.91 5 62.569 3493.093239
0.9 0.91 6 62.005 3280.520975
0.9 0.91 7 60.356 3743.153264
0.9 0.91 8 64.143 3545.748551
0.9 0.91 9 64.862 3674.572956
0.9 0.91 10 71.483 4843.261711
0.9 0.91 11 73.208 4845.280736
0.9 0.91 12 74.539 4449.948479
0.9 0.91 13 78.668 4892.293776
0.9 0.91 14 80.214 5359.686204
0.9 0.91 15 89.922 7155.693916
0.9 0.91 16 93.482 7489.003676
0.9 0.91 17 98.727 8107.776471
0.9 0.91 18 104.033 8242.963911
0.9 0.91 19 111.21 11872.2359
0.91 0.92 0 98.883 9044.059311
0.91 0.92 1 124.939 15500.807279
0.91 0.92 2 193.973 41509.760271
0.91 0.92 3 116.683 15818.944511
0.91 0.92 4 117.268 16363.292176
0.91 0.92 5 95.73 9768.6891
0.91 0.92 6 85.943 9290.107751
0.91 0.92 7 85.625 7883.988375
0.91 0.92 8 98.179 10734.244959
0.91 0.92 9 107.937 13631.163031
0.91 0.92 10 117.066 15320.547644
0.91 0.92 11 126.96 19037.6724
0.91 0.92 12 125.704 20070.578384
0.91 0.92 13 132.265 20542.096775
0.91 0.92 14 154.588 32073.224256
0.91 0.92 15 163.308 38197.917136
0.91 0.92 16 174.077 46633.179071
0.91 0.92 17 194.06 60231.6544
0.91 0.92 18 205.771 63292.210559
0.91 0.92 19 210.266 63112.201244
0.92 0.93 0 99.669 9682.543439
0.92 0.93 1 117.109 13077.355119
0.92 0.93 2 198.271 35546.817559
0.92 0.93 3 90.143 9275.590551
0.92 0.93 4 82.312 8058.624656
0.92 0.93 5 77.97 6938.5831
0.92 0.93 6 63.547 4284.357791
0.92 0.93 7 62.413 3801.018431
0.92 0.93 8 68.718 4636.676476
0.92 0.93 9 73.071 5329.061959
0.92 0.93 10 81.158 6668.567036
0.92 0.93 11 86.599 7834.218199
0.92 0.93 12 93.108 8828.282336
0.92 0.93 13 97.43 11387.7771
0.92 0.93 14 97.656 9916.477664
0.92 0.93 15 109.039 13751.981479
0.92 0.93 16 126.751 18998.748999
0.92 0.93 17 121.456 19250.076064
0.92 0.93 18 130.376 20122.194624
0.92 0.93 19 131.25 23643.3375
0.93 0.94 0 103.691 9091.443519
0.93 0.94 1 107.369 11208.078839
0.93 0.94 2 188.906 37904.425164
0.93 0.94 3 85.764 6799.148304
0.93 0.94 4 57.873 3092.544871
0.93 0.94 5 45.333 1654.840111
0.93 0.94 6 42.692 1461.283136
0.93 0.94 7 46.294 1960.213564
0.93 0.94 8 50.994 2325.485964
0.93 0.94 9 50.506 2251.367964
0.93 0.94 10 56.992 2600.277936
0.93 0.94 11 58.435 2924.743775
0.93 0.94 12 62.495 3729.755975
0.93 0.94 13 65.631 3599.398839
0.93 0.94 14 69.247 3879.749991
0.93 0.94 15 73.768 4250.814176
0.93 0.94 16 75.782 4131.248476
0.93 0.94 17 77.282 4553.568476
0.93 0.94 18 83.769 6075.235639
0.93 0.94 19 87.178 6096.344316
0.94 0.95 0 102.657 9568.427351
0.94 0.95 1 109.065 11698.022775
0.94 0.95 2 185.916 39901.350944
0.94 0.95 3 217.772 50710.170016
0.94 0.95 4 155.035 25365.101775
0.94 0.95 5 109.823 12878.829671
0.94 0.95 6 84.042 7924.416236
0.94 0.95 7 80.006 6746.097964
0.94 0.95 8 75.897 5353.916391
0.94 0.95 9 78.1 6156.278
0.94 0.95 10 78.227 5629.633471
0.94 0.95 11 85.198 6862.430796
0.94 0.95 12 86.719 6631.334039
0.94 0.95 13 93.467 7992.888911
0.94 0.95 14 94.954 8214.251884
0.94 0.95 15 99.028 8554.645216
0.94 0.95 16 102.141 8506.951119
0.94 0.95 17 105.756 9593.386464
0.94 0.95 18 109.836 10893.613104
0.94 0.95 19 118.717 11207.280911
0.95 0.96 0 99.247 9180.419991
0.95 0.96 1 104.195 10959.190975
0.95 0.96 2 169.23 36749.6591
0.95 0.96 3 206.405 52195.220975
0.95 0.96 4 108.658 15133.837036
0.95 0.96 5 82.641 6731.832119
0.95 0.96 6 66.511 3833.525879
0.95 0.96 7 68.867 5061.411311
0.95 0.96 8 70.406 5696.263164
0.95 0.96 9 72.925 5214.517375
0.95 0.96 10 82.634 6798.506044
0.95 0.96 11 79.248 5486.696496
0.95 0.96 12 88.154 7514.428284
0.95 0.96 13 85.973 7164.884271
0.95 0.96 14 96.179 7781.732959
0.95 0.96 15 94.483 8920.359711
0.95 0.96 16 103.701 9455.329599
0.95 0.96 17 102.745 9661.647975
0.95 0.96 18 106.331 10048.699439
0.95 0.96 19 109.325 10177.235375
0.96 0.97 0 96.932 8844.513376
0.96 0.97 1 103.589 9761.966079
0.96 0.97 2 145.23 23015.6671
0.96 0.97 3 195.872 47468.379616
0.96 0.97 4 56.932 2684.917376
0.96 0.97 5 46.913 1820.851431
0.96 0.97 6 45.641 1741.980119
0.96 0.97 7 48.267 1984.063711
0.96 0.97 8 52.57 2512.2091
0.96 0.97 9 52.788 2540.397056
0.96 0.97 10 61.955 3128.754975
0.96 0.97 11 62.838 3686.029756
0.96 0.97 12 64.785 3611.516775
0.96 0.97 13 69.647 4550.246391
0.96 0.97 14 73.453 5285.097791
0.96 0.97 15 77.856 5518.865264
0.96 0.97 16 78.601 5503.833799
0.96 0.97 17 85.232 6511.204176
0.96 0.97 18 89.929 7300.663959
0.96 0.97 19 90.98 7025.3036
0.97 0.98 0 96.847 8752.751591
0.97 0.98 1 95.806 8760.178364
0.97 0.98 2 130.745 22849.193975
0.97 0.98 3 161.728 33076.266016
0.97 0.98 4 168.092 36962.237536
0.97 0.98 5 103.502 14808.701996
0.97 0.98 6 81.681 7427.693239
0.97 0.98 7 75.709 5865.000319
0.97 0.98 8 76.771 6220.966559
0.97 0.98 9 79.284 6650.913344
0.97 0.98 10 89.222 8764.112716
0.97 0.98 11 82.615 6680.834775
0.97 0.98 12 92.574 9158.296524
0.97 0.98 13 95.245 7738.790975
0.97 0.98 14 103.1 9992.522
0.97 0.98 15 100.541 8688.746319
0.97 0.98 16 103.808 9697.761136
0.97 0.98 17 105.401 9900.838199
0.97 0.98 18 111.722 10222.178716
0.97 0.98 19 111.352 10130.782096
0.98 0.99 0 99.127 9928.274871
0.98 0.99 1 92.958 8634.618236
0.98 0.99 2 111.171 17144.577759
0.98 0.99 3 125.115 23177.153775
0.98 0.99 4 134.117 31677.083311
0.98 0.99 5 54.446 2564.967084
0.98 0.99 6 43.283 1433.434911
0.98 0.99 7 51.06 2231.1624
0.98 0.99 8 52.104 2422.475184
0.98 0.99 9 55.726 2969.898924
0.98 0.99 10 60.49 3518.0699
0.98 0.99 11 64.516 3876.063744
0.98 0.99 12 66.912 4444.894256
0.98 0.99 13 76.522 4808.135516
0.98 0.99 14 75.948 5284.877296
0.98 0.99 15 81.892 6393.292336
0.98 0.99 16 85.164 6734.665104
0.98 0.99 17 87.551 7930.089399
0.98 0.99 18 95.404 8259.528784
0.98 0.99 19 102.084 10473.398944
0.99 1.0 0 102.267 10067.319711
0.99 1.0 1 87.569 7256.791239
0.99 1.0 2 70.147 4697.547391
0.99 1.0 3 51.961 2203.239479
0.99 1.0 4 36.262 943.027356
0.99 1.0 5 28.813 550.652031
0.99 1.0 6 28.392 507.464336
0.99 1.0 7 28.661 492.084079
0.99 1.0 8 30.66 536.4304
0.99 1.0 9 34.776 656.829824
0.99 1.0 10 36.92 944.6556
0.99 1.0 11 39.406 1040.115164
0.99 1.0 12 41.718 986.890476
0.99 1.0 13 44.579 1161.877759
0.99 1.0 14 49.012 1564.147856
0.99 1.0 15 51.052 1735.461296
0.99 1.0 16 50.629 1865.211359
0.99 1.0 17 55.078 2005.299916
0.99 1.0 18 56.895 1991.051975
0.99 1.0 19 63.165 2476.831775
