0.0 0.001 0 946.53 1032215.9691
0.0 0.001 1 1178.22 1893766.2116
0.0 0.001 2 684.9 453123.21
0.0 0.001 3 477.83 183831.9211
0.0 0.001 4 306.67 88830.7011
0.0 0.001 5 192.56 42265.9664
0.0 0.001 6 111.19 8969.8939
0.0 0.001 7 68.66 2342.5444
0.0 0.001 8 55.8 948.6
0.0 0.001 9 52.19 873.6139
0.0 0.001 10 54.03 513.4691
0.0 0.001 11 54.44 770.8264
0.0 0.001 12 54.51 1137.4699
0.0 0.001 13 64.38 1510.3956
0.0 0.001 14 62.63 1154.1931
0.0 0.001 15 74.62 1292.0956
0.0 0.001 16 72.6 1785.94
0.0 0.001 17 82.58 2431.4036
0.0 0.001 18 84.11 2673.8379
0.0 0.001 19 93.96 2314.1584
0.001 0.002 0 951.53 1073135.2891
0.001 0.002 1 1423.67 2780304.0211
0.001 0.002 2 1209.35 2687856.7875
0.001 0.002 3 1030.43 2863134.9051
0.001 0.002 4 802.65 1663093.3275
0.001 0.002 5 664.8 1004976.78
0.001 0.002 6 456.62 319663.7356
0.001 0.002 7 335.25 229654.7075
0.001 0.002 8 200.14 39231.2004
0.001 0.002 9 48.04 605.1384
0.001 0.002 10 53.46 823.8284
0.001 0.002 11 59.7 1039.59
0.001 0.002 12 60.26 984.2124
0.001 0.002 13 63.39 820.9179
0.001 0.002 14 74.99 1791.7499
0.001 0.002 15 71.32 1151.3176
0.001 0.002 16 76.81 1951.0139
0.001 0.002 17 90.94 2382.3764
0.001 0.002 18 83.15 2753.5475
0.001 0.002 19 93.13 2500.5731
0.002 0.003 0 1025.88 785218.5056
0.002 0.003 1 1838.45 3821941.0475
0.002 0.003 2 2040.86 4597134.9404
0.002 0.003 3 1224.31 2591899.0339
0.002 0.003 4 1101.99 1663146.5299
0.002 0.003 5 668.81 571903.9539
0.002 0.003 6 436.46 327157.1484
0.002 0.003 7 423.52 144423.3296
0.002 0.003 8 59.52 1882.3096
0.002 0.003 9 50.46 923.3084
0.002 0.003 10 56.84 930.0944
0.002 0.003 11 60.0 1145.88
0.002 0.003 12 66.12 1404.4656
0.002 0.003 13 74.46 2078.1884
0.002 0.003 14 79.62 2142.6956
0.002 0.003 15 95.01 2754.4899
0.002 0.003 16 85.09 1680.3619
0.002 0.003 17 99.26 2809.3124
0.002 0.003 18 108.53 3529.2291
0.002 0.003 19 100.09 2684.6019
0.003 0.004 0 973.63 999724.1731
0.003 0.004 1 1770.09 3974050.8419
0.003 0.004 2 1810.48 3389215.7496
0.003 0.004 3 1211.82 2144157.4876
0.003 0.004 4 1024.17 1086583.1811
0.003 0.004 5 748.59 722119.8819
0.003 0.004 6 538.51 410505.5499
0.003 0.004 7 267.55 72850.7475
0.003 0.004 8 111.28 11179.4616
0.003 0.004 9 85.84 3092.9144
0.003 0.004 10 71.86 1638.0204
0.003 0.004 11 76.28 1563.9216
0.003 0.004 12 82.17 1903.1211
0.003 0.004 13 79.74 1967.2924
0.003 0.004 14 82.87 2048.2531
0.003 0.004 15 86.24 2762.4424
0.003 0.004 16 92.08 2760.5336
0.003 0.004 17 106.96 2784.8384
0.003 0.004 18 86.57 2021.7051
0.003 0.004 19 112.11 4547.2779
0.004 0.005 0 1064.1 1309774.31
