0.0 0.01 0 67.527 4575.011271
0.0 0.01 1 87.369 8020.446839
0.0 0.01 2 80.722 5545.400716
0.0 0.01 3 51.353 2517.796391
0.0 0.01 4 34.616 935.920544
0.0 0.01 5 24.612 285.259456
0.0 0.01 6 24.273 253.404471
0.0 0.01 7 25.86 275.4824
0.0 0.01 8 29.623 398.920871
0.0 0.01 9 32.385 488.378775
0.0 0.01 10 34.925 544.491375
0.0 0.01 11 38.554 764.007084
0.0 0.01 12 42.79 947.4099
0.0 0.01 13 45.311 1140.964279
0.0 0.01 14 48.797 1306.013791
0.0 0.01 15 50.805 1356.448975
0.0 0.01 16 51.838 1307.621756
0.0 0.01 17 56.925 1534.603375
0.0 0.01 18 60.428 1940.306816
0.0 0.01 19 64.956 2131.944064
0.01 0.02 0 64.415 3963.108775
0.01 0.02 1 114.407 14756.949351
0.01 0.02 2 176.003 56409.628991
0.01 0.02 3 100.729 16358.309559
0.01 0.02 4 72.185 6932.136775
0.01 0.02 5 55.339 2804.130079
0.01 0.02 6 44.838 1342.013756
0.01 0.02 7 54.384 2051.374544
0.01 0.02 8 60.169 2509.652439
0.01 0.02 9 63.84 2578.8184
0.01 0.02 10 73.889 3640.736679
0.01 0.02 11 75.997 3989.014991
0.01 0.02 12 82.023 4305.820471
0.01 0.02 13 84.442 5110.386636
0.01 0.02 14 93.181 6556.832239
0.01 0.02 15 100.061 6707.967279
0.01 0.02 16 105.943 7151.487751
0.01 0.02 17 117.51 9094.4359
0.01 0.02 18 118.247 10764.653991
0.01 0.02 19 124.667 10457.828111
0.02 0.03 0 67.427 4184.114671
0.02 0.03 1 116.711 13145.063479
0.02 0.03 2 157.306 33813.340364
0.02 0.03 3 118.503 17821.627991
0.02 0.03 4 84.102 8185.543596
0.02 0.03 5 71.641 4656.204119
0.02 0.03 6 102.523 10189.933471
0.02 0.03 7 110.615 10784.350775
0.02 0.03 8 128.048 15399.577696
0.02 0.03 9 141.594 19871.433164
0.02 0.03 10 155.37 19566.6691
0.02 0.03 11 176.121 28747.852359
0.02 0.03 12 187.994 32577.335964
0.02 0.03 13 197.278 36526.466716
0.02 0.03 14 211.3 42439.404
0.02 0.03 15 222.114 37364.625004
0.02 0.03 16 245.456 51422.064064
0.02 0.03 17 247.81 59566.2719
0.02 0.03 18 269.618 63680.810076
0.02 0.03 19 280.581 67292.659439
0.03 0.04 0 68.421 4509.149759
0.03 0.04 1 128.01 17503.6499
0.03 0.04 2 177.379 44433.685359
0.03 0.04 3 123.797 20452.917791
0.03 0.04 4 86.927 8293.421671
0.03 0.04 5 71.33 4168.1851
0.03 0.04 6 71.153 4480.571591
0.03 0.04 7 84.866 6873.634044
0.03 0.04 8 91.068 7549.681376
0.03 0.04 9 98.256 9827.794464
0.03 0.04 10 105.127 11218.292871
0.03 0.04 11 108.926 12326.202524
0.03 0.04 12 127.043 17825.289151
0.03 0.04 13 138.494 18807.757964
0.03 0.04 14 156.533 23184.430911
0.03 0.04 15 164.144 30438.399264
0.03 0.04 16 175.054 27875.953084
0.03 0.04 17 181.166 29572.232444
0.03 0.04 18 186.485 35528.707775
0.03 0.04 19 203.379 41709.661359
0.04 0.05 0 68.482 4167.269676
0.04 0.05 1 132.012 21583.641856
0.04 0.05 2 179.562 36183.334156
0.04 0.05 3 121.845 15791.710975
0.04 0.05 4 101.309 9027.559519
0.04 0.05 5 132.64 20004.6324
0.04 0.05 6 122.95 14057.7435
0.04 0.05 7 136.121 17168.432359
0.04 0.05 8 153.207 24571.094151
0.04 0.05 9 173.763 29998.324831
0.04 0.05 10 178.949 33565.176399
0.04 0.05 11 196.94 35905.3364
0.04 0.05 12 208.069 44433.264239
0.04 0.05 13 217.265 52121.846775
0.04 0.05 14 249.807 54743.069751
0.04 0.05 15 271.167 71100.549111
0.04 0.05 16 289.24 83995.8384
0.04 0.05 17 304.383 98483.720311
0.04 0.05 18 313.957 110881.613151
0.04 0.05 19 324.396 105213.609184
0.05 0.06 0 70.965 5168.065775
0.05 0.06 1 145.445 22808.772975
0.05 0.06 2 175.678 38301.054316
0.05 0.06 3 118.739 15135.734879
0.05 0.06 4 123.661 15420.576079
0.05 0.06 5 170.571 27780.250959
0.05 0.06 6 210.92 44733.7496
0.05 0.06 7 222.014 54130.175804
0.05 0.06 8 257.493 68731.271951
0.05 0.06 9 281.355 88178.164975
0.05 0.06 10 324.55 100905.0375
0.05 0.06 11 344.874 123794.774124
0.05 0.06 12 357.638 140926.740956
0.05 0.06 13 386.957 157238.821151
0.05 0.06 14 441.108 204090.066336
0.05 0.06 15 447.688 210286.434656
0.05 0.06 16 471.416 220233.686944
0.05 0.06 17 504.282 264289.334476
0.05 0.06 18 552.679 318450.043959
0.05 0.06 19 580.956 357044.416064
0.06 0.07 0 73.197 4637.514191
0.06 0.07 1 149.283 23760.644911
0.06 0.07 2 185.942 38725.636636
0.06 0.07 3 123.792 15165.320736
0.06 0.07 4 98.693 9841.822751
0.06 0.07 5 81.632 6513.466576
0.06 0.07 6 85.057 6657.509751
0.06 0.07 7 90.414 8109.728604
0.06 0.07 8 110.589 11225.820079
0.06 0.07 9 119.162 15312.275756
0.06 0.07 10 132.214 16222.956204
0.06 0.07 11 147.112 24856.149456
0.06 0.07 12 153.329 23735.916759
0.06 0.07 13 164.616 27274.688544
0.06 0.07 14 177.62 33108.6936
0.06 0.07 15 195.834 44815.178444
0.06 0.07 16 205.002 47071.865996
0.06 0.07 17 199.677 43730.642671
0.06 0.07 18 215.479 49556.623559
0.06 0.07 19 222.803 58712.260191
0.07 0.08 0 73.693 6189.270751
0.07 0.08 1 149.767 22677.648711
0.07 0.08 2 185.635 38447.803775
0.07 0.08 3 132.443 17996.060751
0.07 0.08 4 132.839 20262.199079
0.07 0.08 5 137.912 22165.958256
0.07 0.08 6 139.106 21017.394764
0.07 0.08 7 142.045 19419.344975
0.07 0.08 8 149.679 21567.357959
0.07 0.08 9 176.844 33931.347664
0.07 0.08 10 191.326 36991.867724
0.07 0.08 11 211.127 48383.246871
0.07 0.08 12 220.355 52482.020975
0.07 0.08 13 253.531 69314.839039
0.07 0.08 14 254.181 71813.264239
0.07 0.08 15 275.934 84937.083644
0.07 0.08 16 281.972 84225.177216
0.07 0.08 17 313.346 97348.910284
0.07 0.08 18 344.408 138208.955536
0.07 0.08 19 358.565 145557.495775
0.08 0.09 0 77.711 6309.397479
0.08 0.09 1 155.403 25164.242591
0.08 0.09 2 175.528 36130.371216
0.08 0.09 3 141.338 20112.559756
0.08 0.09 4 169.2 32742.734
0.08 0.09 5 191.966 36925.030844
0.08 0.09 6 231.375 53496.562375
0.08 0.09 7 243.843 67200.826351
0.08 0.09 8 272.849 77306.120199
0.08 0.09 9 320.503 113307.865991
0.08 0.09 10 337.472 125482.531216
0.08 0.09 11 356.044 141155.528064
0.08 0.09 12 388.13 169167.0131
0.08 0.09 13 417.25 187601.6495
0.08 0.09 14 443.073 224496.921671
0.08 0.09 15 515.267 310958.537711
0.08 0.09 16 559.473 346146.865271
0.08 0.09 17 571.869 374513.281839
0.08 0.09 18 577.473 382222.887271
0.08 0.09 19 631.222 418375.418716
0.09 0.1 0 72.636 5241.853504
0.09 0.1 1 155.452 25491.045696
0.09 0.1 2 179.241 33356.908919
0.09 0.1 3 155.636 21623.643504
0.09 0.1 4 212.417 45179.597111
0.09 0.1 5 159.009 25020.442919
0.09 0.1 6 180.661 37652.440079
0.09 0.1 7 205.453 43256.085791
0.09 0.1 8 225.808 61457.173136
0.09 0.1 9 246.745 65673.117975
0.09 0.1 10 280.379 80746.959359
0.09 0.1 11 294.526 100739.695324
0.09 0.1 12 326.82 110513.7316
0.09 0.1 13 342.195 137545.512975
0.09 0.1 14 369.799 155686.188599
0.09 0.1 15 389.87 163951.0531
0.09 0.1 16 421.657 202016.223351
0.09 0.1 17 463.192 216970.793136
0.09 0.1 18 477.723 263646.118271
0.09 0.1 19 486.804 237482.171584
0.1 0.11 0 72.418 5538.011276
0.1 0.11 1 153.117 25167.281311
0.1 0.11 2 182.862 35073.174956
0.1 0.11 3 175.445 30368.054975
0.1 0.11 4 220.017 50526.594711
0.1 0.11 5 263.308 70107.981136
0.1 0.11 6 293.51 91098.8639
0.1 0.11 7 324.466 126144.330844
0.1 0.11 8 358.828 130397.974416
0.1 0.11 9 402.631 180625.862839
0.1 0.11 10 422.447 181129.047191
0.1 0.11 11 471.696 234094.961584
0.1 0.11 12 490.1 298135.222
0.1 0.11 13 564.17 360993.6571
0.1 0.11 14 522.851 320955.692799
0.1 0.11 15 575.805 356012.248975
0.1 0.11 16 629.722 428749.828716
0.1 0.11 17 671.838 519266.425756
0.1 0.11 18 719.317 574163.548511
0.1 0.11 19 741.587 543695.118431
0.11 0.12 0 74.598 5050.098396
0.11 0.12 1 160.769 24775.785639
0.11 0.12 2 176.453 31750.253791
0.11 0.12 3 196.898 40017.123596
0.11 0.12 4 254.963 72468.973631
0.11 0.12 5 374.499 140396.741999
0.11 0.12 6 380.882 147939.316076
0.11 0.12 7 414.224 188629.399824
0.11 0.12 8 476.257 255160.214951
0.11 0.12 9 559.314 341132.029404
0.11 0.12 10 576.229 325690.278559
0.11 0.12 11 617.591 434386.107719
0.11 0.12 12 692.076 545766.656224
0.11 0.12 13 747.713 623273.956631
0.11 0.12 14 795.2 637322.812
0.11 0.12 15 828.188 680425.446656
0.11 0.12 16 944.117 911160.247311
0.11 0.12 17 967.214 1059799.8682
0.11 0.12 18 1061.697 1164279.43119
0.11 0.12 19 1101.35 1361899.4655
0.12 0.13 0 73.751 5759.952999
0.12 0.13 1 160.381 28111.419839
0.12 0.13 2 175.741 31459.219919
0.12 0.13 3 148.731 23053.598639
0.12 0.13 4 145.75 21833.4655
0.12 0.13 5 120.328 15922.320416
0.12 0.13 6 108.146 11313.382684
0.12 0.13 7 109.783 12892.225911
0.12 0.13 8 116.132 13931.238576
0.12 0.13 9 129.511 19505.203879
0.12 0.13 10 148.86 23253.9964
0.12 0.13 11 153.643 25528.067551
0.12 0.13 12 160.794 28789.051564
0.12 0.13 13 184.912 38334.276256
0.12 0.13 14 202.1 53372.786
0.12 0.13 15 214.718 46551.622476
0.12 0.13 16 222.427 61433.594671
0.12 0.13 17 238.384 66976.546544
0.12 0.13 18 243.152 73038.062896
0.12 0.13 19 243.303 74477.401191
0.13 0.14 0 76.525 5742.097375
0.13 0.14 1 159.477 27935.047471
0.13 0.14 2 187.144 37274.417264
0.13 0.14 3 161.633 26075.598311
0.13 0.14 4 136.73 23043.9891
0.13 0.14 5 145.918 22997.793276
0.13 0.14 6 155.194 25151.472364
0.13 0.14 7 168.266 27704.155244
0.13 0.14 8 195.293 40322.415151
0.13 0.14 9 217.555 50421.092975
0.13 0.14 10 234.188 60781.160656
0.13 0.14 11 250.376 66816.766624
0.13 0.14 12 266.588 81389.080256
0.13 0.14 13 304.585 98537.020775
0.13 0.14 14 310.619 104333.929839
0.13 0.14 15 333.838 126243.913756
0.13 0.14 16 345.949 134645.978399
0.13 0.14 17 350.266 140523.443244
0.13 0.14 18 399.536 176038.372704
0.13 0.14 19 400.453 188527.467791
0.14 0.15 0 78.574 6255.336524
0.14 0.15 1 167.212 32291.029056
0.14 0.15 2 186.743 32720.910951
0.14 0.15 3 192.566 39822.019644
0.14 0.15 4 181.984 35530.875744
0.14 0.15 5 187.101 37768.890799
0.14 0.15 6 186.111 35687.800679
0.14 0.15 7 199.622 43780.063116
0.14 0.15 8 222.47 56118.1211
0.14 0.15 9 249.517 68403.703711
0.14 0.15 10 284.127 80996.538871
0.14 0.15 11 306.502 111638.305996
0.14 0.15 12 329.895 118423.015975
0.14 0.15 13 361.642 135046.105836
0.14 0.15 14 384.738 157557.583356
0.14 0.15 15 408.629 170618.941359
0.14 0.15 16 433.664 207134.769104
0.14 0.15 17 442.293 222526.345151
0.14 0.15 18 444.432 225730.295376
0.14 0.15 19 489.706 259830.807564
0.15 0.16 0 79.221 6028.770159
0.15 0.16 1 166.582 26754.917276
0.15 0.16 2 196.529 36087.533159
0.15 0.16 3 209.212 45569.493056
0.15 0.16 4 223.692 50965.923136
0.15 0.16 5 180.292 38585.494736
0.15 0.16 6 190.095 36965.181975
0.15 0.16 7 217.167 51158.743111
0.15 0.16 8 227.765 65184.307775
0.15 0.16 9 277.194 94342.954364
0.15 0.16 10 280.582 85504.955276
0.15 0.16 11 304.434 107024.485644
0.15 0.16 12 327.007 116988.612951
0.15 0.16 13 355.315 149662.767775
0.15 0.16 14 390.09 166029.8519
0.15 0.16 15 424.055 192161.559975
0.15 0.16 16 434.397 238227.075391
0.15 0.16 17 477.385 259561.336775
0.15 0.16 18 466.601 259209.997799
0.15 0.16 19 483.996 299544.009984
0.16 0.17 0 77.448 6171.575296
0.16 0.17 1 156.944 24712.930864
0.16 0.17 2 193.399 41386.089799
0.16 0.17 3 231.067 59570.524511
0.16 0.17 4 237.016 57407.379744
0.16 0.17 5 255.204 67008.050384
0.16 0.17 6 299.493 96952.463951
0.16 0.17 7 311.943 107302.191751
0.16 0.17 8 333.799 117608.832599
0.16 0.17 9 402.305 181565.285975
0.16 0.17 10 422.423 187531.828071
0.16 0.17 11 471.643 212834.485551
0.16 0.17 12 497.5 265409.09
0.16 0.17 13 540.589 309746.842079
0.16 0.17 14 629.737 415238.101831
0.16 0.17 15 612.092 446159.457536
0.16 0.17 16 682.801 525059.703399
0.16 0.17 17 686.043 551952.621151
0.16 0.17 18 701.326 530065.449724
0.16 0.17 19 797.521 771342.351559
0.17 0.18 0 81.578 6154.471916
0.17 0.18 1 165.142 28662.355836
0.17 0.18 2 198.116 46855.592544
0.17 0.18 3 240.758 61279.487436
0.17 0.18 4 268.553 80507.795191
0.17 0.18 5 371.525 147515.621375
0.17 0.18 6 362.901 143442.537199
0.17 0.18 7 396.195 168799.272975
0.17 0.18 8 476.225 243886.364375
0.17 0.18 9 534.597 292678.518591
0.17 0.18 10 569.623 376598.908871
0.17 0.18 11 595.563 394426.370031
0.17 0.18 12 624.748 455328.402496
0.17 0.18 13 692.423 571832.342071
0.17 0.18 14 760.631 572609.800839
0.17 0.18 15 772.701 694841.957599
0.17 0.18 16 898.193 999035.959751
0.17 0.18 17 939.811 939636.165279
0.17 0.18 18 967.172 1138750.71242
0.17 0.18 19 1142.805 1703763.99697
0.18 0.19 0 80.692 5989.235136
0.18 0.19 1 182.321 35671.413959
0.18 0.19 2 210.024 43134.649424
0.18 0.19 3 247.275 61038.953375
0.18 0.19 4 264.905 70908.965975
0.18 0.19 5 283.047 83320.314791
0.18 0.19 6 271.474 85662.533324
0.18 0.19 7 266.218 73000.790476
0.18 0.19 8 274.842 86857.101036
0.18 0.19 9 291.085 87434.075775
0.18 0.19 10 287.184 92146.494144
0.18 0.19 11 350.265 148612.952775
0.18 0.19 12 364.104 152802.987184
0.18 0.19 13 407.381 176041.339839
0.18 0.19 14 437.392 217946.898336
0.18 0.19 15 441.368 216550.956576
0.18 0.19 16 473.517 270975.661711
0.18 0.19 17 504.616 287852.186544
0.18 0.19 18 554.638 371068.444956
0.18 0.19 19 569.436 365912.325904
0.19 0.2 0 81.382 6241.176076
0.19 0.2 1 168.764 28232.326304
0.19 0.2 2 214.36 44333.5464
0.19 0.2 3 278.393 76927.702551
0.19 0.2 4 233.728 53904.524016
0.19 0.2 5 228.907 52552.736351
0.19 0.2 6 249.675 72645.997375
0.19 0.2 7 268.716 77476.779344
0.19 0.2 8 303.103 98630.776391
0.19 0.2 9 359.141 150740.355119
0.19 0.2 10 357.307 139580.136751
0.19 0.2 11 391.87 175064.3851
0.19 0.2 12 423.323 203590.392671
0.19 0.2 13 487.638 255288.762956
0.19 0.2 14 509.909 277053.348719
0.19 0.2 15 528.916 334756.872944
0.19 0.2 16 585.752 372730.240496
0.19 0.2 17 600.037 400046.185631
0.19 0.2 18 649.752 460024.918496
0.19 0.2 19 694.981 553660.480639
0.2 0.21 0 75.476 5809.955424
0.2 0.21 1 174.133 31499.555311
0.2 0.21 2 207.613 40361.069231
0.2 0.21 3 300.562 83316.152156
0.2 0.21 4 296.324 106938.889024
0.2 0.21 5 321.668 127648.531776
0.2 0.21 6 324.688 103669.384656
0.2 0.21 7 402.598 175978.536396
0.2 0.21 8 452.751 247453.250999
0.2 0.21 9 482.518 264841.249676
0.2 0.21 10 561.085 368731.277775
0.2 0.21 11 606.04 391091.7724
0.2 0.21 12 645.026 455191.975324
0.2 0.21 13 638.92 413312.2536
0.2 0.21 14 692.559 587956.286519
0.2 0.21 15 820.33 755023.1551
0.2 0.21 16 798.358 769345.739836
0.2 0.21 17 882.24 893842.9984
0.2 0.21 18 934.392 1064313.11434
0.2 0.21 19 950.109 973948.295119
0.21 0.22 0 80.13 6484.9871
0.21 0.22 1 161.115 26491.543775
0.21 0.22 2 230.131 57797.415839
0.21 0.22 3 319.339 96958.930079
0.21 0.22 4 373.759 149359.778919
0.21 0.22 5 444.921 265616.076759
0.21 0.22 6 472.65 231120.7135
0.21 0.22 7 507.451 285604.397599
0.21 0.22 8 496.786 262349.900204
0.21 0.22 9 527.713 293758.044631
0.21 0.22 10 552.005 378983.394975
0.21 0.22 11 613.335 464730.314775
0.21 0.22 12 646.975 519536.138375
0.21 0.22 13 772.647 660585.616391
0.21 0.22 14 766.479 633369.147559
0.21 0.22 15 833.651 730168.299199
0.21 0.22 16 879.66 966920.4964
0.21 0.22 17 947.711 1046484.68748
0.21 0.22 18 987.762 1148872.06136
0.21 0.22 19 1076.876 1397874.15262
0.22 0.23 0 82.625 6978.204375
0.22 0.23 1 168.59 30125.2819
0.22 0.23 2 225.34 45505.5344
0.22 0.23 3 318.267 101573.037711
0.22 0.23 4 416.229 185271.160559
0.22 0.23 5 405.834 168608.884444
0.22 0.23 6 439.459 223321.696319
0.22 0.23 7 495.528 257838.733216
0.22 0.23 8 527.662 276488.603756
0.22 0.23 9 645.085 468351.527775
0.22 0.23 10 643.387 424518.051231
0.22 0.23 11 737.931 558857.352239
0.22 0.23 12 789.003 763706.774991
0.22 0.23 13 840.415 787571.050775
0.22 0.23 14 856.387 865936.757231
0.22 0.23 15 988.362 1167417.78696
0.22 0.23 16 962.592 1108757.04154
0.22 0.23 17 1111.91 1293223.8919
0.22 0.23 18 1123.268 1314669.28018
0.22 0.23 19 1241.697 1513296.72919
0.23 0.24 0 82.041 6026.025319
0.23 0.24 1 164.695 27598.979975
0.23 0.24 2 242.558 59594.972636
0.23 0.24 3 355.498 122033.901996
0.23 0.24 4 502.757 254560.139951
0.23 0.24 5 637.888 414877.857456
0.23 0.24 6 593.865 374838.386775
0.23 0.24 7 668.801 528411.891399
0.23 0.24 8 789.915 785986.067775
0.23 0.24 9 848.197 859812.372191
0.23 0.24 10 908.446 923303.975084
0.23 0.24 11 996.049 1067564.7886
0.23 0.24 12 1144.813 1451058.67403
0.23 0.24 13 1161.542 1590118.19224
0.23 0.24 14 1277.591 1887608.84172
0.23 0.24 15 1318.643 1738684.87555
0.23 0.24 16 1437.002 2209458.412
0.23 0.24 17 1530.119 2764318.38084
0.23 0.24 18 1572.262 2764644.67536
0.23 0.24 19 1690.641 3383092.57212
0.24 0.25 0 81.061 6457.057279
0.24 0.25 1 176.808 34980.467136
0.24 0.25 2 281.161 77377.109079
0.24 0.25 3 370.029 140767.008159
0.24 0.25 4 561.372 336902.005616
0.24 0.25 5 804.607 708968.900551
0.24 0.25 6 1037.198 1221151.9028
0.24 0.25 7 1281.981 1791464.89864
0.24 0.25 8 1516.398 2706612.2236
0.24 0.25 9 1667.257 2936764.39095
0.24 0.25 10 1932.009 3968559.67492
0.24 0.25 11 2000.57 4393739.7891
0.24 0.25 12 2342.026 6080083.27732
0.24 0.25 13 2201.452 6218179.5457
0.24 0.25 14 2505.595 6849606.53097
0.24 0.25 15 2570.464 7469978.8707
0.24 0.25 16 2995.858 9738681.36184
0.24 0.25 17 2952.596 9225433.56678
0.24 0.25 18 3075.355 10418188.685
0.24 0.25 19 3425.378 12796751.3571
0.25 0.26 0 76.522 5626.501516
0.25 0.26 1 111.919 14415.254439
0.25 0.26 2 118.507 13982.877951
0.25 0.26 3 95.189 9494.153279
0.25 0.26 4 74.537 4761.584631
0.25 0.26 5 71.39 4360.8179
0.25 0.26 6 66.288 4074.263056
0.25 0.26 7 79.4 5009.17
0.25 0.26 8 80.862 6127.740956
0.25 0.26 9 90.531 7786.085039
0.25 0.26 10 94.691 8320.143519
0.25 0.26 11 105.67 9405.0171
0.25 0.26 12 112.32 10518.7636
0.25 0.26 13 118.682 16173.388876
0.25 0.26 14 128.839 15256.755079
0.25 0.26 15 141.429 17567.102959
0.25 0.26 16 138.717 17042.488911
0.25 0.26 17 154.302 20965.516796
0.25 0.26 18 156.866 22711.304044
0.25 0.26 19 164.117 24468.831311
0.26 0.27 0 73.725 5630.025375
0.26 0.27 1 112.753 13557.679991
0.26 0.27 2 126.27 18511.5971
0.26 0.27 3 105.677 11396.672671
0.26 0.27 4 93.079 7782.034759
0.26 0.27 5 88.97 6716.4411
0.26 0.27 6 81.348 6444.192896
0.26 0.27 7 86.111 7040.764679
0.26 0.27 8 97.324 9541.279024
0.26 0.27 9 104.639 10410.538679
0.26 0.27 10 118.582 11996.983276
0.26 0.27 11 123.468 14754.316976
0.26 0.27 12 135.986 17161.425804
0.26 0.27 13 155.045 21772.798975
0.26 0.27 14 160.201 24080.724599
0.26 0.27 15 159.959 26656.013319
0.26 0.27 16 166.945 26780.881975
0.26 0.27 17 182.918 30900.703276
0.26 0.27 18 191.787 31425.669631
0.26 0.27 19 203.219 39215.353039
0.27 0.28 0 75.453 5729.893791
0.27 0.28 1 114.08 12613.4156
0.27 0.28 2 139.329 18923.546759
0.27 0.28 3 117.357 13973.575551
0.27 0.28 4 105.653 10619.386591
0.27 0.28 5 110.744 10943.574464
0.27 0.28 6 128.636 14733.519504
0.27 0.28 7 137.178 17866.240316
0.27 0.28 8 142.587 18476.534431
0.27 0.28 9 164.861 26884.075679
0.27 0.28 10 186.399 35679.327799
0.27 0.28 11 196.305 36285.379975
0.27 0.28 12 210.432 43980.907376
0.27 0.28 13 217.83 43613.9771
0.27 0.28 14 238.314 52365.525404
0.27 0.28 15 270.544 72169.858064
0.27 0.28 16 273.558 78936.588636
0.27 0.28 17 276.283 80215.512911
0.27 0.28 18 301.356 92223.889264
0.27 0.28 19 311.698 96859.342796
0.28 0.29 0 76.156 5184.323664
0.28 0.29 1 111.583 13674.617111
0.28 0.29 2 136.194 19949.868364
0.28 0.29 3 119.419 13831.443439
0.28 0.29 4 114.922 12430.653916
0.28 0.29 5 101.487 9640.551831
0.28 0.29 6 104.981 10462.964639
0.28 0.29 7 113.137 12074.168231
0.28 0.29 8 122.735 16548.150775
0.28 0.29 9 132.316 17697.686144
0.28 0.29 10 150.775 23365.042375
0.28 0.29 11 152.769 19646.865639
0.28 0.29 12 172.764 31544.540304
0.28 0.29 13 181.216 32265.037344
0.28 0.29 14 182.488 33163.931856
0.28 0.29 15 199.752 43367.722496
0.28 0.29 16 208.082 44083.259276
0.28 0.29 17 232.952 52580.919696
0.28 0.29 18 252.889 66669.742679
0.28 0.29 19 258.291 65105.544319
0.29 0.3 0 75.576 5783.856224
0.29 0.3 1 115.715 13085.047775
0.29 0.3 2 141.507 20625.127951
0.29 0.3 3 120.241 14613.136919
0.29 0.3 4 120.426 14613.812524
0.29 0.3 5 124.607 15349.990551
0.29 0.3 6 130.891 16275.397119
0.29 0.3 7 141.224 19028.037824
0.29 0.3 8 148.998 25551.671996
0.29 0.3 9 163.395 26455.348975
0.29 0.3 10 169.327 27876.990071
0.29 0.3 11 194.301 38526.028399
0.29 0.3 12 198.226 38489.628924
0.29 0.3 13 209.68 47222.9336
0.29 0.3 14 225.516 47463.315744
0.29 0.3 15 255.816 62585.794144
0.29 0.3 16 255.023 56861.800471
0.29 0.3 17 286.197 74906.136191
0.29 0.3 18 301.406 85487.271164
0.29 0.3 19 317.115 110693.401775
0.3 0.31 0 76.934 5299.211644
0.3 0.31 1 120.55 16531.7315
0.3 0.31 2 147.026 22694.507324
0.3 0.31 3 116.351 12349.433799
0.3 0.31 4 136.641 18452.876119
0.3 0.31 5 146.375 23158.948375
0.3 0.31 6 169.472 25614.055216
0.3 0.31 7 176.101 28452.676799
0.3 0.31 8 198.394 36692.012764
0.3 0.31 9 203.875 42809.533375
0.3 0.31 10 216.993 44588.788951
0.3 0.31 11 253.394 66715.876764
0.3 0.31 12 258.626 76180.088124
0.3 0.31 13 293.021 87435.102559
0.3 0.31 14 307.798 106404.523196
0.3 0.31 15 333.972 121172.867216
0.3 0.31 16 332.534 112439.136844
0.3 0.31 17 345.588 110437.378256
0.3 0.31 18 389.423 147862.562071
0.3 0.31 19 424.647 180395.784391
0.31 0.32 0 74.465 5061.682775
0.31 0.32 1 118.611 14671.869679
0.31 0.32 2 139.817 17337.351511
0.31 0.32 3 130.714 18706.608204
0.31 0.32 4 119.787 12724.005631
0.31 0.32 5 106.213 11530.049631
0.31 0.32 6 109.297 11995.538791
0.31 0.32 7 113.274 12040.208924
0.31 0.32 8 128.073 16989.853671
0.31 0.32 9 140.313 19133.647031
0.31 0.32 10 139.994 20149.393964
0.31 0.32 11 156.488 26670.675856
0.31 0.32 12 172.659 33576.070719
0.31 0.32 13 189.171 37176.911759
0.31 0.32 14 192.879 36205.320359
0.31 0.32 15 206.525 37631.975375
0.31 0.32 16 226.778 49182.636716
0.31 0.32 17 232.171 56595.951759
0.31 0.32 18 247.65 59983.3835
0.31 0.32 19 260.252 64201.310496
0.32 0.33 0 80.665 6579.966775
0.32 0.33 1 116.416 12590.180944
0.32 0.33 2 146.301 22151.868399
0.32 0.33 3 133.302 17228.344796
0.32 0.33 4 132.84 19673.9304
0.32 0.33 5 139.373 19182.187871
0.32 0.33 6 141.173 22123.903071
0.32 0.33 7 145.377 21372.834871
0.32 0.33 8 158.616 24726.564544
0.32 0.33 9 187.289 34967.635479
0.32 0.33 10 190.144 38767.521264
0.32 0.33 11 215.415 49802.176775
0.32 0.33 12 219.871 53601.412359
0.32 0.33 13 246.75 67601.0795
0.32 0.33 14 254.117 68698.209311
0.32 0.33 15 271.266 78935.587244
0.32 0.33 16 300.926 93544.982524
0.32 0.33 17 302.266 98630.617244
0.32 0.33 18 328.979 114555.008559
0.32 0.33 19 326.29 112864.9579
0.33 0.34 0 77.601 6470.205799
0.33 0.34 1 120.317 13196.716511
0.33 0.34 2 148.362 20867.252956
0.33 0.34 3 142.665 24239.704775
0.33 0.34 4 148.27 26919.4731
0.33 0.34 5 149.969 22721.756039
0.33 0.34 6 168.097 31110.345591
0.33 0.34 7 190.467 36657.730911
0.33 0.34 8 196.754 40079.701484
0.33 0.34 9 218.855 51051.483975
0.33 0.34 10 236.789 60511.296479
0.33 0.34 11 258.061 79407.695279
0.33 0.34 12 271.312 84492.604656
0.33 0.34 13 302.999 98782.836999
0.33 0.34 14 310.662 89707.831756
0.33 0.34 15 354.508 124179.625936
0.33 0.34 16 363.167 143993.781111
0.33 0.34 17 385.47 151539.0611
0.33 0.34 18 419.209 191587.323319
0.33 0.34 19 424.971 197070.736159
0.34 0.35 0 76.45 6241.7195
0.34 0.35 1 121.638 13554.522956
0.34 0.35 2 136.974 18104.619324
0.34 0.35 3 148.159 23760.355719
0.34 0.35 4 149.443 25346.228751
0.34 0.35 5 153.828 25772.230416
0.34 0.35 6 142.777 21541.153271
0.34 0.35 7 150.474 21755.003324
0.34 0.35 8 160.573 27838.488671
0.34 0.35 9 175.866 32400.970044
0.34 0.35 10 190.323 36932.038671
0.34 0.35 11 210.498 45154.511996
0.34 0.35 12 222.676 62516.839024
0.34 0.35 13 249.151 69008.556199
0.34 0.35 14 258.586 74610.426604
0.34 0.35 15 287.553 92143.337191
0.34 0.35 16 304.111 97272.180679
0.34 0.35 17 327.401 114860.950199
0.34 0.35 18 329.267 123993.931711
0.34 0.35 19 356.544 157432.804064
0.35 0.36 0 77.902 5142.524396
0.35 0.36 1 119.023 15517.046471
0.35 0.36 2 150.218 22626.782476
0.35 0.36 3 152.38 22974.3396
0.35 0.36 4 149.5 20846.146
0.35 0.36 5 163.344 25919.327664
0.35 0.36 6 176.765 32444.581775
0.35 0.36 7 199.07 39977.7931
0.35 0.36 8 209.751 47694.558999
0.35 0.36 9 225.566 55324.381644
0.35 0.36 10 262.12 80099.5516
0.35 0.36 11 268.937 78668.481031
0.35 0.36 12 292.976 87786.797424
0.35 0.36 13 305.887 110394.366231
0.35 0.36 14 318.05 118870.1475
0.35 0.36 15 359.712 133899.261056
0.35 0.36 16 377.731 155095.812639
0.35 0.36 17 409.385 187941.864775
0.35 0.36 18 436.267 194284.711711
0.35 0.36 19 454.774 203403.478924
0.36 0.37 0 74.832 5095.685776
0.36 0.37 1 121.14 15043.1644
0.36 0.37 2 145.155 19536.320975
0.36 0.37 3 189.695 34810.841975
0.36 0.37 4 166.915 26338.499775
0.36 0.37 5 161.569 24827.553239
0.36 0.37 6 198.861 40007.529679
0.36 0.37 7 209.461 50849.118479
0.36 0.37 8 238.591 59528.291719
0.36 0.37 9 245.631 72151.630839
0.36 0.37 10 283.233 89757.798711
0.36 0.37 11 308.547 105358.927791
0.36 0.37 12 325.639 108950.728679
0.36 0.37 13 355.068 148569.261376
0.36 0.37 14 380.275 157060.725375
0.36 0.37 15 371.516 135062.151744
0.36 0.37 16 407.321 179284.063959
0.36 0.37 17 443.697 215774.885191
0.36 0.37 18 449.536 208972.328704
0.36 0.37 19 506.857 283858.936551
0.37 0.38 0 80.841 6612.449719
0.37 0.38 1 115.245 12240.058975
0.37 0.38 2 148.462 23416.362556
0.37 0.38 3 166.122 23957.917116
0.37 0.38 4 135.656 21412.263664
0.37 0.38 5 120.671 14928.548759
0.37 0.38 6 103.39 9862.3479
0.37 0.38 7 101.722 10951.164716
0.37 0.38 8 112.789 13617.958479
0.37 0.38 9 129.682 15639.674876
0.37 0.38 10 144.549 21092.171599
0.37 0.38 11 143.573 21352.456671
0.37 0.38 12 159.585 23938.868775
0.37 0.38 13 175.212 32926.943056
0.37 0.38 14 191.271 35155.477559
0.37 0.38 15 193.985 37435.450775
0.37 0.38 16 214.774 44202.940924
0.37 0.38 17 217.787 45743.933631
0.37 0.38 18 242.565 60430.471775
0.37 0.38 19 239.329 57131.602759
0.38 0.39 0 79.226 6217.084924
0.38 0.39 1 122.626 14901.262124
0.38 0.39 2 155.287 22270.896631
0.38 0.39 3 164.342 26548.845036
0.38 0.39 4 143.773 22618.147471
0.38 0.39 5 135.673 19339.586071
0.38 0.39 6 157.037 27166.113631
0.38 0.39 7 162.515 31146.069775
0.38 0.39 8 182.998 35678.787996
0.38 0.39 9 202.889 41947.356679
0.38 0.39 10 214.727 43570.538471
0.38 0.39 11 237.233 63054.294711
0.38 0.39 12 278.052 86988.945296
0.38 0.39 13 284.188 90739.288656
0.38 0.39 14 297.704 94985.556384
0.38 0.39 15 315.029 104201.302159
0.38 0.39 16 339.151 114473.222199
0.38 0.39 17 349.258 133280.591436
0.38 0.39 18 364.064 126869.941904
0.38 0.39 19 369.843 163626.962351
0.39 0.4 0 76.331 5441.493439
0.39 0.4 1 120.377 13168.754871
0.39 0.4 2 148.176 22405.215024
0.39 0.4 3 161.973 32453.786271
0.39 0.4 4 157.555 24328.640975
0.39 0.4 5 148.278 22645.160716
0.39 0.4 6 157.892 26220.466336
0.39 0.4 7 180.947 32785.602191
0.39 0.4 8 192.394 44838.100764
0.39 0.4 9 204.398 42629.943596
0.39 0.4 10 229.515 55535.457775
0.39 0.4 11 236.151 58092.110199
0.39 0.4 12 250.782 64543.154476
0.39 0.4 13 300.048 105884.733696
0.39 0.4 14 294.05 98767.2635
0.39 0.4 15 310.745 118094.175975
0.39 0.4 16 351.426 131873.280524
0.39 0.4 17 365.655 136846.085975
0.39 0.4 18 380.516 157105.095744
0.39 0.4 19 395.191 189963.212519
0.4 0.41 0 76.057 5823.667751
0.4 0.41 1 123.759 15874.210919
0.4 0.41 2 155.309 25156.277519
0.4 0.41 3 163.016 26204.115744
0.4 0.41 4 153.096 24272.292784
0.4 0.41 5 152.62 23427.9636
0.4 0.41 6 140.74 21742.4364
0.4 0.41 7 157.323 23946.864671
0.4 0.41 8 162.35 26940.7475
0.4 0.41 9 188.996 36912.617984
0.4 0.41 10 198.273 37410.578471
0.4 0.41 11 210.702 43746.199196
0.4 0.41 12 236.679 62402.047959
0.4 0.41 13 255.586 69597.174604
0.4 0.41 14 269.359 72876.172119
0.4 0.41 15 290.735 89874.904775
0.4 0.41 16 302.593 93968.463351
0.4 0.41 17 321.706 118902.713564
0.4 0.41 18 334.343 114040.591351
0.4 0.41 19 364.992 127189.983936
0.41 0.42 0 77.255 5796.735975
0.41 0.42 1 113.559 13441.234519
0.41 0.42 2 161.243 26835.497951
0.41 0.42 3 155.738 25340.525356
0.41 0.42 4 158.408 23619.839536
0.41 0.42 5 177.017 31865.886711
0.41 0.42 6 195.597 43043.814591
0.41 0.42 7 185.841 36144.417719
0.41 0.42 8 220.563 46231.820031
0.41 0.42 9 250.456 66127.866064
0.41 0.42 10 259.073 63653.741671
0.41 0.42 11 266.848 78585.702896
0.41 0.42 12 305.275 95768.565375
0.41 0.42 13 330.095 117462.613975
0.41 0.42 14 348.316 126226.236144
0.41 0.42 15 353.257 135348.676951
0.41 0.42 16 400.682 174211.774876
0.41 0.42 17 411.869 198709.683839
0.41 0.42 18 440.833 206931.241111
0.41 0.42 19 461.838 213059.769756
0.42 0.43 0 79.14 6694.6684
0.42 0.43 1 118.1 14566.214
0.42 0.43 2 156.458 22485.518236
0.42 0.43 3 170.254 31083.977484
0.42 0.43 4 159.52 26856.7056
0.42 0.43 5 168.408 34170.323536
0.42 0.43 6 175.881 32013.888839
0.42 0.43 7 207.534 45920.144844
0.42 0.43 8 209.966 46392.798844
0.42 0.43 9 230.771 48799.004559
0.42 0.43 10 274.962 74080.896556
0.42 0.43 11 275.738 78478.103356
0.42 0.43 12 307.213 106095.637631
0.42 0.43 13 300.39 89704.7179
0.42 0.43 14 351.406 125403.905164
0.42 0.43 15 356.481 144488.739639
0.42 0.43 16 382.011 146324.164879
0.42 0.43 17 401.433 171747.633511
0.42 0.43 18 405.563 173404.544031
0.42 0.43 19 469.009 200538.490919
0.43 0.44 0 79.624 6248.240624
0.43 0.44 1 122.204 13856.506384
0.43 0.44 2 152.265 22269.886775
0.43 0.44 3 152.957 24183.801151
0.43 0.44 4 170.756 27458.638464
0.43 0.44 5 149.497 21318.427991
0.43 0.44 6 144.318 22308.836876
0.43 0.44 7 151.27 25019.4711
0.43 0.44 8 161.709 26949.540319
0.43 0.44 9 179.138 32171.774956
0.43 0.44 10 202.957 38383.833151
0.43 0.44 11 216.135 44514.772775
0.43 0.44 12 227.908 48025.003536
0.43 0.44 13 243.904 62720.916784
0.43 0.44 14 260.756 72743.836464
0.43 0.44 15 283.703 83587.178791
0.43 0.44 16 291.85 84292.4375
0.43 0.44 17 303.769 95725.045639
0.43 0.44 18 316.3 109903.612
0.43 0.44 19 341.089 137228.135079
0.44 0.45 0 81.686 6623.705404
0.44 0.45 1 126.091 15556.792719
0.44 0.45 2 163.129 26100.726359
0.44 0.45 3 167.487 27137.639831
0.44 0.45 4 164.639 27043.664679
0.44 0.45 5 154.631 28821.486839
0.44 0.45 6 171.499 32211.419999
0.44 0.45 7 185.623 35404.978871
0.44 0.45 8 198.212 42652.399056
0.44 0.45 9 210.426 46107.592524
0.44 0.45 10 238.236 58864.158304
0.44 0.45 11 259.383 72859.500311
0.44 0.45 12 276.335 79109.904775
0.44 0.45 13 287.962 88870.792556
0.44 0.45 14 318.209 102382.081319
0.44 0.45 15 350.36 122011.6544
0.44 0.45 16 347.068 125619.171376
0.44 0.45 17 378.372 147839.189616
0.44 0.45 18 404.184 173115.062144
0.44 0.45 19 402.16 176988.7804
0.45 0.46 0 76.477 5611.721471
0.45 0.46 1 123.013 14606.730831
0.45 0.46 2 162.103 28158.878391
0.45 0.46 3 153.653 24996.980591
0.45 0.46 4 176.155 30434.836975
0.45 0.46 5 161.953 24643.006791
0.45 0.46 6 169.811 32435.373279
0.45 0.46 7 184.839 40444.277079
0.45 0.46 8 187.628 35264.777616
0.45 0.46 9 225.473 49028.217271
0.45 0.46 10 251.549 60894.335599
0.45 0.46 11 251.744 66830.966464
0.45 0.46 12 282.961 83575.279479
0.45 0.46 13 286.19 93037.6819
0.45 0.46 14 332.45 110418.6595
0.45 0.46 15 342.427 137329.162671
0.45 0.46 16 348.849 125023.280199
0.45 0.46 17 386.616 167577.932544
0.45 0.46 18 407.101 193709.042799
0.45 0.46 19 427.274 199054.084924
0.46 0.47 0 80.72 6605.6256
0.46 0.47 1 127.854 16223.940684
0.46 0.47 2 162.032 27402.768976
0.46 0.47 3 150.287 22263.240631
0.46 0.47 4 157.415 24856.432775
0.46 0.47 5 176.325 32779.025375
0.46 0.47 6 175.631 31871.330839
0.46 0.47 7 179.829 32931.047759
0.46 0.47 8 192.17 41749.5871
0.46 0.47 9 219.467 55453.306911
0.46 0.47 10 222.647 55430.838391
0.46 0.47 11 238.154 61489.222284
0.46 0.47 12 256.706 79706.453564
0.46 0.47 13 272.721 89763.321159
0.46 0.47 14 309.281 105520.538039
0.46 0.47 15 328.495 106059.019975
0.46 0.47 16 344.966 127400.388844
0.46 0.47 17 374.947 138942.018191
0.46 0.47 18 369.65 137314.1495
0.46 0.47 19 400.881 177306.266839
0.47 0.48 0 77.763 5289.116831
0.47 0.48 1 121.696 11850.659584
0.47 0.48 2 172.395 29162.768975
0.47 0.48 3 158.185 28336.438775
0.47 0.48 4 163.166 31072.068444
0.47 0.48 5 169.407 27955.333351
0.47 0.48 6 205.192 50280.909136
0.47 0.48 7 208.146 50033.680684
0.47 0.48 8 214.876 49502.438624
0.47 0.48 9 241.152 61394.756896
0.47 0.48 10 268.044 78416.780064
0.47 0.48 11 304.928 105211.602816
0.47 0.48 12 315.067 102290.508511
0.47 0.48 13 342.982 131914.963676
0.47 0.48 14 369.661 145593.520079
0.47 0.48 15 367.312 155551.898656
0.47 0.48 16 399.675 170470.117375
0.47 0.48 17 428.38 189378.9216
0.47 0.48 18 456.409 244624.511719
0.47 0.48 19 476.648 251463.648096
0.48 0.49 0 76.481 5547.451639
0.48 0.49 1 121.924 13742.950224
0.48 0.49 2 167.785 29314.006775
0.48 0.49 3 172.569 27436.489239
0.48 0.49 4 159.987 28861.912831
0.48 0.49 5 168.776 29712.413824
0.48 0.49 6 164.287 27240.442631
0.48 0.49 7 174.513 31366.741831
0.48 0.49 8 193.064 43543.131904
0.48 0.49 9 214.108 48384.726336
0.48 0.49 10 231.439 50239.810279
0.48 0.49 11 246.756 65108.362464
0.48 0.49 12 252.235 64972.691775
0.48 0.49 13 280.152 101166.368896
0.48 0.49 14 321.13 102325.3751
0.48 0.49 15 338.327 119215.464071
0.48 0.49 16 354.823 123913.349671
0.48 0.49 17 346.408 135288.983536
0.48 0.49 18 353.038 126848.380556
0.48 0.49 19 432.603 198705.603391
0.49 0.5 0 75.421 5856.711759
0.49 0.5 1 127.636 16456.543504
0.49 0.5 2 174.516 35743.847744
0.49 0.5 3 159.9 24867.098
0.49 0.5 4 156.713 24744.758631
0.49 0.5 5 162.967 27000.789911
0.49 0.5 6 176.09 29358.8739
0.49 0.5 7 185.801 33661.995399
0.49 0.5 8 212.141 43908.703119
0.49 0.5 9 231.921 59417.670759
0.49 0.5 10 227.962 57092.360556
0.49 0.5 11 269.095 69948.393975
0.49 0.5 12 292.211 86367.180479
0.49 0.5 13 311.41 106420.3819
0.49 0.5 14 339.195 107680.304975
0.49 0.5 15 345.389 121426.433679
0.49 0.5 16 361.317 130328.994511
0.49 0.5 17 400.428 153546.662816
0.49 0.5 18 410.441 180712.822519
0.49 0.5 19 428.751 208200.096999
0.5 0.51 0 80.44 6105.4504
0.5 0.51 1 120.643 13729.341551
0.5 0.51 2 162.015 25096.160775
0.5 0.51 3 172.021 29264.728559
0.5 0.51 4 174.19 32530.8499
0.5 0.51 5 179.275 34743.343375
0.5 0.51 6 187.776 33124.381824
0.5 0.51 7 203.693 41789.184751
0.5 0.51 8 203.585 44180.588775
0.5 0.51 9 225.466 51905.992844
0.5 0.51 10 249.442 71668.576636
0.5 0.51 11 284.305 90417.779975
0.5 0.51 12 286.895 77416.265975
0.5 0.51 13 316.756 103409.378464
0.5 0.51 14 320.092 116148.923536
0.5 0.51 15 370.668 153506.631776
0.5 0.51 16 385.451 174867.405599
0.5 0.51 17 372.384 166429.348544
0.5 0.51 18 422.728 196607.228016
0.5 0.51 19 474.057 214618.039751
0.51 0.52 0 81.402 6289.062396
0.51 0.52 1 126.963 15406.941631
0.51 0.52 2 170.316 28409.850144
0.51 0.52 3 171.095 29544.211975
0.51 0.52 4 158.638 25196.274956
0.51 0.52 5 158.945 24844.353975
0.51 0.52 6 175.133 33877.259311
0.51 0.52 7 175.936 31411.139904
0.51 0.52 8 188.967 40086.475911
0.51 0.52 9 212.822 53361.530316
0.51 0.52 10 226.645 48707.326975
0.51 0.52 11 248.861 62340.367679
0.51 0.52 12 258.34 71668.6384
0.51 0.52 13 283.05 83745.4575
0.51 0.52 14 300.672 96821.178416
0.51 0.52 15 308.498 98101.469996
0.51 0.52 16 365.721 142768.207159
0.51 0.52 17 368.433 143307.137511
0.51 0.52 18 372.841 156719.649719
0.51 0.52 19 409.037 178840.663631
0.52 0.53 0 79.416 6555.390944
0.52 0.53 1 121.921 12987.520759
0.52 0.53 2 169.709 27859.074319
0.52 0.53 3 165.666 27120.862444
0.52 0.53 4 170.372 28124.165616
0.52 0.53 5 172.804 26001.615584
0.52 0.53 6 187.672 37001.800416
0.52 0.53 7 194.133 37416.985311
0.52 0.53 8 215.958 46851.646236
0.52 0.53 9 229.843 61981.440351
0.52 0.53 10 279.412 85503.410256
0.52 0.53 11 280.608 82672.596336
0.52 0.53 12 310.278 101790.684716
0.52 0.53 13 303.238 85588.659356
0.52 0.53 14 332.136 130363.295504
0.52 0.53 15 373.265 137830.386775
0.52 0.53 16 381.665 140462.290775
0.52 0.53 17 421.209 196347.521319
0.52 0.53 18 423.363 201953.891231
0.52 0.53 19 423.372 216065.951616
0.53 0.54 0 80.535 6986.278775
0.53 0.54 1 128.505 16530.119975
0.53 0.54 2 163.582 25200.059276
0.53 0.54 3 161.391 25232.718119
0.53 0.54 4 158.672 24554.520416
0.53 0.54 5 175.477 27739.041471
0.53 0.54 6 166.324 27339.685024
0.53 0.54 7 187.784 31752.535344
0.53 0.54 8 186.735 39347.796775
0.53 0.54 9 211.242 52989.317436
0.53 0.54 10 216.55 49559.6715
0.53 0.54 11 241.269 59293.442639
0.53 0.54 12 277.306 79228.784364
0.53 0.54 13 281.512 87601.785856
0.53 0.54 14 288.109 91108.995119
0.53 0.54 15 327.668 131521.077776
0.53 0.54 16 325.133 115141.023311
0.53 0.54 17 366.442 143366.130636
0.53 0.54 18 389.177 164302.903671
0.53 0.54 19 381.348 155713.104896
0.54 0.55 0 77.65 6404.9775
0.54 0.55 1 120.956 13891.538064
0.54 0.55 2 164.783 27532.249911
0.54 0.55 3 153.683 23775.712511
0.54 0.55 4 164.062 26411.960156
0.54 0.55 5 169.152 32386.408896
0.54 0.55 6 162.642 28299.537836
0.54 0.55 7 185.973 36372.556271
0.54 0.55 8 202.952 44742.087696
0.54 0.55 9 229.606 52775.046764
0.54 0.55 10 241.745 59019.001975
0.54 0.55 11 264.835 77856.709775
0.54 0.55 12 295.664 106195.253104
0.54 0.55 13 305.149 103082.044799
0.54 0.55 14 339.208 120416.176736
0.54 0.55 15 325.848 109800.422896
0.54 0.55 16 360.441 131883.976519
0.54 0.55 17 363.916 141341.646944
0.54 0.55 18 382.836 167459.469104
0.54 0.55 19 420.469 185357.151039
0.55 0.56 0 80.422 6679.045916
0.55 0.56 1 119.348 13202.546896
0.55 0.56 2 169.676 31985.627024
0.55 0.56 3 157.291 26563.486319
0.55 0.56 4 157.91 26483.3839
0.55 0.56 5 152.941 24251.947519
0.55 0.56 6 161.201 28983.774599
0.55 0.56 7 178.146 33811.448684
0.55 0.56 8 195.793 42584.130151
0.55 0.56 9 206.58 47780.2436
0.55 0.56 10 227.064 55147.471904
0.55 0.56 11 243.72 62617.7276
0.55 0.56 12 255.9 65790.476
0.55 0.56 13 305.664 94305.475104
0.55 0.56 14 328.755 126667.010975
0.55 0.56 15 341.887 118046.144231
0.55 0.56 16 357.597 141925.874591
0.55 0.56 17 382.36 149402.1204
0.55 0.56 18 412.896 189402.933184
0.55 0.56 19 416.024 195592.333424
0.56 0.57 0 78.398 5817.785596
0.56 0.57 1 119.269 14465.024639
0.56 0.57 2 155.442 25852.004636
0.56 0.57 3 154.757 26500.023951
0.56 0.57 4 174.355 28707.142975
0.56 0.57 5 158.389 24214.607679
0.56 0.57 6 148.092 20481.421536
0.56 0.57 7 150.439 22531.602279
0.56 0.57 8 153.768 24464.404176
0.56 0.57 9 178.681 29398.005239
0.56 0.57 10 180.364 32604.575504
0.56 0.57 11 201.465 36811.506775
0.56 0.57 12 220.318 52624.974876
0.56 0.57 13 243.637 62613.931231
0.56 0.57 14 253.718 69556.624476
0.56 0.57 15 263.676 75603.395024
0.56 0.57 16 285.724 76609.485824
0.56 0.57 17 305.087 93750.309431
0.56 0.57 18 322.081 107886.778439
0.56 0.57 19 311.064 104948.025904
0.57 0.58 0 75.165 6221.343775
0.57 0.58 1 123.861 15152.163679
0.57 0.58 2 164.142 25882.433836
0.57 0.58 3 149.474 23996.243324
0.57 0.58 4 174.125 29003.957375
0.57 0.58 5 167.082 28833.683276
0.57 0.58 6 188.3 36651.872
0.57 0.58 7 195.059 42952.709519
0.57 0.58 8 207.776 47126.597824
0.57 0.58 9 224.525 50892.251375
0.57 0.58 10 256.854 69662.266684
0.57 0.58 11 280.98 85318.4416
0.57 0.58 12 304.61 104197.6579
0.57 0.58 13 334.327 121751.102071
0.57 0.58 14 336.781 120491.465039
0.57 0.58 15 372.406 142888.937164
0.57 0.58 16 390.203 163992.901791
0.57 0.58 17 413.706 196507.599564
0.57 0.58 18 446.662 197008.223756
0.57 0.58 19 457.072 213789.612816
0.58 0.59 0 77.473 6239.291271
0.58 0.59 1 127.88 17023.4216
0.58 0.59 2 154.374 23535.758124
0.58 0.59 3 152.109 24061.929119
0.58 0.59 4 159.297 26109.106791
0.58 0.59 5 154.863 23365.162231
0.58 0.59 6 185.084 39128.284944
0.58 0.59 7 196.476 40242.355424
0.58 0.59 8 213.049 47524.662599
0.58 0.59 9 238.632 66758.842576
0.58 0.59 10 262.641 79078.576119
0.58 0.59 11 288.608 83994.016336
0.58 0.59 12 307.983 104996.078711
0.58 0.59 13 318.168 108392.603776
0.58 0.59 14 349.435 136155.965775
0.58 0.59 15 364.729 132131.507559
0.58 0.59 16 386.702 173493.233196
0.58 0.59 17 414.58 164542.3296
0.58 0.59 18 437.022 222065.497516
0.58 0.59 19 461.158 205429.507036
0.59 0.6 0 74.976 5032.367424
0.59 0.6 1 120.549 13562.333599
0.59 0.6 2 149.785 22564.606775
0.59 0.6 3 161.342 27411.795036
0.59 0.6 4 142.333 21258.340111
0.59 0.6 5 148.649 20751.831799
0.59 0.6 6 140.713 21032.322631
0.59 0.6 7 149.205 24015.176975
0.59 0.6 8 178.018 33262.777676
0.59 0.6 9 182.764 34348.796304
0.59 0.6 10 193.263 36351.279831
0.59 0.6 11 219.371 56392.411359
0.59 0.6 12 244.433 66619.917511
0.59 0.6 13 237.102 59797.185596
0.59 0.6 14 273.809 84536.596519
0.59 0.6 15 275.513 85380.567831
0.59 0.6 16 290.103 87211.200391
0.59 0.6 17 331.564 127738.447904
0.59 0.6 18 333.029 122325.400159
0.59 0.6 19 360.409 143492.629719
0.6 0.61 0 75.246 5426.319484
0.6 0.61 1 114.107 12261.403551
0.6 0.61 2 145.81 22113.7219
0.6 0.61 3 147.47 20598.7611
0.6 0.61 4 139.674 19564.565724
0.6 0.61 5 154.649 25764.727799
0.6 0.61 6 157.678 25084.650316
0.6 0.61 7 185.19 34355.9499
0.6 0.61 8 182.21 36837.0259
0.6 0.61 9 204.819 41851.616239
0.6 0.61 10 231.25 54651.5855
0.6 0.61 11 246.34 69750.0804
0.6 0.61 12 271.481 79241.237639
0.6 0.61 13 285.592 94531.447536
0.6 0.61 14 291.876 88148.888624
0.6 0.61 15 315.74 96498.8584
0.6 0.61 16 325.635 117831.317775
0.6 0.61 17 366.675 148210.583375
0.6 0.61 18 371.758 144186.097436
0.6 0.61 19 401.06 184818.2844
0.61 0.62 0 79.148 6512.608096
0.61 0.62 1 115.504 13445.567984
0.61 0.62 2 155.452 21997.571696
0.61 0.62 3 148.479 21415.573559
0.61 0.62 4 129.784 17382.519344
0.61 0.62 5 132.716 17591.507344
0.61 0.62 6 144.308 22576.417136
0.61 0.62 7 158.539 26470.054479
0.61 0.62 8 183.131 33182.559839
0.61 0.62 9 213.064 46681.323904
0.61 0.62 10 234.02 54068.9196
0.61 0.62 11 241.686 66760.193404
0.61 0.62 12 248.201 66137.078599
0.61 0.62 13 272.807 83740.973751
0.61 0.62 14 313.969 104790.742039
0.61 0.62 15 314.626 102774.024124
0.61 0.62 16 346.712 121266.653056
0.61 0.62 17 355.219 136999.107039
0.61 0.62 18 371.389 134222.859679
0.61 0.62 19 404.03 165416.6851
0.62 0.63 0 76.799 5536.874599
0.62 0.63 1 117.658 15337.227036
0.62 0.63 2 147.065 23143.992775
0.62 0.63 3 161.909 26722.344719
0.62 0.63 4 131.034 16989.494844
0.62 0.63 5 116.775 14104.454375
0.62 0.63 6 110.726 13051.186924
0.62 0.63 7 112.107 11601.055551
0.62 0.63 8 121.2 13661.356
0.62 0.63 9 117.685 14374.023775
0.62 0.63 10 139.824 18414.091024
0.62 0.63 11 149.359 21509.178119
0.62 0.63 12 154.399 24962.605799
0.62 0.63 13 174.454 27779.073884
0.62 0.63 14 173.039 27391.911479
0.62 0.63 15 195.858 36704.265836
0.62 0.63 16 200.221 39441.992159
0.62 0.63 17 210.912 46767.292256
0.62 0.63 18 221.863 50430.894231
0.62 0.63 19 250.633 60434.838311
0.63 0.64 0 76.538 5500.002556
0.63 0.64 1 118.1 13597.714
0.63 0.64 2 147.451 20636.003599
0.63 0.64 3 176.487 29490.633831
0.63 0.64 4 185.449 35750.861399
0.63 0.64 5 191.176 44412.707024
0.63 0.64 6 199.899 43097.752799
0.63 0.64 7 213.255 43511.935975
0.63 0.64 8 242.001 61252.484999
0.63 0.64 9 249.37 69007.6711
0.63 0.64 10 283.157 83495.250351
0.63 0.64 11 307.25 103088.0795
0.63 0.64 12 334.475 126751.149375
0.63 0.64 13 359.574 146767.416524
0.63 0.64 14 388.555 159521.892975
0.63 0.64 15 395.483 178278.107711
0.63 0.64 16 420.923 191011.889071
0.63 0.64 17 437.399 192615.183799
0.63 0.64 18 467.068 233514.069376
0.63 0.64 19 484.635 250955.655775
0.64 0.65 0 79.755 6275.102975
0.64 0.65 1 111.292 12181.950736
0.64 0.65 2 139.582 22512.213276
0.64 0.65 3 163.853 27882.629391
0.64 0.65 4 160.463 27900.354631
0.64 0.65 5 162.236 25463.384304
0.64 0.65 6 196.866 46482.484044
0.64 0.65 7 200.831 50045.920439
0.64 0.65 8 213.611 55409.129679
0.64 0.65 9 242.603 68188.057391
0.64 0.65 10 257.254 71617.047484
0.64 0.65 11 274.594 71865.871164
0.64 0.65 12 284.348 92879.222896
0.64 0.65 13 337.07 137470.3711
0.64 0.65 14 326.047 123704.954791
0.64 0.65 15 358.218 132315.688476
0.64 0.65 16 368.749 154231.021999
0.64 0.65 17 407.182 187028.086876
0.64 0.65 18 417.495 169144.839975
0.64 0.65 19 432.889 210584.948679
0.65 0.66 0 76.088 6334.390256
0.65 0.66 1 120.92 16301.2836
0.65 0.66 2 145.224 23259.425824
0.65 0.66 3 160.579 24559.797759
0.65 0.66 4 161.212 26225.767056
0.65 0.66 5 152.673 24636.534071
0.65 0.66 6 145.069 21424.576239
0.65 0.66 7 160.154 27518.028284
0.65 0.66 8 167.835 29910.705775
0.65 0.66 9 175.125 32469.971375
0.65 0.66 10 197.517 42167.051711
0.65 0.66 11 218.674 49833.867724
0.65 0.66 12 232.184 55934.448144
0.65 0.66 13 256.145 76072.999975
0.65 0.66 14 273.544 84745.436064
0.65 0.66 15 274.271 78194.811559
0.65 0.66 16 292.441 86600.652519
0.65 0.66 17 320.568 101486.335376
0.65 0.66 18 333.238 124094.137356
0.65 0.66 19 349.476 132610.383424
0.66 0.67 0 78.787 6366.949631
0.66 0.67 1 115.238 14969.845356
0.66 0.67 2 134.001 18519.986999
0.66 0.67 3 142.6 21307.496
0.66 0.67 4 148.882 21533.412076
0.66 0.67 5 167.932 30793.351376
0.66 0.67 6 171.708 31768.562736
0.66 0.67 7 182.203 34003.441791
0.66 0.67 8 206.008 45774.861936
0.66 0.67 9 232.699 57317.286399
0.66 0.67 10 255.673 70576.600071
0.66 0.67 11 275.89 78717.4679
0.66 0.67 12 308.524 98610.743424
0.66 0.67 13 310.208 119701.572736
0.66 0.67 14 350.12 128853.8296
0.66 0.67 15 340.854 136848.228684
0.66 0.67 16 373.28 158158.5756
0.66 0.67 17 396.86 159934.7324
0.66 0.67 18 429.565 184749.849775
0.66 0.67 19 460.766 217049.099244
0.67 0.68 0 77.569 5744.125239
0.67 0.68 1 114.122 12435.081116
0.67 0.68 2 137.124 17851.262624
0.67 0.68 3 131.519 16818.077639
0.67 0.68 4 139.742 19079.221436
0.67 0.68 5 134.35 17971.2055
0.67 0.68 6 147.716 23152.649344
0.67 0.68 7 152.92 23345.6276
0.67 0.68 8 147.854 22637.400684
0.67 0.68 9 171.1 28602.394
0.67 0.68 10 194.586 36534.828604
0.67 0.68 11 220.938 54290.874156
0.67 0.68 12 236.715 57361.879775
0.67 0.68 13 242.274 62148.228924
0.67 0.68 14 261.274 75214.548924
0.67 0.68 15 261.412 75729.678256
0.67 0.68 16 297.35 97979.9615
0.67 0.68 17 314.294 99974.961564
0.67 0.68 18 329.588 127149.766256
0.67 0.68 19 332.867 110344.509311
0.68 0.69 0 74.33 5155.7311
0.68 0.69 1 122.223 15224.087271
0.68 0.69 2 141.922 19813.655916
0.68 0.69 3 135.1 16602.556
0.68 0.69 4 125.45 15627.2755
0.68 0.69 5 111.571 12905.252959
0.68 0.69 6 101.335 10239.144775
0.68 0.69 7 114.807 12405.545751
0.68 0.69 8 123.729 14518.319559
0.68 0.69 9 139.442 20201.570636
0.68 0.69 10 158.036 21617.932704
0.68 0.69 11 164.055 28460.763975
0.68 0.69 12 168.695 28423.845975
0.68 0.69 13 191.84 36635.7424
0.68 0.69 14 192.287 33852.658631
0.68 0.69 15 209.621 43463.937359
0.68 0.69 16 221.347 49534.168591
0.68 0.69 17 242.11 59576.7719
0.68 0.69 18 228.555 53974.064975
0.68 0.69 19 255.619 62183.765839
0.69 0.7 0 75.416 5507.090944
0.69 0.7 1 121.272 15019.892016
0.69 0.7 2 134.429 16849.628959
0.69 0.7 3 123.438 18097.600156
0.69 0.7 4 134.149 19660.220799
0.69 0.7 5 158.775 23319.902375
0.69 0.7 6 171.338 30427.937756
0.69 0.7 7 183.772 35242.022016
0.69 0.7 8 185.667 37346.162111
0.69 0.7 9 216.967 53120.217911
0.69 0.7 10 237.349 56355.065199
0.69 0.7 11 243.222 62678.864716
0.69 0.7 12 278.842 81385.933036
0.69 0.7 13 294.647 90775.912391
0.69 0.7 14 303.42 96922.4636
0.69 0.7 15 329.457 111510.026151
0.69 0.7 16 363.374 147999.582124
0.69 0.7 17 368.615 157994.472775
0.69 0.7 18 392.546 166193.599884
0.69 0.7 19 412.865 177961.966775
0.7 0.71 0 72.927 5391.729671
0.7 0.71 1 120.514 15867.025804
0.7 0.71 2 137.726 17248.442924
0.7 0.71 3 119.525 12970.803375
0.7 0.71 4 134.826 18262.793724
0.7 0.71 5 132.667 18298.854111
0.7 0.71 6 134.543 18142.866151
0.7 0.71 7 139.826 20556.909724
0.7 0.71 8 155.98 22805.2296
0.7 0.71 9 168.175 27363.270375
0.7 0.71 10 182.687 36356.289031
0.7 0.71 11 191.338 38870.181756
0.7 0.71 12 202.352 41635.800096
0.7 0.71 13 234.136 50805.295504
0.7 0.71 14 237.079 61120.460759
0.7 0.71 15 252.098 61345.244396
0.7 0.71 16 281.486 84664.237804
0.7 0.71 17 295.567 91996.775511
0.7 0.71 18 288.214 86184.538204
0.7 0.71 19 312.596 95023.018784
0.71 0.72 0 75.841 5400.551719
0.71 0.72 1 114.454 12613.933884
0.71 0.72 2 138.902 19631.312396
0.71 0.72 3 114.94 12327.6084
0.71 0.72 4 108.456 12514.448064
0.71 0.72 5 104.489 11539.595879
0.71 0.72 6 102.032 10809.886976
0.71 0.72 7 116.822 13839.326316
0.71 0.72 8 125.399 16428.481799
0.71 0.72 9 136.092 19540.973536
0.71 0.72 10 148.368 22306.176576
0.71 0.72 11 157.637 24413.653231
0.71 0.72 12 175.13 30514.0411
0.71 0.72 13 180.292 36210.714736
0.71 0.72 14 196.777 37952.379271
0.71 0.72 15 207.88 40410.9936
0.71 0.72 16 221.556 46900.722864
0.71 0.72 17 219.251 45057.143999
0.71 0.72 18 241.177 52227.033671
0.71 0.72 19 257.965 65247.069775
0.72 0.73 0 74.62 5178.2816
0.72 0.73 1 112.624 11281.240624
0.72 0.73 2 131.515 15694.329775
0.72 0.73 3 109.172 11466.064416
0.72 0.73 4 104.05 10522.6055
0.72 0.73 5 114.268 13093.740176
0.72 0.73 6 137.566 20523.935644
0.72 0.73 7 145.306 20700.196364
0.72 0.73 8 161.447 28244.375191
0.72 0.73 9 163.448 25689.029296
0.72 0.73 10 186.795 32128.564975
0.72 0.73 11 222.971 52871.536159
0.72 0.73 12 227.366 55114.482044
0.72 0.73 13 254.314 65277.147404
0.72 0.73 14 256.316 64334.366144
0.72 0.73 15 278.608 76836.584336
0.72 0.73 16 280.419 76911.249439
0.72 0.73 17 289.26 90129.0924
0.72 0.73 18 325.453 114046.335791
0.72 0.73 19 347.899 124632.982799
0.73 0.74 0 76.343 5954.901351
0.73 0.74 1 105.981 12812.036639
0.73 0.74 2 126.089 16829.573079
0.73 0.74 3 107.27 11353.9131
0.73 0.74 4 95.301 8503.444399
0.73 0.74 5 89.599 6887.430199
0.73 0.74 6 91.051 8051.372399
0.73 0.74 7 94.284 9220.645344
0.73 0.74 8 101.774 9635.882924
0.73 0.74 9 112.764 10907.430304
0.73 0.74 10 124.632 15596.340576
0.73 0.74 11 131.931 17086.558239
0.73 0.74 12 148.046 23828.521884
0.73 0.74 13 153.093 20953.290351
0.73 0.74 14 160.827 23890.781071
0.73 0.74 15 164.91 26298.2519
0.73 0.74 16 190.234 36768.197244
0.73 0.74 17 186.363 35117.105231
0.73 0.74 18 205.91 40534.5159
0.73 0.74 19 218.825 45398.940375
0.74 0.75 0 78.561 6255.368279
0.74 0.75 1 109.365 12840.821775
0.74 0.75 2 122.602 14898.601596
0.74 0.75 3 95.839 8356.371079
0.74 0.75 4 73.912 4956.638256
0.74 0.75 5 61.784 3336.313344
0.74 0.75 6 64.667 4193.210111
0.74 0.75 7 68.51 3836.6319
0.74 0.75 8 80.719 5919.040039
0.74 0.75 9 86.238 7324.099356
0.74 0.75 10 87.581 7456.597439
0.74 0.75 11 97.109 9381.687119
0.74 0.75 12 113.187 10365.256031
0.74 0.75 13 116.77 13757.7031
0.74 0.75 14 120.969 14127.200039
0.74 0.75 15 129.688 14668.086656
0.74 0.75 16 133.216 17392.303344
0.74 0.75 17 149.252 20409.134496
0.74 0.75 18 150.713 22176.332631
0.74 0.75 19 173.843 29762.318351
0.75 0.76 0 87.498 7697.481996
0.75 0.76 1 163.804 25953.589584
0.75 0.76 2 246.919 65681.324439
0.75 0.76 3 362.329 136335.958759
0.75 0.76 4 613.56 374270.4744
0.75 0.76 5 828.22 744138.1756
0.75 0.76 6 1134.994 1404206.29996
0.75 0.76 7 1271.442 1682601.77064
0.75 0.76 8 1555.028 2728236.65922
0.75 0.76 9 1659.124 2858821.71662
0.75 0.76 10 1966.764 4445236.1143
0.75 0.76 11 2061.043 4710068.29515
0.75 0.76 12 2163.859 4847138.00112
0.75 0.76 13 2283.37 5548054.5311
0.75 0.76 14 2564.516 7389850.86374
0.75 0.76 15 2553.898 7627443.6876
0.75 0.76 16 2949.375 9257058.53638
0.75 0.76 17 3014.737 9785226.19183
0.75 0.76 18 3226.626 10834244.7581
0.75 0.76 19 3242.814 11022941.6234
0.76 0.77 0 87.292 8058.298736
0.76 0.77 1 181.036 31703.362704
0.76 0.77 2 266.97 68899.1891
0.76 0.77 3 341.141 122935.719119
0.76 0.77 4 500.49 243025.7939
0.76 0.77 5 619.443 410632.700751
0.76 0.77 6 600.493 425047.687951
0.76 0.77 7 683.345 534994.473975
0.76 0.77 8 768.679 662728.863959
0.76 0.77 9 828.094 875105.521164
0.76 0.77 10 887.345 881920.723975
0.76 0.77 11 1002.041 1196047.93332
0.76 0.77 12 1137.546 1359871.72588
0.76 0.77 13 1104.574 1219438.71452
0.76 0.77 14 1267.572 1890820.80482
0.76 0.77 15 1262.485 1705412.61778
0.76 0.77 16 1449.114 2752880.807
0.76 0.77 17 1590.945 3014774.06798
0.76 0.77 18 1540.362 2800275.33296
0.76 0.77 19 1600.4 3184789.702
0.77 0.78 0 83.321 6301.117959
0.77 0.78 1 172.783 29125.633911
0.77 0.78 2 234.66 60425.1984
0.77 0.78 3 337.583 114147.721111
0.77 0.78 4 414.255 206570.733975
0.77 0.78 5 418.146 192242.462684
0.77 0.78 6 439.263 221766.407831
0.77 0.78 7 469.122 270414.637116
0.77 0.78 8 507.366 289862.272044
0.77 0.78 9 630.892 457411.148336
0.77 0.78 10 677.118 478967.442076
0.77 0.78 11 732.111 658265.764679
0.77 0.78 12 807.836 626698.531104
0.77 0.78 13 891.592 867669.231536
0.77 0.78 14 938.507 985774.099951
0.77 0.78 15 911.668 900040.157776
0.77 0.78 16 1003.167 1161369.75111
0.77 0.78 17 1059.162 1280196.49976
0.77 0.78 18 1160.955 1361252.80898
0.77 0.78 19 1165.354 1495780.51668
0.78 0.79 0 87.382 7278.828076
0.78 0.79 1 170.486 29570.079804
0.78 0.79 2 226.594 56454.383164
0.78 0.79 3 312.139 94515.657679
0.78 0.79 4 358.37 149043.0291
0.78 0.79 5 406.184 194740.354144
0.78 0.79 6 508.865 268141.298775
0.78 0.79 7 475.642 239603.797836
0.78 0.79 8 515.502 268748.617996
0.78 0.79 9 534.033 316500.277911
0.78 0.79 10 558.865 367808.642775
0.78 0.79 11 651.744 461696.912464
0.78 0.79 12 669.763 504234.616831
0.78 0.79 13 704.309 531829.133519
0.78 0.79 14 726.518 581828.547676
0.78 0.79 15 828.274 758497.548924
0.78 0.79 16 829.5 748840.494
0.78 0.79 17 921.795 1099029.16497
0.78 0.79 18 965.08 1050213.9576
0.78 0.79 19 987.063 1189829.16503
0.79 0.8 0 85.755 7356.264975
0.79 0.8 1 165.136 28853.977504
0.79 0.8 2 227.757 62962.109951
0.79 0.8 3 300.106 90782.504764
0.79 0.8 4 298.664 100197.129104
0.79 0.8 5 333.55 125625.3015
0.79 0.8 6 322.764 102228.934304
0.79 0.8 7 383.832 162003.079776
0.79 0.8 8 461.628 224563.279616
0.79 0.8 9 519.46 294872.9644
0.79 0.8 10 541.742 344989.179436
0.79 0.8 11 614.049 511988.032599
0.79 0.8 12 629.479 414902.085559
0.79 0.8 13 673.854 518680.808684
0.79 0.8 14 773.619 659642.415839
0.79 0.8 15 834.472 879000.861216
0.79 0.8 16 843.389 842282.131679
0.79 0.8 17 871.34 862136.3244
0.79 0.8 18 938.042 1055355.23824
0.79 0.8 19 946.093 954669.356351
0.8 0.81 0 82.805 5957.324975
0.8 0.81 1 160.342 24024.675036
0.8 0.81 2 205.598 43062.374396
0.8 0.81 3 265.618 81639.202076
0.8 0.81 4 225.065 50028.016775
0.8 0.81 5 214.147 49012.179391
0.8 0.81 6 256.042 69496.522236
0.8 0.81 7 288.493 88336.055951
0.8 0.81 8 304.389 110280.849679
0.8 0.81 9 353.678 145681.584316
0.8 0.81 10 392.989 169151.510879
0.8 0.81 11 411.47 200720.8971
0.8 0.81 12 452.145 244718.503975
0.8 0.81 13 495.838 273439.519756
0.8 0.81 14 551.308 339331.093136
0.8 0.81 15 538.957 319056.149151
0.8 0.81 16 611.206 432664.005564
0.8 0.81 17 632.17 487052.4191
0.8 0.81 18 681.87 527695.0531
0.8 0.81 19 670.248 472456.826496
0.81 0.82 0 82.651 7203.155199
0.81 0.82 1 157.059 24963.959519
0.81 0.82 2 198.406 45088.021164
0.81 0.82 3 246.511 63085.343879
0.81 0.82 4 264.277 71097.490271
0.81 0.82 5 274.542 87279.962236
0.81 0.82 6 245.364 63477.329504
0.81 0.82 7 247.524 71434.721424
0.81 0.82 8 247.261 78049.780879
0.81 0.82 9 274.673 93491.884071
0.81 0.82 10 304.447 100007.891191
0.81 0.82 11 327.433 117444.607511
0.81 0.82 12 370.066 165215.793644
0.81 0.82 13 392.509 167109.319919
0.81 0.82 14 415.007 192625.260951
0.81 0.82 15 432.427 206370.260671
0.81 0.82 16 470.015 313945.314775
0.81 0.82 17 476.776 273754.855824
0.81 0.82 18 497.464 276040.684704
0.81 0.82 19 509.025 287529.986375
0.82 0.83 0 82.434 6446.331644
0.82 0.83 1 169.12 28219.0696
0.82 0.83 2 201.043 41160.801151
0.82 0.83 3 242.392 66794.052336
0.82 0.83 4 285.695 89650.655975
0.82 0.83 5 383.165 158565.281775
0.82 0.83 6 373.005 156139.932975
0.82 0.83 7 411.594 182409.811164
0.82 0.83 8 476.128 263278.217616
0.82 0.83 9 535.321 302295.727959
0.82 0.83 10 574.819 340610.168239
0.82 0.83 11 607.7 397177.702
0.82 0.83 12 665.55 497556.4495
0.82 0.83 13 692.76 565823.6624
0.82 0.83 14 840.553 830842.933191
0.82 0.83 15 796.182 784264.482876
0.82 0.83 16 858.284 895246.567344
0.82 0.83 17 956.061 1116318.17328
0.82 0.83 18 1003.966 1113708.43284
0.82 0.83 19 1057.619 1313893.78784
0.83 0.84 0 81.377 6252.924871
0.83 0.84 1 170.498 30051.745996
0.83 0.84 2 208.179 40014.842959
0.83 0.84 3 232.579 58953.005759
0.83 0.84 4 231.371 58630.587359
0.83 0.84 5 235.611 58236.305679
0.83 0.84 6 313.592 107935.611536
0.83 0.84 7 327.587 122309.678431
0.83 0.84 8 355.35 148292.4975
0.83 0.84 9 399.262 175406.537356
0.83 0.84 10 422.211 209255.364479
0.83 0.84 11 502.306 266817.962364
0.83 0.84 12 526.433 292577.195511
0.83 0.84 13 574.666 393818.196444
0.83 0.84 14 595.967 401224.947911
0.83 0.84 15 642.838 484078.325756
0.83 0.84 16 664.939 510325.651279
0.83 0.84 17 710.513 510862.351831
0.83 0.84 18 785.725 617234.711375
0.83 0.84 19 799.232 770595.216176
0.84 0.85 0 84.158 7034.413036
0.84 0.85 1 160.284 24618.125344
0.84 0.85 2 184.575 38462.770375
0.84 0.85 3 207.648 40815.468096
0.84 0.85 4 192.768 43260.942176
0.84 0.85 5 194.954 37285.297884
0.84 0.85 6 201.007 45704.174951
0.84 0.85 7 213.736 46070.436304
0.84 0.85 8 234.215 58369.746775
0.84 0.85 9 277.204 79909.030384
0.84 0.85 10 270.218 77727.016476
0.84 0.85 11 313.148 108059.162096
0.84 0.85 12 331.884 126420.454544
0.84 0.85 13 350.93 152567.0391
0.84 0.85 14 369.334 140770.872444
0.84 0.85 15 393.037 176171.145631
0.84 0.85 16 429.234 201394.299244
0.84 0.85 17 452.064 235652.391904
0.84 0.85 18 475.336 262228.225104
0.84 0.85 19 483.905 233625.555975
0.85 0.86 0 78.35 5295.4655
0.85 0.86 1 164.646 28603.518684
0.85 0.86 2 188.259 39659.741919
0.85 0.86 3 173.373 30482.391871
0.85 0.86 4 162.834 28205.752444
0.85 0.86 5 194.236 37548.982304
0.85 0.86 6 182.478 34041.253516
0.85 0.86 7 215.638 46685.400956
0.85 0.86 8 218.865 55291.198775
0.85 0.86 9 266.724 80709.853824
0.85 0.86 10 285.706 99152.233564
0.85 0.86 11 308.352 109326.488096
0.85 0.86 12 345.573 127209.640671
0.85 0.86 13 369.149 134646.568799
0.85 0.86 14 380.782 160009.212476
0.85 0.86 15 421.075 187023.879375
0.85 0.86 16 430.196 213283.747584
0.85 0.86 17 462.133 257864.067311
0.85 0.86 18 511.123 265706.643871
0.85 0.86 19 532.798 304364.925196
0.86 0.87 0 79.547 6157.221791
0.86 0.87 1 159.937 25334.069031
0.86 0.87 2 166.058 31062.506636
0.86 0.87 3 140.716 20424.335344
0.86 0.87 4 119.695 16442.749975
0.86 0.87 5 119.051 15874.510399
0.86 0.87 6 148.606 22778.070764
0.86 0.87 7 160.547 30623.593791
0.86 0.87 8 195.287 42094.878631
0.86 0.87 9 226.834 51337.092444
0.86 0.87 10 243.657 61269.259351
0.86 0.87 11 272.329 77763.850759
0.86 0.87 12 272.91 100362.2939
0.86 0.87 13 308.684 112558.076144
0.86 0.87 14 326.206 115357.259564
0.86 0.87 15 352.588 144057.550256
0.86 0.87 16 363.48 136814.3076
0.86 0.87 17 396.698 160787.278796
0.86 0.87 18 435.796 215393.326384
0.86 0.87 19 440.889 242148.940679
0.87 0.88 0 80.636 6055.003504
0.87 0.88 1 160.866 30169.510044
0.87 0.88 2 161.746 26285.935484
0.87 0.88 3 150.021 21920.008559
0.87 0.88 4 127.429 16032.280959
0.87 0.88 5 110.011 12432.100879
0.87 0.88 6 96.166 9727.984444
0.87 0.88 7 103.615 11006.016775
0.87 0.88 8 115.444 13604.216864
0.87 0.88 9 119.1 16064.294
0.87 0.88 10 140.702 23183.751196
0.87 0.88 11 142.782 23372.866476
0.87 0.88 12 164.339 30081.212079
0.87 0.88 13 174.969 38239.076039
0.87 0.88 14 175.495 36749.881975
0.87 0.88 15 193.866 39895.028044
0.87 0.88 16 196.453 40535.557791
0.87 0.88 17 219.657 50808.221351
0.87 0.88 18 228.411 60591.842079
0.87 0.88 19 230.031 57700.746039
0.88 0.89 0 77.64 6042.3124
0.88 0.89 1 147.931 22583.060239
0.88 0.89 2 169.848 29991.964896
0.88 0.89 3 196.503 39601.403991
0.88 0.89 4 282.908 82867.897536
0.88 0.89 5 375.302 156153.658796
0.88 0.89 6 420.048 169978.385696
0.88 0.89 7 465.981 239142.102639
0.88 0.89 8 467.081 242901.250439
0.88 0.89 9 552.418 336876.539276
0.88 0.89 10 611.575 363730.558375
0.88 0.89 11 630.511 428668.251879
0.88 0.89 12 716.841 537858.813719
0.88 0.89 13 765.831 623109.058439
0.88 0.89 14 847.955 785113.294975
0.88 0.89 15 852.321 838110.937959
0.88 0.89 16 958.025 1063871.48037
0.88 0.89 17 1034.209 1098588.47332
0.88 0.89 18 1086.038 1384632.73456
0.88 0.89 19 1093.749 1293364.406
0.89 0.9 0 76.1 5054.884
0.89 0.9 1 145.659 22881.396719
0.89 0.9 2 165.614 28935.539004
0.89 0.9 3 172.462 34072.128556
0.89 0.9 4 237.201 61458.572599
0.89 0.9 5 255.639 65527.362679
0.89 0.9 6 323.497 114730.015991
0.89 0.9 7 338.657 114233.301351
0.89 0.9 8 365.876 141865.394624
0.89 0.9 9 364.522 142596.241516
0.89 0.9 10 414.245 168060.130975
0.89 0.9 11 430.443 225599.138751
0.89 0.9 12 500.321 258608.097959
0.89 0.9 13 517.302 308150.694796
0.89 0.9 14 585.43 344775.6911
0.89 0.9 15 569.639 352055.360679
0.89 0.9 16 640.109 422267.731119
0.89 0.9 17 682.067 513201.196511
0.89 0.9 18 674.748 429001.556496
0.89 0.9 19 739.211 596444.146479
0.9 0.91 0 75.707 5600.739151
0.9 0.91 1 140.636 20692.061504
0.9 0.91 2 169.8 31732.602
0.9 0.91 3 167.333 30315.306111
0.9 0.91 4 203.115 41020.531775
0.9 0.91 5 191.322 39628.708316
0.9 0.91 6 183.286 33623.816204
0.9 0.91 7 204.59 42772.3619
0.9 0.91 8 232.455 54105.607975
0.9 0.91 9 249.298 76953.201196
0.9 0.91 10 279.219 88475.485039
0.9 0.91 11 301.119 103738.844839
0.9 0.91 12 313.087 120089.257431
0.9 0.91 13 346.993 144942.506951
0.9 0.91 14 380.187 150553.770031
0.9 0.91 15 403.705 181818.225975
0.9 0.91 16 381.678 164159.158316
0.9 0.91 17 448.49 210207.9259
0.9 0.91 18 463.473 242943.733271
0.9 0.91 19 504.245 291667.818975
0.91 0.92 0 69.88 4757.5276
0.91 0.92 1 143.429 23271.444959
0.91 0.92 2 159.324 30359.001024
0.91 0.92 3 151.576 21306.508224
0.91 0.92 4 167.474 32177.421324
0.91 0.92 5 212.261 48209.578879
0.91 0.92 6 250.816 71765.308144
0.91 0.92 7 262.44 70799.5204
0.91 0.92 8 309.021 120604.140559
0.91 0.92 9 325.006 112546.889964
0.91 0.92 10 383.964 167748.442704
0.91 0.92 11 394.428 160866.414816
0.91 0.92 12 448.469 220177.809039
0.91 0.92 13 442.107 200825.171551
0.91 0.92 14 476.927 250549.577671
0.91 0.92 15 517.606 319336.682764
0.91 0.92 16 560.318 381677.432876
0.91 0.92 17 593.94 358997.0544
0.91 0.92 18 611.169 420883.564439
0.91 0.92 19 622.835 407225.977775
0.92 0.93 0 80.072 6422.546816
0.92 0.93 1 138.484 21010.359744
0.92 0.93 2 165.075 27445.359375
0.92 0.93 3 129.165 17032.337775
0.92 0.93 4 137.827 21181.877071
0.92 0.93 5 136.883 18401.221311
0.92 0.93 6 150.116 22427.114544
0.92 0.93 7 151.028 22807.785216
0.92 0.93 8 158.867 27968.421311
0.92 0.93 9 177.806 42663.024364
0.92 0.93 10 190.319 42410.855239
0.92 0.93 11 209.672 45442.694416
0.92 0.93 12 228.913 55521.605431
0.92 0.93 13 262.656 78984.597664
0.92 0.93 14 270.209 80867.569319
0.92 0.93 15 294.005 97524.000975
0.92 0.93 16 300.487 96054.969831
0.92 0.93 17 334.867 115296.323311
0.92 0.93 18 332.35 117104.8715
0.92 0.93 19 346.685 136009.225775
0.93 0.94 0 71.673 5199.864071
0.93 0.94 1 137.537 22212.714631
0.93 0.94 2 160.921 32924.682759
0.93 0.94 3 119.787 15848.159631
0.93 0.94 4 96.656 10703.511664
0.93 0.94 5 87.05 7553.1755
0.93 0.94 6 87.305 7671.969975
0.93 0.94 7 104.316 11856.236144
0.93 0.94 8 108.348 11816.704896
0.93 0.94 9 121.277 15882.760271
0.93 0.94 10 128.643 18637.705551
0.93 0.94 11 142.517 20399.555711
0.93 0.94 12 154.269 26635.916639
0.93 0.94 13 164.281 25864.038039
0.93 0.94 14 178.964 34554.312704
0.93 0.94 15 181.905 33684.035975
0.93 0.94 16 193.172 38254.908416
0.93 0.94 17 218.682 51793.156876
0.93 0.94 18 213.204 48731.336384
0.93 0.94 19 235.772 55445.152016
0.94 0.95 0 71.887 5843.152231
0.94 0.95 1 131.534 19302.106844
0.94 0.95 2 160.449 26206.683399
0.94 0.95 3 113.818 14414.378876
0.94 0.95 4 130.667 17063.980111
0.94 0.95 5 182.436 31715.475904
0.94 0.95 6 227.095 54311.859975
0.94 0.95 7 239.549 59858.179599
0.94 0.95 8 272.927 76727.063671
0.94 0.95 9 299.698 96062.416796
0.94 0.95 10 325.841 100484.881719
0.94 0.95 11 358.67 137186.6491
0.94 0.95 12 409.285 177741.301775
0.94 0.95 13 408.356 190861.883264
0.94 0.95 14 471.269 231956.392639
0.94 0.95 15 497.024 272973.983424
0.94 0.95 16 508.69 241495.5079
0.94 0.95 17 539.767 305842.620711
0.94 0.95 18 562.745 294072.725975
0.94 0.95 19 601.483 401061.411711
0.95 0.96 0 70.067 4496.890511
0.95 0.96 1 132.751 19519.966999
0.95 0.96 2 148.889 23810.262679
0.95 0.96 3 105.912 12328.908256
0.95 0.96 4 105.901 11385.769199
0.95 0.96 5 127.019 18074.110639
0.95 0.96 6 128.425 17720.316375
0.95 0.96 7 148.355 22866.142975
0.95 0.96 8 151.545 23131.781975
0.95 0.96 9 167.804 29447.723584
0.95 0.96 10 184.61 35290.7419
0.95 0.96 11 189.95 39227.9375
0.95 0.96 12 216.632 46870.772576
0.95 0.96 13 236.78 64514.7156
0.95 0.96 14 251.138 66776.164956
0.95 0.96 15 265.743 71931.984951
0.95 0.96 16 293.579 96168.099759
0.95 0.96 17 295.047 105001.318791
0.95 0.96 18 323.378 105379.973116
0.95 0.96 19 347.922 133127.461916
0.96 0.97 0 71.394 5548.880764
0.96 0.97 1 120.456 15058.962064
0.96 0.97 2 136.591 23288.199719
0.96 0.97 3 99.177 11978.245671
0.96 0.97 4 84.544 6827.066064
0.96 0.97 5 77.491 5477.817919
0.96 0.97 6 70.174 4774.471724
0.96 0.97 7 81.238 6143.881356
0.96 0.97 8 95.298 9802.807196
0.96 0.97 9 107.143 10042.298551
0.96 0.97 10 112.781 13852.919039
0.96 0.97 11 127.049 15705.258599
0.96 0.97 12 131.375 16924.118375
0.96 0.97 13 151.669 24416.535439
0.96 0.97 14 154.075 22727.705375
0.96 0.97 15 168.785 27106.228775
0.96 0.97 16 171.114 29099.099004
0.96 0.97 17 183.554 37471.705084
0.96 0.97 18 196.781 38514.849039
0.96 0.97 19 195.713 38971.494631
0.97 0.98 0 70.523 4561.965471
0.97 0.98 1 123.209 15212.911319
0.97 0.98 2 131.503 21011.925991
0.97 0.98 3 93.12 10630.5036
0.97 0.98 4 69.101 4158.488799
0.97 0.98 5 86.583 7349.887111
0.97 0.98 6 120.477 14035.073471
0.97 0.98 7 122.471 12669.313159
0.97 0.98 8 153.682 25290.886876
0.97 0.98 9 160.467 23455.124911
0.97 0.98 10 184.895 34295.803975
0.97 0.98 11 198.72 43403.7316
0.97 0.98 12 212.776 43428.739824
0.97 0.98 13 232.838 53380.217756
0.97 0.98 14 239.01 60324.1859
0.97 0.98 15 263.501 69928.011999
0.97 0.98 16 282.011 70244.772879
0.97 0.98 17 287.296 80912.544384
0.97 0.98 18 303.431 94453.151239
0.97 0.98 19 336.676 112940.403024
0.98 0.99 0 67.626 4154.410124
0.98 0.99 1 108.798 12304.781196
0.98 0.99 2 109.256 16653.462464
0.98 0.99 3 76.037 8156.489631
0.98 0.99 4 60.123 3444.911871
0.98 0.99 5 56.715 3069.281775
0.98 0.99 6 52.088 2278.602256
0.98 0.99 7 58.713 2836.512631
0.98 0.99 8 65.125 3539.445375
0.98 0.99 9 73.963 4647.461631
0.98 0.99 10 83.874 6333.802124
0.98 0.99 11 88.968 6987.054976
0.98 0.99 12 97.111 7416.868679
0.98 0.99 13 96.719 8434.592039
0.98 0.99 14 110.986 13245.529804
0.98 0.99 15 119.329 13818.144759
0.98 0.99 16 119.34 14246.6684
0.98 0.99 17 136.045 15278.346975
0.98 0.99 18 137.446 15874.085084
0.98 0.99 19 150.852 22500.172096
0.99 1.0 0 64.723 4035.448271
0.99 1.0 1 88.252 6940.360496
0.99 1.0 2 75.456 5731.532064
0.99 1.0 3 50.246 2367.817484
0.99 1.0 4 32.815 804.926775
0.99 1.0 5 24.431 331.707239
0.99 1.0 6 25.027 234.570271
0.99 1.0 7 26.301 305.862399
0.99 1.0 8 30.016 407.725744
0.99 1.0 9 33.66 530.1524
0.99 1.0 10 35.816 603.006144
0.99 1.0 11 38.768 762.580176
0.99 1.0 12 42.501 845.729999
0.99 1.0 13 43.938 856.786156
0.99 1.0 14 46.221 1102.728159
0.99 1.0 15 49.006 1058.761964
0.99 1.0 16 54.321 1449.373959
0.99 1.0 17 55.765 1492.271775
0.99 1.0 18 61.427 1894.860671
0.99 1.0 19 62.754 2086.263484
