0.0 0.01 0 102.191 9741.296519
0.0 0.01 1 81.446 7065.205084
0.0 0.01 2 75.249 5829.050999
0.0 0.01 3 54.803 2778.470191
0.0 0.01 4 46.581 1369.125439
0.0 0.01 5 43.037 1323.963631
0.0 0.01 6 43.518 1648.437676
0.0 0.01 7 42.178 1280.756316
0.0 0.01 8 40.837 1222.920431
0.0 0.01 9 42.98 1287.3096
0.0 0.01 10 45.075 1537.609375
0.0 0.01 11 46.463 1583.330631
0.0 0.01 12 53.061 2181.805279
0.0 0.01 13 51.632 1849.440576
0.0 0.01 14 57.087 2412.987431
0.0 0.01 15 61.063 3216.535031
0.0 0.01 16 62.386 2877.137004
0.0 0.01 17 67.769 3262.763639
0.0 0.01 18 72.682 4573.960876
0.0 0.01 19 74.471 3933.813159
0.01 0.02 0 102.221 10888.860159
0.01 0.02 1 89.786 8502.144204
0.01 0.02 2 95.794 10042.681564
0.01 0.02 3 164.824 51198.345024
0.01 0.02 4 140.558 29729.744636
0.01 0.02 5 159.014 34669.187804
0.01 0.02 6 52.132 2175.086576
0.01 0.02 7 55.441 2788.950519
0.01 0.02 8 56.714 3123.232204
0.01 0.02 9 63.066 3517.919644
0.01 0.02 10 62.452 4180.971696
0.01 0.02 11 67.019 4749.956639
0.01 0.02 12 74.96 5000.3024
0.01 0.02 13 74.512 5013.939856
0.01 0.02 14 80.342 6886.003036
0.01 0.02 15 82.74 7500.5524
0.01 0.02 16 88.82 8162.3936
0.01 0.02 17 88.04 7206.6184
0.01 0.02 18 92.078 8051.687916
0.01 0.02 19 96.044 7697.628064
0.02 0.03 0 100.371 8956.579359
0.02 0.03 1 92.428 8866.054816
0.02 0.03 2 111.565 13340.633775
0.02 0.03 3 217.502 75211.787996
0.02 0.03 4 281.998 112951.561996
0.02 0.03 5 59.585 2903.036775
0.02 0.03 6 56.651 2773.227199
0.02 0.03 7 61.683 3552.020511
0.02 0.03 8 61.506 4201.909964
0.02 0.03 9 70.008 4581.669936
0.02 0.03 10 75.083 4980.474111
0.02 0.03 11 76.906 5915.349164
0.02 0.03 12 85.732 7315.800176
0.02 0.03 13 84.233 6651.998711
0.02 0.03 14 94.99 8762.7479
0.02 0.03 15 94.386 8612.569004
0.02 0.03 16 97.461 8799.262479
0.02 0.03 17 104.128 9890.953616
0.02 0.03 18 104.45 10323.7955
0.02 0.03 19 105.97 9280.6771
0.03 0.04 0 95.68 8737.5816
0.03 0.04 1 95.997 10593.830991
0.03 0.04 2 136.225 20794.396375
0.03 0.04 3 122.209 16071.483319
0.03 0.04 4 126.538 16445.134556
0.03 0.04 5 73.03 5711.3471
0.03 0.04 6 67.409 4405.687719
0.03 0.04 7 61.102 3668.189596
0.03 0.04 8 63.691 4344.279519
0.03 0.04 9 64.426 4782.218524
0.03 0.04 10 65.496 4103.933984
0.03 0.04 11 67.986 4844.739804
0.03 0.04 12 73.047 5964.408791
0.03 0.04 13 76.381 6219.717839
0.03 0.04 14 76.905 5750.053975
0.03 0.04 15 84.646 7764.970684
0.03 0.04 16 88.874 7463.934124
0.03 0.04 17 87.077 6944.863071
0.03 0.04 18 94.776 8570.129824
0.03 0.04 19 96.837 7968.402431
0.04 0.05 0 102.302 10540.316796
0.04 0.05 1 103.984 11988.835744
0.04 0.05 2 136.295 22146.029975
0.04 0.05 3 213.944 58912.428864
0.04 0.05 4 93.001 9423.600999
0.04 0.05 5 65.353 3596.526391
0.04 0.05 6 55.6 2680.556
0.04 0.05 7 64.128 4335.829616
0.04 0.05 8 65.988 4032.649856
0.04 0.05 9 72.918 5380.289276
0.04 0.05 10 76.532 5654.840976
0.04 0.05 11 81.18 6927.7996
0.04 0.05 12 86.102 7216.541596
0.04 0.05 13 89.502 7519.147996
0.04 0.05 14 99.069 9703.332239
0.04 0.05 15 106.577 11101.092071
0.04 0.05 16 102.702 10135.903196
0.04 0.05 17 109.745 10888.241975
0.04 0.05 18 117.748 14230.300496
0.04 0.05 19 120.194 15544.180364
0.05 0.06 0 100.101 10704.462799
0.05 0.06 1 111.306 11640.898364
0.05 0.06 2 157.669 29859.183439
0.05 0.06 3 264.888 86747.115456
0.05 0.06 4 90.694 11421.114364
0.05 0.06 5 88.86 10971.1864
0.05 0.06 6 74.16 5966.1904
0.05 0.06 7 73.994 6351.609964
0.05 0.06 8 72.917 5862.262111
0.05 0.06 9 72.265 5736.060775
0.05 0.06 10 78.825 6443.204375
0.05 0.06 11 82.143 6476.840551
0.05 0.06 12 83.978 6398.227516
0.05 0.06 13 87.647 7682.452391
0.05 0.06 14 90.499 9596.379999
0.05 0.06 15 93.086 7882.566604
0.05 0.06 16 94.762 7711.591356
0.05 0.06 17 99.413 7940.812431
0.05 0.06 18 105.871 10107.488359
0.05 0.06 19 110.691 10345.865519
0.06 0.07 0 102.995 10222.962975
0.06 0.07 1 112.088 12876.670256
0.06 0.07 2 113.139 12340.811679
0.06 0.07 3 118.461 14868.996479
0.06 0.07 4 64.719 3865.088039
0.06 0.07 5 58.018 2884.233676
0.06 0.07 6 55.832 2781.737776
0.06 0.07 7 56.717 3211.238911
0.06 0.07 8 55.555 2900.612975
0.06 0.07 9 57.143 3295.082551
0.06 0.07 10 61.119 3832.918839
0.06 0.07 11 65.861 4319.533679
0.06 0.07 12 68.563 4505.416031
0.06 0.07 13 71.115 4565.931775
0.06 0.07 14 71.139 4464.023679
0.06 0.07 15 77.59 5293.0799
0.06 0.07 16 82.467 5740.188911
0.06 0.07 17 89.331 6514.767439
0.06 0.07 18 88.825 6972.354375
0.06 0.07 19 92.589 7551.564079
0.07 0.08 0 95.888 7931.225456
0.07 0.08 1 118.601 14038.921799
0.07 0.08 2 125.617 16425.946311
0.07 0.08 3 157.795 28529.882975
0.07 0.08 4 99.512 11188.257856
0.07 0.08 5 85.12 8202.8756
0.07 0.08 6 67.235 5016.909775
0.07 0.08 7 61.258 3824.639436
0.07 0.08 8 60.631 3416.130839
0.07 0.08 9 69.622 4511.829116
0.07 0.08 10 69.725 4477.161375
0.07 0.08 11 70.027 4439.378271
0.07 0.08 12 77.292 4771.642736
0.07 0.08 13 84.766 5998.775244
0.07 0.08 14 82.33 6330.5911
0.07 0.08 15 91.014 7872.489804
0.07 0.08 16 93.729 8016.257559
0.07 0.08 17 94.747 7742.548991
0.07 0.08 18 98.068 8863.553376
0.07 0.08 19 104.017 9525.182711
0.08 0.09 0 94.717 9121.218911
0.08 0.09 1 125.781 16553.851039
0.08 0.09 2 135.444 20716.198864
0.08 0.09 3 200.339 46108.370079
0.08 0.09 4 106.119 14879.776839
0.08 0.09 5 81.242 7292.667436
0.08 0.09 6 78.426 6241.352524
0.08 0.09 7 80.468 6877.232976
0.08 0.09 8 83.465 6406.654775
0.08 0.09 9 86.53 8845.2391
0.08 0.09 10 88.251 7481.069999
0.08 0.09 11 87.381 7814.259839
0.08 0.09 12 101.761 10509.791879
0.08 0.09 13 93.122 8466.743116
0.08 0.09 14 101.8 10784.738
0.08 0.09 15 113.993 14485.916951
0.08 0.09 16 118.479 16144.069559
0.08 0.09 17 130.197 17321.878191
0.08 0.09 18 130.807 17407.227751
0.08 0.09 19 141.388 19164.497456
0.09 0.1 0 103.545 10305.391975
0.09 0.1 1 124.751 16966.064999
0.09 0.1 2 144.213 23709.585631
0.09 0.1 3 86.478 6616.749516
0.09 0.1 4 67.418 3940.123276
0.09 0.1 5 59.782 2989.062476
0.09 0.1 6 60.311 3222.816279
0.09 0.1 7 61.201 3995.256599
0.09 0.1 8 71.469 5656.121039
0.09 0.1 9 71.864 4985.787504
0.09 0.1 10 80.015 6345.188775
0.09 0.1 11 84.052 7844.679296
0.09 0.1 12 92.817 8487.833511
0.09 0.1 13 93.247 10659.707991
0.09 0.1 14 109.045 12021.062975
0.09 0.1 15 114.636 15739.021504
0.09 0.1 16 120.692 16479.255136
0.09 0.1 17 132.245 23543.092975
0.09 0.1 18 142.241 23574.170919
0.09 0.1 19 141.79 27228.3139
0.1 0.11 0 101.776 9974.969824
0.1 0.11 1 124.437 15365.764031
0.1 0.11 2 174.359 34319.366119
0.1 0.11 3 100.609 11274.344119
0.1 0.11 4 91.089 8829.007079
0.1 0.11 5 68.098 4631.378396
0.1 0.11 6 67.645 4119.796975
0.1 0.11 7 62.859 3981.055119
0.1 0.11 8 69.87 5221.7851
0.1 0.11 9 70.401 4054.362199
0.1 0.11 10 75.559 4704.882519
0.1 0.11 11 72.287 4922.672631
0.1 0.11 12 78.253 5332.748991
0.1 0.11 13 83.271 6639.369559
0.1 0.11 14 87.938 6263.672156
0.1 0.11 15 89.299 7386.861599
0.1 0.11 16 94.528 7180.133216
0.1 0.11 17 102.142 10220.653836
0.1 0.11 18 101.392 8136.376336
0.1 0.11 19 105.558 8144.994636
0.11 0.12 0 95.287 8815.462631
0.11 0.12 1 134.639 20190.498679
0.11 0.12 2 163.897 34698.574391
0.11 0.12 3 122.787 15427.549631
0.11 0.12 4 104.219 10866.415039
0.11 0.12 5 86.94 7553.9584
0.11 0.12 6 67.747 4403.920991
0.11 0.12 7 63.415 3903.838775
0.11 0.12 8 66.32 4200.2216
0.11 0.12 9 69.809 4629.850519
0.11 0.12 10 72.769 4999.493639
0.11 0.12 11 83.452 5578.387696
0.11 0.12 12 76.943 5178.999751
0.11 0.12 13 86.308 6709.445136
0.11 0.12 14 86.253 5784.284991
0.11 0.12 15 91.399 6514.461799
0.11 0.12 16 94.637 7265.577231
0.11 0.12 17 101.596 8721.426784
0.11 0.12 18 103.665 8699.272775
0.11 0.12 19 103.838 8994.367756
0.12 0.13 0 97.688 9470.410656
0.12 0.13 1 119.9 14043.07
0.12 0.13 2 119.065 15402.366775
0.12 0.13 3 82.472 7082.879216
0.12 0.13 4 63.433 3857.723511
0.12 0.13 5 52.431 2426.497239
0.12 0.13 6 43.652 1497.700896
0.12 0.13 7 40.522 1181.635516
0.12 0.13 8 44.417 1595.679111
0.12 0.13 9 44.984 1554.163744
0.12 0.13 10 46.351 1574.359799
0.12 0.13 11 50.961 1837.317479
0.12 0.13 12 54.934 2381.275644
0.12 0.13 13 58.867 2420.379311
0.12 0.13 14 61.334 2665.652444
0.12 0.13 15 65.202 2982.409196
0.12 0.13 16 67.119 3208.068839
0.12 0.13 17 72.908 3678.815536
0.12 0.13 18 75.223 4214.869271
0.12 0.13 19 76.616 4380.838544
0.13 0.14 0 103.342 8708.655036
0.13 0.14 1 103.493 10372.309951
0.13 0.14 2 96.658 9708.535036
0.13 0.14 3 77.679 6446.697959
0.13 0.14 4 69.157 4871.674351
0.13 0.14 5 63.513 4648.383831
0.13 0.14 6 59.907 3327.986351
0.13 0.14 7 57.101 2897.084799
0.13 0.14 8 60.018 3639.129676
0.13 0.14 9 66.61 4523.2519
0.13 0.14 10 75.023 5946.798471
0.13 0.14 11 74.066 5265.329644
0.13 0.14 12 79.97 6619.2751
0.13 0.14 13 85.966 7563.874844
0.13 0.14 14 93.078 9635.393916
0.13 0.14 15 98.104 11324.597184
0.13 0.14 16 109.474 13041.197324
0.13 0.14 17 104.844 12907.005664
0.13 0.14 18 112.59 15475.5319
0.13 0.14 19 122.594 18066.825164
0.14 0.15 0 102.159 10551.439719
0.14 0.15 1 103.826 11760.227724
0.14 0.15 2 113.082 13780.447276
0.14 0.15 3 99.973 10595.362271
0.14 0.15 4 84.866 7165.424044
0.14 0.15 5 82.712 6760.565056
0.14 0.15 6 63.219 4450.691039
0.14 0.15 7 62.663 4088.077431
0.14 0.15 8 69.078 4951.475916
0.14 0.15 9 74.711 6172.959479
0.14 0.15 10 79.345 6116.655975
0.14 0.15 11 88.505 8734.517975
0.14 0.15 12 92.455 10119.651975
0.14 0.15 13 96.132 11226.880576
0.14 0.15 14 105.929 15246.401959
0.14 0.15 15 111.969 15114.988039
0.14 0.15 16 121.809 19234.296519
0.14 0.15 17 129.899 21708.016799
0.14 0.15 18 139.526 28409.819324
0.14 0.15 19 139.747 30448.982991
0.15 0.16 0 98.31 9380.5679
0.15 0.16 1 108.172 11550.050416
0.15 0.16 2 127.174 15929.665724
0.15 0.16 3 96.775 9943.488375
0.15 0.16 4 82.418 7372.033276
0.15 0.16 5 61.946 3177.347084
0.15 0.16 6 58.25 3185.1295
0.15 0.16 7 55.332 2843.567776
0.15 0.16 8 59.1 3119.06
0.15 0.16 9 60.509 2759.413919
0.15 0.16 10 68.236 4217.912304
0.15 0.16 11 67.767 4502.684711
0.15 0.16 12 75.578 5397.343916
0.15 0.16 13 78.246 5155.347484
0.15 0.16 14 87.08 7402.6976
0.15 0.16 15 93.258 8226.039436
0.15 0.16 16 99.289 9396.199479
0.15 0.16 17 103.925 9936.205375
0.15 0.16 18 114.791 14310.513319
0.15 0.16 19 118.93 15696.7991
0.16 0.17 0 100.575 9645.096375
0.16 0.17 1 106.007 11251.660951
0.16 0.17 2 137.337 21631.629431
0.16 0.17 3 96.266 9588.521244
0.16 0.17 4 85.474 8044.333324
0.16 0.17 5 69.941 5099.353519
0.16 0.17 6 64.341 4020.172719
0.16 0.17 7 69.5 4453.982
0.16 0.17 8 65.609 4325.294119
0.16 0.17 9 76.648 5827.014096
0.16 0.17 10 79.796 6534.244384
0.16 0.17 11 87.545 7582.581975
0.16 0.17 12 91.221 9041.780159
0.16 0.17 13 98.5 10904.24
0.16 0.17 14 108.572 13426.968816
0.16 0.17 15 116.187 15867.766031
0.16 0.17 16 128.052 18216.867296
0.16 0.17 17 130.686 18945.553404
0.16 0.17 18 153.365 28495.493775
0.16 0.17 19 155.24 28476.3544
0.17 0.18 0 104.501 11737.685999
0.17 0.18 1 106.234 11218.335244
0.17 0.18 2 144.856 20266.847264
0.17 0.18 3 106.405 11403.820975
0.17 0.18 4 86.004 7085.305984
0.17 0.18 5 78.684 6458.258144
0.17 0.18 6 69.871 5037.654359
0.17 0.18 7 76.578 5554.961916
0.17 0.18 8 74.674 6148.957724
0.17 0.18 9 88.318 8135.632876
0.17 0.18 10 93.637 9120.171231
0.17 0.18 11 98.821 11564.412959
0.17 0.18 12 105.161 12924.045079
0.17 0.18 13 117.551 16491.811399
0.17 0.18 14 119.758 16429.451436
0.17 0.18 15 125.764 18160.588304
0.17 0.18 16 129.712 19483.257056
0.17 0.18 17 156.718 30724.196476
0.17 0.18 18 168.829 38739.231759
0.17 0.18 19 172.79 44953.3719
0.18 0.19 0 106.4 10538.054
0.18 0.19 1 115.904 12853.570784
0.18 0.19 2 122.566 13698.737644
0.18 0.19 3 99.176 9942.365024
0.18 0.19 4 85.779 7051.260159
0.18 0.19 5 76.118 5513.030076
0.18 0.19 6 66.403 3757.258591
0.18 0.19 7 62.361 3213.264679
0.18 0.19 8 68.235 4428.833775
0.18 0.19 9 75.59 5431.8659
0.18 0.19 10 79.755 6442.762975
0.18 0.19 11 87.581 7386.213439
0.18 0.19 12 90.363 9285.141231
0.18 0.19 13 99.796 11180.298384
0.18 0.19 14 117.924 17643.528224
0.18 0.19 15 124.109 19028.047119
0.18 0.19 16 134.976 25434.751424
0.18 0.19 17 143.102 31875.253596
0.18 0.19 18 143.06 27453.8824
0.18 0.19 19 153.568 36622.269376
0.19 0.2 0 95.374 9474.140124
0.19 0.2 1 118.521 13764.037559
0.19 0.2 2 85.965 7655.401775
0.19 0.2 3 73.687 5846.987031
0.19 0.2 4 67.163 4057.260431
0.19 0.2 5 61.845 4158.858975
0.19 0.2 6 70.722 5544.938716
0.19 0.2 7 69.889 5493.648679
0.19 0.2 8 75.588 6265.226256
0.19 0.2 9 89.955 9116.742975
0.19 0.2 10 93.034 10998.578844
0.19 0.2 11 111.316 17410.834144
0.19 0.2 12 110.133 18763.185311
0.19 0.2 13 129.079 25453.558759
0.19 0.2 14 147.081 28593.954439
0.19 0.2 15 139.887 29572.344231
0.19 0.2 16 166.387 41532.877231
0.19 0.2 17 190.422 60939.817916
0.19 0.2 18 200.366 66979.268044
0.19 0.2 19 209.473 79249.703271
0.2 0.21 0 100.477 9782.285471
0.2 0.21 1 115.032 12803.682976
0.2 0.21 2 93.115 8072.857775
0.2 0.21 3 87.325 8385.769375
0.2 0.21 4 67.213 4259.853631
0.2 0.21 5 70.374 4640.718124
0.2 0.21 6 56.009 2808.842919
0.2 0.21 7 56.491 2719.369919
0.2 0.21 8 60.216 3205.681344
0.2 0.21 9 61.47 3307.2631
0.2 0.21 10 65.511 4032.391879
0.2 0.21 11 69.828 3996.976416
0.2 0.21 12 76.354 5425.368684
0.2 0.21 13 83.041 5778.165319
0.2 0.21 14 84.624 6031.180624
0.2 0.21 15 88.876 6621.248624
0.2 0.21 16 90.784 6468.947344
0.2 0.21 17 99.338 8251.085756
0.2 0.21 18 102.837 8510.124431
0.2 0.21 19 104.616 8942.464544
0.21 0.22 0 103.1 10845.926
0.21 0.22 1 120.42 15698.3516
0.21 0.22 2 100.537 10141.606631
0.21 0.22 3 92.719 7728.528039
0.21 0.22 4 78.14 6446.0224
0.21 0.22 5 72.422 5475.945916
0.21 0.22 6 69.149 4766.260799
0.21 0.22 7 67.357 4137.213551
0.21 0.22 8 69.512 4796.953856
0.21 0.22 9 72.93 4837.5271
0.21 0.22 10 80.298 7200.377196
0.21 0.22 11 88.908 7322.439536
0.21 0.22 12 93.782 8856.872476
0.21 0.22 13 104.616 10614.254544
0.21 0.22 14 105.12 12194.6996
0.21 0.22 15 117.179 18801.736959
0.21 0.22 16 121.101 16036.356799
0.21 0.22 17 130.324 18621.709024
0.21 0.22 18 136.887 21662.450231
0.21 0.22 19 144.297 26674.450791
0.22 0.23 0 102.432 10451.853376
0.22 0.23 1 126.515 14876.211775
0.22 0.23 2 105.705 11139.113975
0.22 0.23 3 91.09 8626.1539
0.22 0.23 4 76.831 5315.168439
0.22 0.23 5 63.374 3414.510124
0.22 0.23 6 54.914 2919.112604
0.22 0.23 7 59.461 3400.024479
0.22 0.23 8 59.598 3036.904396
0.22 0.23 9 70.101 4307.680799
0.22 0.23 10 69.093 3900.006351
0.22 0.23 11 71.578 4022.043916
0.22 0.23 12 78.429 4988.806959
0.22 0.23 13 88.493 6493.909951
0.22 0.23 14 88.62 7114.8816
0.22 0.23 15 92.458 7115.398236
0.22 0.23 16 100.413 8207.250431
0.22 0.23 17 98.348 7488.150896
0.22 0.23 18 100.953 7730.138791
0.22 0.23 19 110.604 9159.031184
0.23 0.24 0 103.304 11717.991584
0.23 0.24 1 122.098 15619.048396
0.23 0.24 2 111.732 12302.956176
0.23 0.24 3 112.029 12908.124159
0.23 0.24 4 94.303 9383.525191
0.23 0.24 5 66.06 4031.2644
0.23 0.24 6 59.544 2760.038064
0.23 0.24 7 61.718 3850.224476
0.23 0.24 8 58.335 2995.456775
0.23 0.24 9 60.159 2675.817719
0.23 0.24 10 67.598 3972.236396
0.23 0.24 11 66.913 3476.075431
0.23 0.24 12 73.075 4003.123375
0.23 0.24 13 78.644 4828.825264
0.23 0.24 14 80.609 5257.216119
0.23 0.24 15 83.226 5844.090924
0.23 0.24 16 88.908 6216.097536
0.23 0.24 17 93.771 6906.156559
0.23 0.24 18 98.656 7031.809664
0.23 0.24 19 102.895 7244.523975
0.24 0.25 0 97.611 9099.185679
0.24 0.25 1 123.835 13742.057775
0.24 0.25 2 126.225 15613.248375
0.24 0.25 3 109.218 13702.404476
0.24 0.25 4 105.084 12277.642944
0.24 0.25 5 82.746 6556.855484
0.24 0.25 6 59.933 3409.920511
0.24 0.25 7 56.838 2868.777756
0.24 0.25 8 59.781 3249.131039
0.24 0.25 9 59.097 3160.943591
0.24 0.25 10 66.512 3925.717856
0.24 0.25 11 63.8 3209.996
0.24 0.25 12 67.105 3790.353975
0.24 0.25 13 71.342 3812.145036
0.24 0.25 14 75.127 4104.440871
0.24 0.25 15 79.375 4829.502375
0.24 0.25 16 80.682 5026.238876
0.24 0.25 17 85.534 5540.120844
0.24 0.25 18 90.45 6664.5155
0.24 0.25 19 88.086 5693.804604
0.25 0.26 0 98.215 8669.066775
0.25 0.26 1 112.316 13358.582144
0.25 0.26 2 96.111 9794.342679
0.25 0.26 3 84.877 7379.689871
0.25 0.26 4 65.252 3887.000496
0.25 0.26 5 55.053 2668.230191
0.25 0.26 6 49.883 1944.045311
0.25 0.26 7 49.632 2317.072576
0.25 0.26 8 50.404 2056.734784
0.25 0.26 9 51.366 2178.018044
0.25 0.26 10 58.448 2782.837296
0.25 0.26 11 60.378 3177.185116
0.25 0.26 12 63.369 3098.396839
0.25 0.26 13 63.79 3009.1559
0.25 0.26 14 67.343 4197.415351
0.25 0.26 15 71.986 3959.389804
0.25 0.26 16 72.443 3861.706751
0.25 0.26 17 78.606 5492.806764
0.25 0.26 18 84.106 5441.514764
0.25 0.26 19 82.457 5379.284151
0.26 0.27 0 100.747 9362.758991
0.26 0.27 1 109.886 13360.331004
0.26 0.27 2 100.697 11756.473191
0.26 0.27 3 88.474 8052.309324
0.26 0.27 4 76.792 6316.722736
0.26 0.27 5 69.07 4741.8171
0.26 0.27 6 55.6 2631.38
0.26 0.27 7 59.409 3045.297719
0.26 0.27 8 64.572 4312.142816
0.26 0.27 9 64.988 4469.329856
0.26 0.27 10 67.412 4590.726256
0.26 0.27 11 76.197 5851.178191
0.26 0.27 12 78.392 6017.886336
0.26 0.27 13 92.185 8613.184775
0.26 0.27 14 93.5 9645.914
0.26 0.27 15 104.459 13729.784319
0.26 0.27 16 102.601 12302.155799
0.26 0.27 17 115.512 16909.195856
0.26 0.27 18 131.839 26255.811079
0.26 0.27 19 125.602 20393.637596
0.27 0.28 0 97.427 8873.902671
0.27 0.28 1 114.905 12160.607975
0.27 0.28 2 111.66 13001.4224
0.27 0.28 3 105.587 11075.414431
0.27 0.28 4 94.833 9729.771111
0.27 0.28 5 71.187 4890.938031
0.27 0.28 6 65.493 4065.487951
0.27 0.28 7 67.665 4377.546775
0.27 0.28 8 70.973 4597.900271
0.27 0.28 9 71.41 5559.4439
0.27 0.28 10 82.192 7816.783136
0.27 0.28 11 87.162 7872.373756
0.27 0.28 12 100.612 12245.565456
0.27 0.28 13 111.136 14558.687504
0.27 0.28 14 110.676 13708.777024
0.27 0.28 15 117.313 15397.323031
0.27 0.28 16 116.164 15883.031104
0.27 0.28 17 132.595 24761.262975
0.27 0.28 18 141.288 28763.857056
0.27 0.28 19 147.441 29160.546519
0.28 0.29 0 97.344 9825.717664
0.28 0.29 1 118.603 14416.953391
0.28 0.29 2 119.498 16738.427996
0.28 0.29 3 93.608 9456.250336
0.28 0.29 4 85.224 7402.733824
0.28 0.29 5 69.474 4910.143324
0.28 0.29 6 65.217 4173.851911
0.28 0.29 7 68.296 4738.566384
0.28 0.29 8 70.768 6000.530176
0.28 0.29 9 78.707 7881.145151
0.28 0.29 10 89.102 9670.951596
0.28 0.29 11 97.354 13856.524684
0.28 0.29 12 105.811 14440.861279
0.28 0.29 13 111.198 14696.262796
0.28 0.29 14 122.01 24062.8219
0.28 0.29 15 133.416 25747.086944
0.28 0.29 16 156.895 34202.711975
0.28 0.29 17 156.611 40842.879679
0.28 0.29 18 164.906 47836.683164
0.28 0.29 19 167.194 44480.188364
0.29 0.3 0 101.499 10070.659999
0.29 0.3 1 118.028 14785.723216
0.29 0.3 2 111.619 11989.003839
0.29 0.3 3 100.919 10414.100439
0.29 0.3 4 90.088 8046.756256
0.29 0.3 5 74.035 5209.107775
0.29 0.3 6 66.701 4475.093599
0.29 0.3 7 66.409 4509.979719
0.29 0.3 8 76.604 6497.721184
0.29 0.3 9 87.208 9222.708736
0.29 0.3 10 94.24 12265.3184
0.29 0.3 11 102.766 12973.607244
0.29 0.3 12 106.563 14692.194031
0.29 0.3 13 112.16 16037.9784
0.29 0.3 14 124.053 21931.540191
0.29 0.3 15 139.556 31946.016864
0.29 0.3 16 149.533 33400.412911
0.29 0.3 17 150.502 32894.423996
0.29 0.3 18 170.829 45592.171759
0.29 0.3 19 184.47 54526.5511
0.3 0.31 0 103.145 10578.163975
0.3 0.31 1 118.767 14844.402711
0.3 0.31 2 117.401 13338.244199
0.3 0.31 3 113.058 12991.552636
0.3 0.31 4 84.886 7157.745004
0.3 0.31 5 80.702 7095.799196
0.3 0.31 6 86.941 7804.229519
0.3 0.31 7 82.771 7527.206559
0.3 0.31 8 94.216 10237.901344
0.3 0.31 9 104.21 13689.5359
0.3 0.31 10 114.979 16112.454559
0.3 0.31 11 135.167 24900.815111
0.3 0.31 12 145.038 32125.754556
0.3 0.31 13 156.967 35643.761911
0.3 0.31 14 193.445 59476.356975
0.3 0.31 15 201.341 69349.858719
0.3 0.31 16 217.906 85623.661164
0.3 0.31 17 250.44 99065.6644
0.3 0.31 18 255.249 116589.830999
0.3 0.31 19 298.07 143762.1411
0.31 0.32 0 101.324 9846.829024
0.31 0.32 1 110.911 11888.203079
0.31 0.32 2 101.638 11690.252956
0.31 0.32 3 86.867 7584.121311
0.31 0.32 4 69.567 4460.233511
0.31 0.32 5 56.746 2859.271484
0.31 0.32 6 52.038 2480.542556
0.31 0.32 7 53.4 2509.47
0.31 0.32 8 55.364 3042.963504
0.31 0.32 9 61.683 3151.736511
0.31 0.32 10 67.01 4215.1859
0.31 0.32 11 71.241 5568.594919
0.31 0.32 12 79.425 6718.006375
0.31 0.32 13 81.851 6949.736799
0.31 0.32 14 86.668 8342.453776
0.31 0.32 15 93.073 9907.689671
0.31 0.32 16 98.179 11905.852959
0.31 0.32 17 111.829 14567.585759
0.31 0.32 18 120.402 20276.566396
0.31 0.32 19 119.537 18538.940631
0.32 0.33 0 102.677 9799.690671
0.32 0.33 1 113.574 12788.998524
0.32 0.33 2 99.831 11260.882439
0.32 0.33 3 93.412 9030.336256
0.32 0.33 4 68.826 4950.003724
0.32 0.33 5 71.036 5229.290704
0.32 0.33 6 60.795 3638.414975
0.32 0.33 7 62.022 3619.107516
0.32 0.33 8 71.38 4982.6356
0.32 0.33 9 77.865 6978.334775
0.32 0.33 10 84.931 7378.970239
0.32 0.33 11 93.763 10139.112831
0.32 0.33 12 94.994 10239.161964
0.32 0.33 13 113.427 15160.208671
0.32 0.33 14 132.909 25098.258719
0.32 0.33 15 138.894 25226.396764
0.32 0.33 16 150.6 32493.248
0.32 0.33 17 158.391 34482.490119
0.32 0.33 18 151.778 33248.602716
0.32 0.33 19 192.773 69976.905471
0.33 0.34 0 96.272 9700.516016
0.33 0.34 1 112.4 11737.908
0.33 0.34 2 104.073 10926.869671
0.33 0.34 3 92.95 9058.7895
0.33 0.34 4 75.926 5702.048524
0.33 0.34 5 69.451 5008.175599
0.33 0.34 6 66.974 4432.001324
0.33 0.34 7 75.824 6322.115024
0.33 0.34 8 86.543 8627.436151
0.33 0.34 9 94.317 11912.096511
0.33 0.34 10 107.748 17382.114496
0.33 0.34 11 117.506 18480.443964
0.33 0.34 12 132.522 22607.735516
0.33 0.34 13 146.558 31351.192636
0.33 0.34 14 162.641 41412.880119
0.33 0.34 15 176.157 47386.612351
0.33 0.34 16 180.984 53066.609744
0.33 0.34 17 200.052 64070.589296
0.33 0.34 18 230.179 93311.380959
0.33 0.34 19 226.65 93385.1775
0.34 0.35 0 98.384 9626.532544
0.34 0.35 1 110.008 11633.717936
0.34 0.35 2 108.149 11854.996799
0.34 0.35 3 88.749 7984.969999
0.34 0.35 4 78.817 5788.625511
0.34 0.35 5 70.526 4989.321324
0.34 0.35 6 66.294 4548.169564
0.34 0.35 7 71.122 5221.449116
0.34 0.35 8 79.261 7797.578879
0.34 0.35 9 89.13 9355.0691
0.34 0.35 10 94.941 11002.889519
0.34 0.35 11 104.227 13312.547471
0.34 0.35 12 115.837 20903.524431
0.34 0.35 13 123.022 20503.599516
0.34 0.35 14 139.724 28405.761824
0.34 0.35 15 158.233 36193.620711
0.34 0.35 16 156.513 36179.773831
0.34 0.35 17 192.313 71861.085031
0.34 0.35 18 201.598 62200.614396
0.34 0.35 19 211.039 79923.777479
0.35 0.36 0 100.424 9746.512224
0.35 0.36 1 119.282 13970.450476
0.35 0.36 2 106.933 11512.848511
0.35 0.36 3 93.583 9063.453111
0.35 0.36 4 85.714 6957.160204
0.35 0.36 5 81.795 7264.596975
0.35 0.36 6 81.876 8169.752624
0.35 0.36 7 82.195 7668.672975
0.35 0.36 8 90.083 10749.692111
0.35 0.36 9 102.352 15584.540096
0.35 0.36 10 107.539 15703.166479
0.35 0.36 11 128.658 25562.903036
0.35 0.36 12 142.812 34931.818656
0.35 0.36 13 167.211 42559.316479
0.35 0.36 14 184.199 51323.605399
0.35 0.36 15 202.826 77483.799724
0.35 0.36 16 207.38 83542.5556
0.35 0.36 17 244.257 99105.102951
0.35 0.36 18 254.881 105646.648839
0.35 0.36 19 272.674 143416.277724
0.36 0.37 0 102.416 9771.930944
0.36 0.37 1 123.399 15242.653799
0.36 0.37 2 118.129 13887.480359
0.36 0.37 3 101.099 10740.207199
0.36 0.37 4 87.105 7361.339975
0.36 0.37 5 83.037 6510.573631
0.36 0.37 6 72.371 5714.807359
0.36 0.37 7 85.721 9076.615159
0.36 0.37 8 95.347 12982.652591
0.36 0.37 9 106.627 16617.049871
0.36 0.37 10 122.832 22539.227776
0.36 0.37 11 132.469 28082.807039
0.36 0.37 12 149.397 30701.037391
0.36 0.37 13 163.712 52287.451056
0.36 0.37 14 178.975 57534.340375
0.36 0.37 15 218.966 92299.596844
0.36 0.37 16 240.563 108683.206031
0.36 0.37 17 250.281 122244.818039
0.36 0.37 18 266.008 138680.245936
0.36 0.37 19 276.217 161600.925911
0.37 0.38 0 101.943 9154.229751
0.37 0.38 1 113.557 12057.362751
0.37 0.38 2 106.931 11141.432239
0.37 0.38 3 86.354 8300.796684
0.37 0.38 4 77.041 4990.933319
0.37 0.38 5 69.234 4641.041244
0.37 0.38 6 62.609 3784.648119
0.37 0.38 7 59.944 3410.076864
0.37 0.38 8 63.811 4547.139279
0.37 0.38 9 72.03 6854.8371
0.37 0.38 10 77.905 7118.813975
0.37 0.38 11 84.575 9591.566375
0.37 0.38 12 98.483 14155.467711
0.37 0.38 13 105.481 16863.309639
0.37 0.38 14 118.586 24136.598604
0.37 0.38 15 117.96 22876.7624
0.37 0.38 16 122.817 24021.465511
0.37 0.38 17 157.412 40826.242256
0.37 0.38 18 157.345 47782.459975
0.37 0.38 19 169.929 50777.313959
0.38 0.39 0 99.727 8991.404471
0.38 0.39 1 111.194 13256.508364
0.38 0.39 2 94.096 8282.522784
0.38 0.39 3 84.947 6354.354191
0.38 0.39 4 71.758 5148.937436
0.38 0.39 5 71.538 5122.364556
0.38 0.39 6 75.509 6580.691919
0.38 0.39 7 72.004 5592.503984
0.38 0.39 8 89.152 9638.356896
0.38 0.39 9 92.676 12396.585024
0.38 0.39 10 110.251 20106.477999
0.38 0.39 11 115.903 19702.277591
0.38 0.39 12 135.009 30085.882919
0.38 0.39 13 146.184 40418.826144
0.38 0.39 14 165.259 50816.267919
0.38 0.39 15 171.967 59520.739911
0.38 0.39 16 196.988 76246.187856
0.38 0.39 17 211.745 91426.127975
0.38 0.39 18 242.956 130009.504064
0.38 0.39 19 224.42 104935.7396
0.39 0.4 0 96.667 9879.304111
0.39 0.4 1 109.093 11908.750351
0.39 0.4 2 102.72 10994.2836
0.39 0.4 3 87.276 7442.321824
0.39 0.4 4 80.833 6699.751111
0.39 0.4 5 77.65 6320.3215
0.39 0.4 6 73.23 6266.4311
0.39 0.4 7 77.464 7030.518704
0.39 0.4 8 87.405 10347.164975
0.39 0.4 9 96.185 13264.858775
0.39 0.4 10 110.011 20201.328879
0.39 0.4 11 117.199 22010.127399
0.39 0.4 12 141.489 32521.885879
0.39 0.4 13 153.359 40103.406119
0.39 0.4 14 190.209 58857.961319
0.39 0.4 15 187.815 72207.572775
0.39 0.4 16 219.043 95734.233151
0.39 0.4 17 227.94 110193.0284
0.39 0.4 18 241.453 132436.677791
0.39 0.4 19 265.326 160274.361724
0.4 0.41 0 100.595 10262.880975
0.4 0.41 1 107.637 10488.677231
0.4 0.41 2 101.413 10938.706431
0.4 0.41 3 81.662 6514.435756
0.4 0.41 4 74.07 4857.1371
0.4 0.41 5 59.96 3346.7304
0.4 0.41 6 55.273 2607.206471
0.4 0.41 7 53.394 2260.066764
0.4 0.41 8 59.641 3030.454119
0.4 0.41 9 62.892 3201.828336
0.4 0.41 10 68.829 4227.187759
0.4 0.41 11 76.14 4852.4544
0.4 0.41 12 77.969 5762.988039
0.4 0.41 13 79.833 5825.365111
0.4 0.41 14 92.878 7862.627116
0.4 0.41 15 92.536 6805.886704
0.4 0.41 16 95.668 10000.541776
0.4 0.41 17 104.379 10771.333359
0.4 0.41 18 114.926 13102.144524
0.4 0.41 19 123.09 15006.1519
0.41 0.42 0 100.049 10243.158599
0.41 0.42 1 111.655 13063.239975
0.41 0.42 2 101.457 11157.920151
0.41 0.42 3 88.571 7293.940959
0.41 0.42 4 72.144 4705.015264
0.41 0.42 5 63.114 3813.589004
0.41 0.42 6 59.938 3644.774156
0.41 0.42 7 58.806 3521.782364
0.41 0.42 8 71.265 5471.948775
0.41 0.42 9 74.689 6187.942279
0.41 0.42 10 81.168 7684.481776
0.41 0.42 11 93.798 11417.739196
0.41 0.42 12 106.882 13713.588076
0.41 0.42 13 116.788 19036.249056
0.41 0.42 14 127.209 21744.015319
0.41 0.42 15 134.413 23850.894431
0.41 0.42 16 140.773 28759.861471
0.41 0.42 17 150.451 31706.237599
0.41 0.42 18 157.042 35923.882236
0.41 0.42 19 177.442 47230.454636
0.42 0.43 0 102.992 9873.041936
0.42 0.43 1 110.391 12286.700119
0.42 0.43 2 108.358 12733.859836
0.42 0.43 3 87.915 7563.589775
0.42 0.43 4 71.65 5072.0275
0.42 0.43 5 70.994 5274.119964
0.42 0.43 6 62.509 3827.771919
0.42 0.43 7 74.89 6560.8419
0.42 0.43 8 77.601 7802.941799
0.42 0.43 9 84.297 8091.478791
0.42 0.43 10 96.603 10949.943391
0.42 0.43 11 101.954 14679.511884
0.42 0.43 12 116.472 19382.245216
0.42 0.43 13 128.142 21955.111836
0.42 0.43 14 140.744 29209.106464
0.42 0.43 15 161.63 41564.4111
0.42 0.43 16 169.384 48539.220544
0.42 0.43 17 183.977 63393.420471
0.42 0.43 18 190.514 67044.305804
0.42 0.43 19 206.541 81613.960319
0.43 0.44 0 97.384 9393.338544
0.43 0.44 1 111.772 10522.806016
0.43 0.44 2 104.23 10435.6211
0.43 0.44 3 92.344 9454.803664
0.43 0.44 4 71.162 5355.007756
0.43 0.44 5 64.733 3796.211711
0.43 0.44 6 63.145 4225.579975
0.43 0.44 7 59.203 3219.523791
0.43 0.44 8 68.357 4714.309551
0.43 0.44 9 72.472 6467.849216
0.43 0.44 10 79.094 7585.085164
0.43 0.44 11 84.279 8765.441159
0.43 0.44 12 95.201 10600.114599
0.43 0.44 13 104.045 15488.896975
0.43 0.44 14 115.509 16447.781919
0.43 0.44 15 128.288 27900.303056
0.43 0.44 16 138.674 31803.449724
0.43 0.44 17 156.971 38187.174159
0.43 0.44 18 163.309 41307.739519
0.43 0.44 19 176.804 48047.769584
0.44 0.45 0 101.865 11090.568775
0.44 0.45 1 115.914 12299.360604
0.44 0.45 2 102.69 11886.9199
0.44 0.45 3 91.916 8464.424944
0.44 0.45 4 73.867 4994.683311
0.44 0.45 5 64.761 4186.155879
0.44 0.45 6 65.625 4236.228375
0.44 0.45 7 68.487 5108.183831
0.44 0.45 8 74.12 6407.2696
0.44 0.45 9 92.878 11305.005116
0.44 0.45 10 105.838 15506.819756
0.44 0.45 11 110.689 20023.884279
0.44 0.45 12 130.792 26369.410736
0.44 0.45 13 149.331 39994.819439
0.44 0.45 14 169.122 55935.051116
0.44 0.45 15 186.764 66837.262304
0.44 0.45 16 182.958 64758.098236
0.44 0.45 17 229.801 107582.669399
0.44 0.45 18 246.948 113438.551296
0.44 0.45 19 275.536 154242.050704
0.45 0.46 0 97.317 9623.490511
0.45 0.46 1 111.748 14651.742496
0.45 0.46 2 94.783 8874.509911
0.45 0.46 3 87.802 8060.662796
0.45 0.46 4 73.113 5280.508231
0.45 0.46 5 57.685 3080.227775
0.45 0.46 6 51.495 2217.805975
0.45 0.46 7 52.315 2270.353775
0.45 0.46 8 55.918 2572.493276
0.45 0.46 9 59.715 3365.601775
0.45 0.46 10 60.532 2953.968976
0.45 0.46 11 66.027 3939.954271
0.45 0.46 12 68.139 3349.695679
0.45 0.46 13 72.254 4331.753484
0.45 0.46 14 80.326 5188.713724
0.45 0.46 15 86.204 6347.390384
0.45 0.46 16 95.501 7904.271999
0.45 0.46 17 92.627 7397.727871
0.45 0.46 18 99.551 8208.365399
0.45 0.46 19 103.2 8811.796
0.46 0.47 0 99.998 9554.899996
0.46 0.47 1 113.038 12393.368556
0.46 0.47 2 103.002 10609.007996
0.46 0.47 3 88.026 8022.353324
0.46 0.47 4 69.944 4947.806864
0.46 0.47 5 62.692 3681.501136
0.46 0.47 6 58.232 3566.020176
0.46 0.47 7 59.658 3181.073036
0.46 0.47 8 61.141 4278.701119
0.46 0.47 9 64.436 4235.581904
0.46 0.47 10 70.214 5352.974204
0.46 0.47 11 79.458 6101.584236
0.46 0.47 12 89.211 9243.934479
0.46 0.47 13 94.821 9800.178959
0.46 0.47 14 96.339 11001.320079
0.46 0.47 15 112.042 17373.426236
0.46 0.47 16 114.753 15718.191991
0.46 0.47 17 120.672 17695.582416
0.46 0.47 18 131.942 22500.658636
0.46 0.47 19 137.562 27637.990156
0.47 0.48 0 98.448 8641.631296
0.47 0.48 1 110.594 11949.345164
0.47 0.48 2 94.773 9112.985471
0.47 0.48 3 90.485 7793.553775
0.47 0.48 4 70.369 4599.094839
0.47 0.48 5 58.981 3328.688639
0.47 0.48 6 50.948 2347.717296
0.47 0.48 7 50.369 2286.414839
0.47 0.48 8 53.698 2710.790796
0.47 0.48 9 58.727 2982.664471
0.47 0.48 10 61.457 3179.820151
0.47 0.48 11 64.526 3273.973324
0.47 0.48 12 70.353 4258.672391
0.47 0.48 13 74.815 4715.388775
0.47 0.48 14 78.035 5196.553775
0.47 0.48 15 83.214 5401.028204
0.47 0.48 16 85.775 5667.808375
0.47 0.48 17 89.514 6240.881804
0.47 0.48 18 96.028 7167.631216
0.47 0.48 19 102.687 8402.659031
0.48 0.49 0 101.136 10270.729504
0.48 0.49 1 117.909 14323.296719
0.48 0.49 2 100.48 9263.0536
0.48 0.49 3 90.472 9066.167216
0.48 0.49 4 73.413 4941.664431
0.48 0.49 5 56.783 2736.431911
0.48 0.49 6 49.385 1904.464775
0.48 0.49 7 52.026 2172.289324
0.48 0.49 8 50.627 1807.773871
0.48 0.49 9 55.414 2410.370604
0.48 0.49 10 54.98 2138.3716
0.48 0.49 11 60.712 2850.075056
0.48 0.49 12 64.289 3549.057479
0.48 0.49 13 66.817 3303.263511
0.48 0.49 14 71.691 3786.399519
0.48 0.49 15 77.557 4982.022751
0.48 0.49 16 79.32 4507.3216
0.48 0.49 17 82.62 5200.7836
0.48 0.49 18 87.234 5685.865244
0.48 0.49 19 93.897 6703.004391
0.49 0.5 0 99.409 9248.689719
0.49 0.5 1 115.09 13310.7199
0.49 0.5 2 98.881 10083.880839
0.49 0.5 3 93.37 8938.5531
0.49 0.5 4 76.18 5537.8056
0.49 0.5 5 63.662 3587.801756
0.49 0.5 6 51.22 2403.3376
0.49 0.5 7 46.233 1601.616711
0.49 0.5 8 49.447 2049.095191
0.49 0.5 9 46.556 1820.766864
0.49 0.5 10 47.614 1591.203004
0.49 0.5 11 51.397 1799.583391
0.49 0.5 12 52.986 1873.083804
0.49 0.5 13 57.054 2323.589084
0.49 0.5 14 57.95 2150.1255
0.49 0.5 15 63.73 2616.1451
0.49 0.5 16 64.325 2540.349375
0.49 0.5 17 67.389 2853.697679
0.49 0.5 18 69.014 2857.333804
0.49 0.5 19 74.005 3526.118975
0.5 0.51 0 102.246 10387.059484
0.5 0.51 1 117.576 13701.728224
0.5 0.51 2 110.558 12417.600636
0.5 0.51 3 95.508 9312.723936
0.5 0.51 4 79.033 5852.353911
0.5 0.51 5 60.7 3284.128
0.5 0.51 6 50.939 2270.929279
0.5 0.51 7 44.729 1710.569559
0.5 0.51 8 46.12 1660.0356
0.5 0.51 9 48.546 1707.663884
0.5 0.51 10 51.803 2318.178191
0.5 0.51 11 52.928 1952.592816
0.5 0.51 12 53.517 2155.393711
0.5 0.51 13 55.23 2062.6031
0.5 0.51 14 61.716 2480.177344
0.5 0.51 15 61.496 2794.121984
0.5 0.51 16 65.357 2802.903551
0.5 0.51 17 68.87 3322.2951
0.5 0.51 18 71.519 3499.053639
0.5 0.51 19 70.98 3109.9376
0.51 0.52 0 94.415 9838.538775
0.51 0.52 1 111.39 13842.9719
0.51 0.52 2 104.882 11048.050076
0.51 0.52 3 90.858 8003.899836
0.51 0.52 4 77.105 6241.221975
0.51 0.52 5 58.799 3385.400599
0.51 0.52 6 48.342 1981.645036
0.51 0.52 7 48.677 2137.694671
0.51 0.52 8 50.063 2012.785031
0.51 0.52 9 51.859 2056.235119
0.51 0.52 10 58.63 2460.3991
0.51 0.52 11 59.357 2895.165551
0.51 0.52 12 63.232 3266.778176
0.51 0.52 13 65.988 3608.205856
0.51 0.52 14 70.831 3846.822439
0.51 0.52 15 76.018 4305.167676
0.51 0.52 16 78.399 4721.571799
0.51 0.52 17 85.21 5758.9979
0.51 0.52 18 85.862 5134.724956
0.51 0.52 19 88.43 4989.0771
0.52 0.53 0 103.364 11067.287504
0.52 0.53 1 113.404 14285.652784
0.52 0.53 2 99.633 10158.800311
0.52 0.53 3 90.525 8128.923375
0.52 0.53 4 74.204 5112.614384
0.52 0.53 5 58.767 3054.174711
0.52 0.53 6 53.33 2615.8811
0.52 0.53 7 52.586 2629.600604
0.52 0.53 8 52.309 2326.061519
0.52 0.53 9 57.972 2663.285216
0.52 0.53 10 60.976 3053.651424
0.52 0.53 11 65.299 3841.351599
0.52 0.53 12 74.903 5156.965591
0.52 0.53 13 77.995 5007.874975
0.52 0.53 14 80.836 5290.687104
0.52 0.53 15 86.962 7020.844556
0.52 0.53 16 88.771 6169.446559
0.52 0.53 17 93.51 7196.0219
0.52 0.53 18 97.415 7441.992775
0.52 0.53 19 95.701 8062.215599
0.53 0.54 0 99.533 11149.760911
0.53 0.54 1 115.489 13717.933879
0.53 0.54 2 103.689 10540.332279
0.53 0.54 3 90.405 9416.102975
0.53 0.54 4 70.899 5394.524799
0.53 0.54 5 62.056 3553.068864
0.53 0.54 6 57.844 3179.773664
0.53 0.54 7 62.132 4118.326576
0.53 0.54 8 60.321 3756.353959
0.53 0.54 9 67.061 4877.153279
0.53 0.54 10 67.791 5345.939319
0.53 0.54 11 75.858 6614.207836
0.53 0.54 12 80.178 7704.980316
0.53 0.54 13 93.387 9799.235231
0.53 0.54 14 102.025 12792.422375
0.53 0.54 15 106.163 14241.484431
0.53 0.54 16 106.475 13988.513375
0.53 0.54 17 123.871 20605.826359
0.53 0.54 18 132.302 26945.534796
0.53 0.54 19 140.792 30607.090736
0.54 0.55 0 105.366 11846.190044
0.54 0.55 1 109.741 11800.393919
0.54 0.55 2 103.488 9361.331856
0.54 0.55 3 91.577 8193.554071
0.54 0.55 4 67.122 4641.459116
0.54 0.55 5 58.55 3146.0835
0.54 0.55 6 54.189 2165.633279
0.54 0.55 7 50.422 2065.229916
0.54 0.55 8 54.631 2515.758839
0.54 0.55 9 58.388 2603.969456
0.54 0.55 10 62.92 3529.1916
0.54 0.55 11 65.267 3747.677711
0.54 0.55 12 70.311 3913.336279
0.54 0.55 13 79.782 4506.768476
0.54 0.55 14 77.896 4801.939184
0.54 0.55 15 85.739 6246.046879
0.54 0.55 16 90.452 6692.789696
0.54 0.55 17 96.754 7218.167484
0.54 0.55 18 97.353 7100.224391
0.54 0.55 19 103.074 7123.198524
0.55 0.56 0 99.983 10312.686711
0.55 0.56 1 110.348 12298.100896
0.55 0.56 2 96.123 8735.185871
0.55 0.56 3 95.682 8351.078876
0.55 0.56 4 73.257 5184.416951
0.55 0.56 5 63.634 3994.808044
0.55 0.56 6 66.176 4570.611024
0.55 0.56 7 69.642 5754.819836
0.55 0.56 8 83.034 8949.906844
0.55 0.56 9 92.386 13200.625004
0.55 0.56 10 109.073 19835.699671
0.55 0.56 11 114.854 19877.206684
0.55 0.56 12 130.806 25074.692364
0.55 0.56 13 154.375 39784.738375
0.55 0.56 14 167.743 53957.648951
0.55 0.56 15 182.613 68359.103231
0.55 0.56 16 217.734 105112.049244
0.55 0.56 17 234.87 113855.5751
0.55 0.56 18 260.169 148384.530439
0.55 0.56 19 263.291 148120.674319
0.56 0.57 0 101.417 10762.711111
0.56 0.57 1 111.792 12914.848736
0.56 0.57 2 104.479 11583.167559
0.56 0.57 3 88.621 7642.423359
0.56 0.57 4 73.305 5221.327975
0.56 0.57 5 64.457 3893.666151
0.56 0.57 6 61.782 4057.070476
0.56 0.57 7 63.622 4428.581116
0.56 0.57 8 66.253 4727.204991
0.56 0.57 9 73.551 5781.299399
0.56 0.57 10 80.739 8276.092879
0.56 0.57 11 90.157 9624.102351
0.56 0.57 12 92.809 12215.792519
0.56 0.57 13 106.329 16423.750759
0.56 0.57 14 124.213 25692.155631
0.56 0.57 15 128.327 25573.714071
0.56 0.57 16 129.117 26086.301311
0.56 0.57 17 160.022 39668.203516
0.56 0.57 18 163.119 48315.510839
0.56 0.57 19 181.866 60954.168044
0.57 0.58 0 103.757 11181.405951
0.57 0.58 1 111.608 13052.620336
0.57 0.58 2 100.114 10209.249004
0.57 0.58 3 93.195 8606.040975
0.57 0.58 4 71.931 5419.648239
0.57 0.58 5 66.978 4504.491516
0.57 0.58 6 64.634 4257.814044
0.57 0.58 7 63.971 4588.638159
0.57 0.58 8 78.59 7067.3719
0.57 0.58 9 88.88 9337.6616
0.57 0.58 10 94.099 11482.545199
0.57 0.58 11 106.33 15471.5871
0.57 0.58 12 127.729 23762.793559
0.57 0.58 13 137.574 27039.622524
0.57 0.58 14 163.782 43798.376476
0.57 0.58 15 154.255 38171.891975
0.57 0.58 16 177.915 48589.853775
0.57 0.58 17 183.748 60100.640496
0.57 0.58 18 206.802 77784.012796
0.57 0.58 19 204.475 80779.123375
0.58 0.59 0 98.657 9293.793351
0.58 0.59 1 113.861 14029.437679
0.58 0.59 2 103.171 9379.409759
0.58 0.59 3 81.667 6665.326111
0.58 0.59 4 71.257 5169.164951
0.58 0.59 5 60.091 2807.710719
0.58 0.59 6 60.065 4044.406775
0.58 0.59 7 65.724 4853.633824
0.58 0.59 8 68.708 4575.644736
0.58 0.59 9 75.008 6144.751936
0.58 0.59 10 85.707 8021.949151
0.58 0.59 11 89.548 8813.021696
0.58 0.59 12 96.519 11614.037639
0.58 0.59 13 111.13 17185.6591
0.58 0.59 14 130.223 25014.633271
0.58 0.59 15 132.332 26561.527776
0.58 0.59 16 145.996 29512.603984
0.58 0.59 17 143.337 27464.633431
0.58 0.59 18 161.26 40943.9804
0.58 0.59 19 187.754 56788.603484
0.59 0.6 0 101.833 11589.665111
0.59 0.6 1 112.223 13750.123271
0.59 0.6 2 97.404 9976.228784
0.59 0.6 3 92.009 8390.842919
0.59 0.6 4 73.034 5137.794844
0.59 0.6 5 63.901 3725.655199
0.59 0.6 6 60.532 3133.624976
0.59 0.6 7 51.871 2415.824359
0.59 0.6 8 59.655 3044.347975
0.59 0.6 9 60.863 3029.510231
0.59 0.6 10 64.34 3625.1344
0.59 0.6 11 69.297 4039.860791
0.59 0.6 12 78.514 5206.941804
0.59 0.6 13 84.943 6098.975751
0.59 0.6 14 87.794 6587.467564
0.59 0.6 15 95.158 8608.193036
0.59 0.6 16 103.138 9763.822956
0.59 0.6 17 107.269 10266.952639
0.59 0.6 18 110.695 11203.057975
0.59 0.6 19 116.909 11987.866719
0.6 0.61 0 98.018 9463.933676
0.6 0.61 1 115.144 12723.581264
0.6 0.61 2 103.912 11310.250256
0.6 0.61 3 88.853 8466.137391
0.6 0.61 4 81.758 6315.085436
0.6 0.61 5 73.991 5696.678919
0.6 0.61 6 71.208 5888.490736
0.6 0.61 7 79.103 6937.570391
0.6 0.61 8 86.162 10205.531756
0.6 0.61 9 100.915 13481.439775
0.6 0.61 10 107.443 19503.736751
0.6 0.61 11 133.781 29650.383039
0.6 0.61 12 142.828 36177.898416
0.6 0.61 13 161.107 44699.931551
0.6 0.61 14 179.238 68982.747356
0.6 0.61 15 196.36 67499.9464
0.6 0.61 16 218.649 92638.525799
0.6 0.61 17 239.181 113174.792239
0.6 0.61 18 247.347 137804.120591
0.6 0.61 19 261.006 162437.761964
0.61 0.62 0 97.447 9057.775191
0.61 0.62 1 107.946 11706.119084
0.61 0.62 2 100.195 9995.374975
0.61 0.62 3 82.045 6372.570975
0.61 0.62 4 75.987 5467.910831
0.61 0.62 5 71.657 5088.435351
0.61 0.62 6 71.795 5571.634975
0.61 0.62 7 72.493 6936.603951
0.61 0.62 8 90.515 10229.803775
0.61 0.62 9 99.552 13456.755296
0.61 0.62 10 111.653 20560.276591
0.61 0.62 11 120.466 22097.582844
0.61 0.62 12 134.236 34025.902304
0.61 0.62 13 156.45 45616.4095
0.61 0.62 14 166.657 48083.839351
0.61 0.62 15 191.89 77010.0639
0.61 0.62 16 207.854 85302.590684
0.61 0.62 17 237.936 116664.315904
0.61 0.62 18 255.293 147759.193151
0.61 0.62 19 272.614 165404.505004
0.62 0.63 0 98.793 9488.234151
0.62 0.63 1 114.636 12475.717504
0.62 0.63 2 104.262 10762.201356
0.62 0.63 3 88.527 8782.413271
0.62 0.63 4 74.643 5134.171551
0.62 0.63 5 65.584 4285.462944
0.62 0.63 6 64.14 3728.0484
0.62 0.63 7 60.045 3579.346975
0.62 0.63 8 64.867 4078.315311
0.62 0.63 9 68.951 5382.646599
0.62 0.63 10 74.953 7025.778791
0.62 0.63 11 96.68 13274.9376
0.62 0.63 12 97.485 13638.647775
0.62 0.63 13 101.659 14159.004719
0.62 0.63 14 106.929 16464.883959
0.62 0.63 15 129.685 26952.921775
0.62 0.63 16 130.07 28543.0151
0.62 0.63 17 146.398 40195.265596
0.62 0.63 18 157.094 43192.623164
0.62 0.63 19 155.61 46581.0179
0.63 0.64 0 101.709 9508.512319
0.63 0.64 1 110.735 11207.932775
0.63 0.64 2 110.5 12466.424
0.63 0.64 3 103.45 11798.9995
0.63 0.64 4 87.24 8117.7764
0.63 0.64 5 83.821 7464.492959
0.63 0.64 6 79.409 7789.871719
0.63 0.64 7 87.209 8764.797319
0.63 0.64 8 94.733 11304.679711
0.63 0.64 9 100.751 15749.776999
0.63 0.64 10 120.484 23715.625744
0.63 0.64 11 142.311 29521.536279
0.63 0.64 12 152.597 42804.556591
0.63 0.64 13 176.383 61618.770311
0.63 0.64 14 183.662 61809.873756
0.63 0.64 15 202.661 70773.396079
0.63 0.64 16 230.395 97623.172975
0.63 0.64 17 233.573 100523.776671
0.63 0.64 18 256.894 136035.746764
0.63 0.64 19 306.164 220195.515104
0.64 0.65 0 97.522 9430.993516
0.64 0.65 1 122.86 14447.8984
0.64 0.65 2 114.093 14548.346351
0.64 0.65 3 98.577 9400.778071
0.64 0.65 4 87.38 8080.3896
0.64 0.65 5 77.53 6624.1871
0.64 0.65 6 81.876 8171.462624
0.64 0.65 7 85.54 8905.0784
0.64 0.65 8 94.261 10682.002879
0.64 0.65 9 100.438 14436.568156
0.64 0.65 10 117.728 19334.266016
0.64 0.65 11 126.761 22645.035879
0.64 0.65 12 141.094 32635.229164
0.64 0.65 13 161.916 45171.182944
0.64 0.65 14 184.877 60183.669871
0.64 0.65 15 183.905 60440.587975
0.64 0.65 16 212.705 85344.835975
0.64 0.65 17 230.049 111754.968599
0.64 0.65 18 258.958 161510.362236
0.64 0.65 19 256.259 144337.973919
0.65 0.66 0 104.813 11113.868031
0.65 0.66 1 118.24 13513.9684
0.65 0.66 2 104.382 10569.732076
0.65 0.66 3 92.712 8525.029056
0.65 0.66 4 79.417 6157.489111
0.65 0.66 5 71.728 4737.782016
0.65 0.66 6 63.557 4231.148751
0.65 0.66 7 72.687 5097.063031
0.65 0.66 8 84.299 7791.591599
0.65 0.66 9 89.715 9612.563775
0.65 0.66 10 99.293 11963.881151
0.65 0.66 11 106.094 15367.853164
0.65 0.66 12 129.174 20567.025724
0.65 0.66 13 146.085 33545.607775
0.65 0.66 14 151.625 37115.232375
0.65 0.66 15 164.594 37341.577164
0.65 0.66 16 162.324 40293.807024
0.65 0.66 17 202.217 65691.095911
0.65 0.66 18 200.186 68691.813404
0.65 0.66 19 219.923 88730.957071
0.66 0.67 0 95.282 8490.374476
0.66 0.67 1 115.294 12867.049564
0.66 0.67 2 100.658 10411.427036
0.66 0.67 3 97.864 9449.903504
0.66 0.67 4 76.323 6077.460671
0.66 0.67 5 70.152 4909.746896
0.66 0.67 6 67.854 4648.204684
0.66 0.67 7 72.872 6625.597616
0.66 0.67 8 82.031 7701.038039
0.66 0.67 9 93.134 9369.488044
0.66 0.67 10 106.118 14334.822076
0.66 0.67 11 128.374 21258.992124
0.66 0.67 12 122.046 21751.537884
0.66 0.67 13 152.005 32249.616975
0.66 0.67 14 161.029 44193.358159
0.66 0.67 15 170.976 46032.073424
0.66 0.67 16 199.369 80582.534839
0.66 0.67 17 208.123 76792.319871
0.66 0.67 18 239.703 103938.918791
0.66 0.67 19 244.277 104642.680271
0.67 0.68 0 101.097 11111.833591
0.67 0.68 1 118.498 13999.703996
0.67 0.68 2 102.95 10241.3795
0.67 0.68 3 84.94 6896.4424
0.67 0.68 4 72.189 5729.029279
0.67 0.68 5 70.873 4812.992871
0.67 0.68 6 65.095 3980.351975
0.67 0.68 7 69.463 4656.656631
0.67 0.68 8 66.395 4361.024975
0.67 0.68 9 77.661 6352.182079
0.67 0.68 10 83.394 7928.874764
0.67 0.68 11 93.996 10531.717984
0.67 0.68 12 103.7 14152.886
0.67 0.68 13 106.206 15136.167564
0.67 0.68 14 125.404 21429.070784
0.67 0.68 15 138.243 28238.097951
0.67 0.68 16 148.207 29274.700151
0.67 0.68 17 158.054 33951.705084
0.67 0.68 18 171.48 42473.6196
0.67 0.68 19 186.131 48168.727839
0.68 0.69 0 101.961 10117.653479
0.68 0.69 1 119.968 15220.148976
0.68 0.69 2 104.981 10995.032639
0.68 0.69 3 88.259 7362.883919
0.68 0.69 4 68.697 4534.603191
0.68 0.69 5 54.758 2795.013436
0.68 0.69 6 50.156 2324.857664
0.68 0.69 7 54.294 2653.563564
0.68 0.69 8 56.525 2863.755375
0.68 0.69 9 61.848 3290.182896
0.68 0.69 10 67.211 4157.540479
0.68 0.69 11 72.804 5266.477584
0.68 0.69 12 75.384 5945.550544
0.68 0.69 13 87.108 7516.930336
0.68 0.69 14 94.501 8570.897999
0.68 0.69 15 100.777 10597.815271
0.68 0.69 16 101.031 10853.326039
0.68 0.69 17 107.795 15054.316975
0.68 0.69 18 122.793 15960.100151
0.68 0.69 19 128.336 22199.565104
0.69 0.7 0 96.286 9438.192204
0.69 0.7 1 113.648 12530.040096
0.69 0.7 2 111.67 12435.6651
0.69 0.7 3 109.688 12821.692656
0.69 0.7 4 84.063 7221.745031
0.69 0.7 5 84.619 8174.341839
0.69 0.7 6 83.358 7592.961836
0.69 0.7 7 85.487 8965.393831
0.69 0.7 8 92.429 11098.824959
0.69 0.7 9 99.042 13307.640236
0.69 0.7 10 124.636 20719.609504
0.69 0.7 11 131.814 25217.191404
0.69 0.7 12 143.09 29574.3779
0.69 0.7 13 159.848 39275.814896
0.69 0.7 14 172.064 42393.369904
0.69 0.7 15 191.146 66938.154684
0.69 0.7 16 211.43 70330.5471
0.69 0.7 17 234.409 83449.699719
0.69 0.7 18 267.046 130054.037884
0.69 0.7 19 266.906 119908.071164
0.7 0.71 0 100.082 10255.357276
0.7 0.71 1 116.518 11859.881676
0.7 0.71 2 102.46 11091.3284
0.7 0.71 3 102.65 10137.4115
0.7 0.71 4 91.127 9171.500871
0.7 0.71 5 72.902 5755.650396
0.7 0.71 6 67.623 5039.838871
0.7 0.71 7 74.865 5821.766775
0.7 0.71 8 78.241 7379.378919
0.7 0.71 9 85.768 10256.830176
0.7 0.71 10 95.116 10733.592544
0.7 0.71 11 108.955 15753.136975
0.7 0.71 12 114.288 18609.131056
0.7 0.71 13 126.824 23904.809024
0.7 0.71 14 141.198 35664.730796
0.7 0.71 15 147.569 39378.953239
0.7 0.71 16 150.75 36930.5655
0.7 0.71 17 177.989 51556.188879
0.7 0.71 18 191.278 67259.078716
0.7 0.71 19 184.15 59143.9195
0.71 0.72 0 99.479 9221.489559
0.71 0.72 1 115.556 11664.966864
0.71 0.72 2 110.156 11433.073664
0.71 0.72 3 101.366 9995.452044
0.71 0.72 4 84.792 6946.590736
0.71 0.72 5 65.471 4158.453159
0.71 0.72 6 62.769 4285.435639
0.71 0.72 7 66.657 5104.687351
0.71 0.72 8 77.585 6821.040775
0.71 0.72 9 81.667 7317.870111
0.71 0.72 10 87.056 9681.656864
0.71 0.72 11 109.2 17417.448
0.71 0.72 12 115.541 17116.498319
0.71 0.72 13 121.798 21770.571196
0.71 0.72 14 134.557 27826.058751
0.71 0.72 15 134.486 26568.915804
0.71 0.72 16 155.91 39746.9319
0.71 0.72 17 170.773 46602.587471
0.71 0.72 18 169.658 44986.179036
0.71 0.72 19 194.965 56492.853775
0.72 0.73 0 101.743 10116.528951
0.72 0.73 1 124.778 14568.682716
0.72 0.73 2 100.757 10677.721951
0.72 0.73 3 105.061 11920.839279
0.72 0.73 4 94.579 9337.505759
0.72 0.73 5 76.17 5525.7271
0.72 0.73 6 69.886 4608.161004
0.72 0.73 7 67.193 5005.479751
0.72 0.73 8 68.964 4707.052704
0.72 0.73 9 82.629 7511.405359
0.72 0.73 10 86.187 7867.658031
0.72 0.73 11 94.163 10060.694431
0.72 0.73 12 105.363 14343.039231
0.72 0.73 13 112.0 17818.574
0.72 0.73 14 122.886 20223.515004
0.72 0.73 15 127.443 25078.032751
0.72 0.73 16 134.818 25872.168876
0.72 0.73 17 149.584 37023.784944
0.72 0.73 18 167.121 53117.728359
0.72 0.73 19 166.109 39825.855119
0.73 0.74 0 101.109 9973.177119
0.73 0.74 1 107.092 11572.063536
0.73 0.74 2 104.912 11027.714256
0.73 0.74 3 89.483 8853.425711
0.73 0.74 4 78.4 6436.384
0.73 0.74 5 70.439 4498.972279
0.73 0.74 6 54.134 2500.904044
0.73 0.74 7 59.761 3584.763879
0.73 0.74 8 60.904 3478.492784
0.73 0.74 9 72.726 5616.406924
0.73 0.74 10 72.481 5690.941639
0.73 0.74 11 77.88 6717.1436
0.73 0.74 12 87.815 10863.516775
0.73 0.74 13 90.634 9837.128044
0.73 0.74 14 102.451 12712.145599
0.73 0.74 15 108.184 15109.790144
0.73 0.74 16 112.527 17098.977271
0.73 0.74 17 129.259 24225.065919
0.73 0.74 18 129.219 25251.189039
0.73 0.74 19 143.668 32365.433776
0.74 0.75 0 97.648 8983.628096
0.74 0.75 1 115.049 13423.350599
0.74 0.75 2 101.147 11000.707391
0.74 0.75 3 80.922 6351.433916
0.74 0.75 4 65.199 3876.539399
0.74 0.75 5 55.843 2993.020351
0.74 0.75 6 50.718 2422.826476
0.74 0.75 7 47.581 2010.541439
0.74 0.75 8 50.708 2212.176736
0.74 0.75 9 51.745 2585.415975
0.74 0.75 10 60.572 3815.134816
0.74 0.75 11 61.073 3428.419671
0.74 0.75 12 64.824 4277.531024
0.74 0.75 13 76.038 6522.390556
0.74 0.75 14 78.236 6538.592304
0.74 0.75 15 81.181 7371.558239
0.74 0.75 16 86.551 8600.065399
0.74 0.75 17 88.955 9006.906975
0.74 0.75 18 98.821 12752.336959
0.74 0.75 19 106.042 14945.712236
0.75 0.76 0 97.712 10006.053056
0.75 0.76 1 123.224 14460.235824
0.75 0.76 2 119.494 14239.393964
0.75 0.76 3 115.523 16357.257471
0.75 0.76 4 102.99 9570.8299
0.75 0.76 5 83.345 6616.285975
0.75 0.76 6 65.239 4229.253879
0.75 0.76 7 54.673 2626.372071
0.75 0.76 8 57.937 3067.623031
0.75 0.76 9 61.822 2703.610316
0.75 0.76 10 62.853 3454.283391
0.75 0.76 11 66.847 3669.529591
0.75 0.76 12 64.563 3682.546031
0.75 0.76 13 75.136 4590.241504
0.75 0.76 14 74.891 3762.095119
0.75 0.76 15 79.125 4364.399375
0.75 0.76 16 75.755 4443.544975
0.75 0.76 17 83.647 5190.808391
0.75 0.76 18 89.749 5978.519999
0.75 0.76 19 89.725 5937.647375
0.76 0.77 0 100.006 9404.015964
0.76 0.77 1 119.887 13407.588231
0.76 0.77 2 113.299 13133.207599
0.76 0.77 3 103.377 9715.454871
0.76 0.77 4 91.625 7604.608375
0.76 0.77 5 62.057 3613.953751
0.76 0.77 6 57.29 3007.8419
0.76 0.77 7 59.349 2805.313199
0.76 0.77 8 55.039 2400.289479
0.76 0.77 9 64.881 3336.526839
0.76 0.77 10 66.968 3542.632976
0.76 0.77 11 72.035 4646.537775
0.76 0.77 12 75.833 4277.653111
0.76 0.77 13 80.12 4880.8496
0.76 0.77 14 84.606 6212.930764
0.76 0.77 15 88.794 6394.007564
0.76 0.77 16 91.712 6378.889056
0.76 0.77 17 97.04 7332.6824
0.76 0.77 18 99.358 7243.871836
0.76 0.77 19 104.413 8670.698431
0.77 0.78 0 105.752 10917.130496
0.77 0.78 1 120.424 14175.874224
0.77 0.78 2 102.319 10479.093239
0.77 0.78 3 91.478 7465.847516
0.77 0.78 4 74.629 5910.065359
0.77 0.78 5 58.137 3221.428231
0.77 0.78 6 58.828 3119.394416
0.77 0.78 7 57.658 2935.623036
0.77 0.78 8 59.801 3080.557399
0.77 0.78 9 61.97 3356.3771
0.77 0.78 10 71.478 4239.995516
0.77 0.78 11 76.438 4911.244156
0.77 0.78 12 79.103 5362.702391
0.77 0.78 13 80.7 5320.142
0.77 0.78 14 86.023 6019.602471
0.77 0.78 15 86.099 5486.277199
0.77 0.78 16 98.542 8182.740236
0.77 0.78 17 95.802 7410.130796
0.77 0.78 18 103.764 8262.850304
0.77 0.78 19 107.004 8156.295984
0.78 0.79 0 96.809 8514.598519
0.78 0.79 1 121.276 14307.377824
0.78 0.79 2 95.805 9245.208975
0.78 0.79 3 96.204 9726.912384
0.78 0.79 4 79.378 6100.277116
0.78 0.79 5 73.604 5175.195184
0.78 0.79 6 70.347 5068.808591
0.78 0.79 7 73.284 5524.051344
0.78 0.79 8 69.476 4651.591424
0.78 0.79 9 74.088 5587.502256
0.78 0.79 10 79.875 6292.273375
0.78 0.79 11 85.29 8400.8879
0.78 0.79 12 92.932 8523.057376
0.78 0.79 13 107.062 13250.438156
0.78 0.79 14 103.788 12064.191056
0.78 0.79 15 116.868 15579.286576
0.78 0.79 16 122.05 20524.7275
0.78 0.79 17 132.942 25398.864636
0.78 0.79 18 142.719 24559.830039
0.78 0.79 19 150.146 26491.978684
0.79 0.8 0 99.587 9826.716431
0.79 0.8 1 114.452 14048.861696
0.79 0.8 2 87.942 7313.922636
0.79 0.8 3 87.056 7427.888864
0.79 0.8 4 70.887 4740.932231
0.79 0.8 5 67.005 3595.114975
0.79 0.8 6 53.933 2585.734511
0.79 0.8 7 57.741 3110.235919
0.79 0.8 8 58.246 3019.223484
0.79 0.8 9 59.958 2881.498236
0.79 0.8 10 67.139 3602.349679
0.79 0.8 11 70.92 4421.6116
0.79 0.8 12 75.957 4625.783151
0.79 0.8 13 76.95 4954.3175
0.79 0.8 14 81.506 5234.943964
0.79 0.8 15 88.584 6321.432944
0.79 0.8 16 94.16 7250.4184
0.79 0.8 17 97.866 8061.030044
0.79 0.8 18 98.811 7305.975279
0.79 0.8 19 103.444 8249.276864
0.8 0.81 0 93.694 8856.446364
0.8 0.81 1 116.024 13503.977424
0.8 0.81 2 88.791 8066.333319
0.8 0.81 3 71.605 5469.724975
0.8 0.81 4 63.11 3876.8739
0.8 0.81 5 61.489 3384.081879
0.8 0.81 6 66.421 4585.101759
0.8 0.81 7 72.939 6822.033279
0.8 0.81 8 83.251 7546.113999
0.8 0.81 9 91.582 9488.549276
0.8 0.81 10 106.681 13578.365239
0.8 0.81 11 112.085 16620.559775
0.8 0.81 12 123.007 21989.594951
0.8 0.81 13 136.68 27637.1996
0.8 0.81 14 145.416 30969.646944
0.8 0.81 15 173.737 50079.907831
0.8 0.81 16 185.404 62159.902784
0.8 0.81 17 195.772 63151.004016
0.8 0.81 18 207.051 79141.330399
0.8 0.81 19 213.391 90141.360119
0.81 0.82 0 95.571 8203.396959
0.81 0.82 1 114.218 12093.194476
0.81 0.82 2 123.596 15610.428784
0.81 0.82 3 98.592 11313.167536
0.81 0.82 4 82.636 6639.003504
0.81 0.82 5 73.483 4834.311711
0.81 0.82 6 68.542 4209.302236
0.81 0.82 7 66.35 4069.4375
0.81 0.82 8 65.02 3923.3196
0.81 0.82 9 72.088 5368.988256
0.81 0.82 10 77.466 5997.540844
0.81 0.82 11 84.757 6456.791951
0.81 0.82 12 89.235 8630.075775
0.81 0.82 13 98.816 12180.244144
0.81 0.82 14 111.426 15059.012524
0.81 0.82 15 117.41 19363.0859
0.81 0.82 16 133.21 25673.0999
0.81 0.82 17 145.833 29253.105111
0.81 0.82 18 146.729 32666.025559
0.81 0.82 19 153.925 34899.955375
0.82 0.83 0 98.907 9836.738351
0.82 0.83 1 108.41 13461.8939
0.82 0.83 2 139.177 20071.613671
0.82 0.83 3 108.714 13723.142204
0.82 0.83 4 87.411 7528.216079
0.82 0.83 5 80.801 6761.665399
0.82 0.83 6 67.772 4859.796016
0.82 0.83 7 77.634 6583.542044
0.82 0.83 8 76.702 5817.499196
0.82 0.83 9 86.545 8496.663975
0.82 0.83 10 93.19 10284.9559
0.82 0.83 11 103.566 13054.819644
0.82 0.83 12 114.546 16719.459884
0.82 0.83 13 122.307 16446.104751
0.82 0.83 14 125.552 20374.085296
0.82 0.83 15 141.818 29407.582876
0.82 0.83 16 149.817 32650.327511
0.82 0.83 17 159.098 36249.690396
0.82 0.83 18 174.234 43233.107244
0.82 0.83 19 175.676 49490.611024
0.83 0.84 0 102.685 11078.303775
0.83 0.84 1 105.179 10445.214959
0.83 0.84 2 129.39 16267.7319
0.83 0.84 3 94.566 8502.807644
0.83 0.84 4 85.913 7605.563431
0.83 0.84 5 64.704 3902.850384
0.83 0.84 6 65.008 4356.737936
0.83 0.84 7 66.026 4300.777324
0.83 0.84 8 67.484 4508.103744
0.83 0.84 9 71.557 5960.684751
0.83 0.84 10 81.431 7061.983239
0.83 0.84 11 92.941 9603.765519
0.83 0.84 12 92.914 9820.894604
0.83 0.84 13 102.949 9855.792399
0.83 0.84 14 116.977 15665.894471
0.83 0.84 15 123.263 18915.661831
0.83 0.84 16 128.803 20145.236191
0.83 0.84 17 129.381 17495.525839
0.83 0.84 18 147.42 28539.5576
0.83 0.84 19 151.094 29123.901164
0.84 0.85 0 101.994 10245.817964
0.84 0.85 1 105.409 11076.447719
0.84 0.85 2 122.348 14733.002896
0.84 0.85 3 91.338 8412.435756
0.84 0.85 4 83.395 7677.788975
0.84 0.85 5 60.495 3492.215975
0.84 0.85 6 54.923 2584.767071
0.84 0.85 7 53.146 2286.934684
0.84 0.85 8 58.677 3003.154671
0.84 0.85 9 63.425 3654.362375
0.84 0.85 10 66.647 3554.156391
0.84 0.85 11 74.152 4575.872896
0.84 0.85 12 79.96 6098.5784
0.84 0.85 13 83.947 6626.716191
0.84 0.85 14 91.98 7529.4156
0.84 0.85 15 93.222 7803.342716
0.84 0.85 16 96.667 8830.116111
0.84 0.85 17 106.679 11720.311959
0.84 0.85 18 109.458 12010.256236
0.84 0.85 19 119.089 14326.569079
0.85 0.86 0 102.225 10368.524375
0.85 0.86 1 103.963 11774.867631
0.85 0.86 2 115.827 14344.235071
0.85 0.86 3 98.023 11911.668471
0.85 0.86 4 87.028 7785.539216
0.85 0.86 5 82.281 6569.834039
0.85 0.86 6 61.631 3710.812839
0.85 0.86 7 64.496 4276.303984
0.85 0.86 8 73.426 6149.850524
0.85 0.86 9 82.927 9447.531671
0.85 0.86 10 86.324 8421.829024
0.85 0.86 11 91.322 10187.980316
0.85 0.86 12 96.739 11406.800879
0.85 0.86 13 108.116 15483.400544
0.85 0.86 14 118.604 21562.951184
0.85 0.86 15 117.933 19069.144511
0.85 0.86 16 137.17 28626.1431
0.85 0.86 17 146.588 33113.650256
0.85 0.86 18 163.077 45024.301071
0.85 0.86 19 156.408 38648.925536
0.86 0.87 0 100.993 9806.654951
0.86 0.87 1 99.438 9876.892156
0.86 0.87 2 99.047 10367.558791
0.86 0.87 3 81.12 6354.2776
0.86 0.87 4 71.422 5345.665916
0.86 0.87 5 65.544 4826.580064
0.86 0.87 6 63.542 4225.172236
0.86 0.87 7 61.965 3774.255775
0.86 0.87 8 67.54 5317.2184
0.86 0.87 9 71.326 5069.201724
0.86 0.87 10 76.897 6055.394391
0.86 0.87 11 83.698 7544.002796
0.86 0.87 12 91.061 9294.677279
0.86 0.87 13 95.42 10828.1576
0.86 0.87 14 104.807 12478.805751
0.86 0.87 15 102.425 13565.050375
0.86 0.87 16 112.707 17049.393151
0.86 0.87 17 123.756 20884.044464
0.86 0.87 18 133.749 27260.671999
0.86 0.87 19 139.675 30289.373375
0.87 0.88 0 96.864 8780.181504
0.87 0.88 1 114.047 12907.486791
0.87 0.88 2 125.545 15634.419975
0.87 0.88 3 84.6 7655.914
0.87 0.88 4 63.393 3380.092551
0.87 0.88 5 52.869 2867.587839
0.87 0.88 6 41.994 1269.367964
0.87 0.88 7 43.921 1462.470759
0.87 0.88 8 44.288 1431.707056
0.87 0.88 9 46.561 1760.196279
0.87 0.88 10 52.036 1978.400704
0.87 0.88 11 53.244 2136.686464
0.87 0.88 12 60.086 2801.094604
0.87 0.88 13 63.712 3619.181056
0.87 0.88 14 69.659 4614.062719
0.87 0.88 15 72.172 4637.634416
0.87 0.88 16 74.773 5414.887471
0.87 0.88 17 78.859 5673.079119
0.87 0.88 18 84.453 7536.461791
0.87 0.88 19 83.613 7610.059231
0.88 0.89 0 105.491 11039.503919
0.88 0.89 1 133.178 16506.152316
0.88 0.89 2 176.23 33261.9311
0.88 0.89 3 129.957 18050.601151
0.88 0.89 4 100.893 10339.275551
0.88 0.89 5 91.112 7773.159456
0.88 0.89 6 65.866 4364.124044
0.88 0.89 7 65.333 4590.200111
0.88 0.89 8 66.484 4629.083744
0.88 0.89 9 65.619 3779.709839
0.88 0.89 10 73.919 4877.548439
0.88 0.89 11 75.527 4898.497271
0.88 0.89 12 80.607 5654.480551
0.88 0.89 13 85.348 6657.806896
0.88 0.89 14 84.712 5909.331056
0.88 0.89 15 87.119 6394.140839
0.88 0.89 16 94.218 6575.226476
0.88 0.89 17 97.409 8028.521719
0.88 0.89 18 103.748 9748.426496
0.88 0.89 19 106.487 10306.365831
0.89 0.9 0 96.36 9295.1624
0.89 0.9 1 126.783 17505.785911
0.89 0.9 2 160.772 29442.542016
0.89 0.9 3 91.035 8405.535775
0.89 0.9 4 83.855 7255.115975
0.89 0.9 5 67.211 4534.246479
0.89 0.9 6 64.949 3831.322399
0.89 0.9 7 64.231 3859.781639
0.89 0.9 8 64.68 4042.1956
0.89 0.9 9 68.969 3926.110039
0.89 0.9 10 71.181 4254.944239
0.89 0.9 11 77.52 5513.8476
0.89 0.9 12 81.875 5976.471375
0.89 0.9 13 78.208 5042.256736
0.89 0.9 14 90.413 7772.572431
0.89 0.9 15 87.412 6384.406256
0.89 0.9 16 94.822 7130.278316
0.89 0.9 17 97.152 8687.272896
0.89 0.9 18 103.877 8301.213871
0.89 0.9 19 107.519 10055.731639
0.9 0.91 0 100.082 10143.941276
0.9 0.91 1 119.43 13517.9171
0.9 0.91 2 146.656 24822.229664
0.9 0.91 3 93.832 8272.131776
0.9 0.91 4 65.458 3758.424236
0.9 0.91 5 57.994 2811.563964
0.9 0.91 6 57.899 3046.670799
0.9 0.91 7 62.803 3736.172191
0.9 0.91 8 64.097 4457.149591
0.9 0.91 9 75.876 6008.344624
0.9 0.91 10 82.429 7321.804959
0.9 0.91 11 91.173 8312.845071
0.9 0.91 12 95.361 9570.130679
0.9 0.91 13 103.065 13831.896775
0.9 0.91 14 108.989 14427.414879
0.9 0.91 15 120.109 17640.541119
0.9 0.91 16 124.011 16854.168879
0.9 0.91 17 130.577 19787.240071
0.9 0.91 18 135.259 22146.177919
0.9 0.91 19 141.147 26746.651391
0.91 0.92 0 99.236 9744.260304
0.91 0.92 1 122.028 14424.743216
0.91 0.92 2 131.377 19700.326871
0.91 0.92 3 197.313 47346.595031
0.91 0.92 4 105.259 11742.057919
0.91 0.92 5 81.6 7454.804
0.91 0.92 6 77.961 8199.921479
0.91 0.92 7 71.924 5729.980224
0.91 0.92 8 79.07 6616.8611
0.91 0.92 9 85.76 7227.6064
0.91 0.92 10 87.491 7705.003919
0.91 0.92 11 93.638 8757.822956
0.91 0.92 12 91.044 8298.038064
0.91 0.92 13 106.301 12105.540399
0.91 0.92 14 107.065 13768.912775
0.91 0.92 15 115.713 14657.180631
0.91 0.92 16 115.721 15351.997159
0.91 0.92 17 135.012 16712.133856
0.91 0.92 18 136.212 19210.909056
0.91 0.92 19 144.887 24076.898231
0.92 0.93 0 102.653 12028.980591
0.92 0.93 1 117.419 14703.119439
0.92 0.93 2 117.999 15472.634999
0.92 0.93 3 146.022 25259.577516
0.92 0.93 4 98.776 11555.277824
0.92 0.93 5 85.797 7984.427791
0.92 0.93 6 69.57 4886.2111
0.92 0.93 7 60.185 3643.520775
0.92 0.93 8 61.216 3697.657344
0.92 0.93 9 65.818 4722.530876
0.92 0.93 10 68.084 4358.806944
0.92 0.93 11 69.225 4308.324375
0.92 0.93 12 70.302 4475.148796
0.92 0.93 13 78.005 6194.756975
0.92 0.93 14 86.669 7193.479439
0.92 0.93 15 90.584 7419.748944
0.92 0.93 16 90.517 7290.809711
0.92 0.93 17 98.527 7397.861271
0.92 0.93 18 99.613 8503.625231
0.92 0.93 19 100.795 8768.712975
0.93 0.94 0 104.182 10298.356876
0.93 0.94 1 112.645 13367.054975
0.93 0.94 2 115.981 13476.032639
0.93 0.94 3 116.453 13750.335791
0.93 0.94 4 68.443 4197.296751
0.93 0.94 5 58.624 3245.250624
0.93 0.94 6 53.547 3018.725791
0.93 0.94 7 53.66 2929.8244
0.93 0.94 8 54.515 2941.419775
0.93 0.94 9 60.43 3325.9431
0.93 0.94 10 64.3 4437.822
0.93 0.94 11 65.284 4651.859344
0.93 0.94 12 75.07 6635.0731
0.93 0.94 13 77.649 6675.205799
0.93 0.94 14 79.971 6213.168159
0.93 0.94 15 90.854 8984.538684
0.93 0.94 16 92.402 9522.554396
0.93 0.94 17 102.332 12953.751776
0.93 0.94 18 102.819 11976.340239
0.93 0.94 19 108.317 12472.452511
0.94 0.95 0 101.773 9572.981471
0.94 0.95 1 118.494 14542.765964
0.94 0.95 2 151.252 24969.256496
0.94 0.95 3 237.459 69433.018319
0.94 0.95 4 90.539 13050.326479
0.94 0.95 5 79.78 7639.8596
0.94 0.95 6 73.818 5921.106876
0.94 0.95 7 70.424 4495.190224
0.94 0.95 8 76.064 6207.877904
0.94 0.95 9 80.632 6634.548576
0.94 0.95 10 77.985 6533.390775
0.94 0.95 11 80.411 6473.312079
0.94 0.95 12 81.37 6182.2411
0.94 0.95 13 88.708 7540.574736
0.94 0.95 14 94.511 8672.367879
0.94 0.95 15 87.805 7224.552975
0.94 0.95 16 95.295 7281.579975
0.94 0.95 17 100.745 8609.125975
0.94 0.95 18 111.018 12264.899676
0.94 0.95 19 104.64 10657.5164
0.95 0.96 0 99.221 9960.966159
0.95 0.96 1 103.11 10945.0219
0.95 0.96 2 139.604 21215.071184
0.95 0.96 3 206.854 59768.874684
0.95 0.96 4 92.746 8362.083484
0.95 0.96 5 68.245 3781.918975
0.95 0.96 6 60.816 2963.268144
0.95 0.96 7 58.511 3157.477879
0.95 0.96 8 63.104 3939.297184
0.95 0.96 9 67.988 4627.647856
0.95 0.96 10 73.215 5382.676775
0.95 0.96 11 74.858 5323.949836
0.95 0.96 12 83.294 6705.559564
0.95 0.96 13 89.319 8399.351239
0.95 0.96 14 95.972 9489.651216
0.95 0.96 15 105.251 11391.391999
0.95 0.96 16 109.149 12268.056799
0.95 0.96 17 110.113 11781.020231
0.95 0.96 18 111.089 13306.559079
0.95 0.96 19 121.506 15212.403964
0.96 0.97 0 100.438 10273.990156
0.96 0.97 1 101.364 10854.957504
0.96 0.97 2 134.549 20932.071599
0.96 0.97 3 125.526 17393.825324
0.96 0.97 4 125.388 16232.829456
0.96 0.97 5 67.871 4848.404359
0.96 0.97 6 66.566 4460.021644
0.96 0.97 7 60.089 3767.431079
0.96 0.97 8 58.228 3609.058016
0.96 0.97 9 62.065 4287.238775
0.96 0.97 10 67.221 4595.650159
0.96 0.97 11 73.643 5684.133551
0.96 0.97 12 72.912 5591.716256
0.96 0.97 13 73.46 5113.7404
0.96 0.97 14 81.474 6457.479324
0.96 0.97 15 79.285 6509.065775
0.96 0.97 16 93.026 9338.643324
0.96 0.97 17 90.36 6960.4804
0.96 0.97 18 96.783 8354.433911
0.96 0.97 19 94.187 8293.144031
0.97 0.98 0 103.46 12719.3944
0.97 0.98 1 93.479 8940.313559
0.97 0.98 2 110.581 13974.169439
0.97 0.98 3 194.285 51672.197775
0.97 0.98 4 243.494 85982.989964
0.97 0.98 5 62.608 3318.970336
0.97 0.98 6 57.298 2850.733196
0.97 0.98 7 58.125 3090.933375
0.97 0.98 8 62.056 3764.284864
0.97 0.98 9 67.844 4511.181664
0.97 0.98 10 73.391 4991.916119
0.97 0.98 11 76.479 6055.281559
0.97 0.98 12 79.196 6281.973584
0.97 0.98 13 86.794 6968.233564
0.97 0.98 14 89.021 6907.344559
0.97 0.98 15 94.686 7562.931404
0.97 0.98 16 94.414 8474.378604
0.97 0.98 17 103.122 9750.657116
0.97 0.98 18 101.238 8554.115356
0.97 0.98 19 106.556 10404.198864
0.98 0.99 0 104.368 9943.682576
0.98 0.99 1 91.237 7635.780831
0.98 0.99 2 99.511 10312.963879
0.98 0.99 3 139.112 30614.095456
0.98 0.99 4 148.928 29864.120816
0.98 0.99 5 151.934 28581.865644
0.98 0.99 6 53.396 2591.211184
0.98 0.99 7 52.69 2744.3899
0.98 0.99 8 57.764 3056.054304
0.98 0.99 9 59.795 3499.546975
0.98 0.99 10 64.861 4179.763679
0.98 0.99 11 68.891 5296.267119
0.98 0.99 12 69.197 4527.412191
0.98 0.99 13 73.17 5813.9631
0.98 0.99 14 79.843 6589.758351
0.98 0.99 15 83.921 6710.760759
0.98 0.99 16 86.106 6587.570764
0.98 0.99 17 92.032 9294.156976
0.98 0.99 18 99.233 9244.446711
0.98 0.99 19 97.617 7804.332311
0.99 1.0 0 98.493 8979.431951
0.99 1.0 1 84.284 6829.223344
0.99 1.0 2 69.656 4777.817664
0.99 1.0 3 57.69 2660.4039
0.99 1.0 4 44.764 1362.478304
0.99 1.0 5 41.718 1165.106476
0.99 1.0 6 43.241 1446.830919
0.99 1.0 7 41.6 1144.802
0.99 1.0 8 41.343 1310.905351
0.99 1.0 9 44.402 1453.578396
0.99 1.0 10 44.93 1376.3051
0.99 1.0 11 47.279 1586.825159
0.99 1.0 12 50.481 2008.677639
0.99 1.0 13 55.121 2497.910359
0.99 1.0 14 59.817 2713.523511
0.99 1.0 15 61.604 3169.445184
0.99 1.0 16 64.823 3462.307671
0.99 1.0 17 67.717 3736.538911
0.99 1.0 18 69.895 3938.999975
0.99 1.0 19 77.013 4515.882831
