1001	4.265
1002	3.966
1003	3.889
1004	3.979
1005	4.005
1006	3.978
1007	3.955
1008	4.545
1009	4.845
1010	4.03
1011	3.873
1012	3.897
1013	4.139
1014	3.591
1015	3.689
1016	3.562
1017	3.544
1018	3.183
1019	3.077
1020	3.098
1021	3.227
1022	3.486
1023	3.551
1024	3.545
1025	3.685
1026	3.605
1027	3.895
1028	3.896
1029	3.651
1030	3.456
1031	3.34
1032	4.561
1033	3.994
1034	3.945
1035	4.264
1036	4.28
1037	3.934
1038	3.782
1039	3.874
1040	3.961
1041	3.973
1042	4.001
1043	4.616
1044	4.991
1045	4.966
1046	5.158
1047	5.434
1048	5.398
1049	5.56
1050	5.478
1051	4.88
1052	4.987
1053	4.979
1054	4.994
1055	4.926
1056	5.015
1057	4.921
1058	4.518
1059	4.159
1060	4.051
1061	4.392
1062	4.507
1063	4.111
1064	4.639
1065	4.727
1066	4.635
1067	4.425
1068	4.66
1069	4.453
1070	4.852
1071	5.148
1072	5.183
1073	5.153
1074	5.052
1075	4.774
1076	4.516
1077	4.341
1078	4.287
1079	4.109
1080	3.848
1081	4.031
1082	4.161
1083	4.282
1084	4.405
1085	4.495
1086	4.526
1087	4.441
1088	4.506
1089	4.506
1090	4.547
1091	4.255
1092	4.24
1093	4.228
1094	4.107
1095	4.108
1096	4.2
1097	4.284
1098	4.003
1099	3.703
1100	3.779
1101	3.933
1102	4.235
1103	3.945
1104	3.983
1105	3.944
1106	4.089
1107	3.825
1108	3.698
1109	3.776
1110	4.034
1111	4.03
1112	3.985
1113	3.84
1114	3.83
1115	4.282
1116	4.389
1117	4.774
1118	5.306
1119	5.109
1120	5.144
1121	5.322
1122	5.341
1123	4.339
1124	4.539
1125	4.508
1126	4.519
1127	4.679
1128	4.807
1129	4.511
1130	4.798
1131	4.988
1132	4.517
1133	4.361
1134	4.56
1135	4.827
1136	4.725
1137	4.464
1138	3.879
1139	4.183
1140	4.282
1141	4.561
1142	4.195
1143	4.27
1144	3.993
1145	4.173
1146	4.465
1147	4.479
1148	4.389
1149	4.422
1150	4.416
1151	4.09
1152	4.247
1153	4.247
1154	4.142
1155	4.168
1156	3.907
1157	3.967
1158	3.854
1159	3.839
1160	4.304
1161	3.824
1162	3.73
1163	4.23
1164	4.224
1165	3.952
1166	4.272
1167	4.036
1168	3.85
1169	4.209
1170	3.934
1171	4.004
1172	4.006
1173	3.827
1174	3.923
1175	4.057
1176	4.682
1177	4.767
1178	4.677
1179	4.639
1180	4.152
1181	3.962
1182	3.781
1183	4.32
1184	4.593
1185	4.481
1186	4.339
1187	4.491
1188	4.089
1189	4.371
1190	4.394
1191	4.516
1192	4.475
1193	4.374
1194	4.494
1195	4.885
1196	5.182
1197	5.339
1198	5.347
1199	5.067
1200	5.262
1201	4.911
1202	5.003
1203	5.098
1204	5.042
1205	4.984
1206	4.858
1207	4.657
1208	4.632
1209	4.785
1210	4.139
1211	4.124
1212	4.02
1213	4.109
1214	4.265
1215	4.066
1216	4.104
1217	4.509
1218	4.514
1219	4.645
1220	4.611
1221	4.396
1222	4.507
1223	4.562
1224	4.465
1225	4.451
1226	5.26
1227	5.249
1228	4.717
1229	4.561
1230	4.532
1231	4.401
1232	4.38
1233	4.244
1234	4.157
1235	4.171
1236	4.183
1237	4.568
1238	3.983
1239	3.982
1240	4.031
1241	3.977
1242	4.284
1243	3.873
1244	4.091
1245	3.646
1246	3.582
1247	3.6
1248	3.698
1249	3.758
1250	3.745
1251	3.851
1252	3.897
1253	3.985
1254	4.054
1255	4.009
1256	3.702
1257	4.051
1258	3.855
1259	3.892
1260	4.089
1261	4.257
1262	4.217
1263	3.963
1264	4.538
1265	4.366
1266	4.297
1267	4.22
1268	4.094
1269	4.063
1270	4.049
1271	3.727
1272	3.566
1273	3.659
1274	3.684
1275	3.747
1276	3.791
1277	3.747
1278	3.824
1279	3.805
1280	3.473
1281	3.554
1282	3.699
1283	3.541
1284	3.577
1285	3.483
1286	3.287
1287	3.766
1288	3.938
1289	4.17
1290	3.841
1291	4.152
1292	4.632
1293	4.504
1294	4.523
1295	4.821
1296	4.482
1297	4.498
1298	4.33
1299	4.249
1300	4.322
1301	4.173
1302	4.238
1303	4.109
1304	3.868
1305	3.663
1306	3.475
1307	3.528
1308	3.572
1309	3.925
1310	4.482
1311	4.679
1312	4.438
1313	4.352
1314	4.35
1315	4.571
1316	4.468
1317	4.196
1318	3.944
1319	3.914
1320	4.206
1321	4.719
1322	4.781
1323	5.157
1324	5.318
1325	5.018
1326	4.581
1327	3.841
1328	3.856
1329	3.926
1330	4.063
1331	3.889
1332	3.757
1333	3.606
1334	4.144
1335	4.255
1336	4.194
1337	4.167
1338	3.741
1339	3.704
1340	3.797
1341	3.826
1342	3.871
1343	4.094
1344	3.981
1345	4.161
1346	4.218
1347	4.147
1348	4.107
1349	4.004
1350	3.524
1351	3.702
1352	3.648
1353	3.91
1354	4.11
1355	4.148
1356	4.158
1357	4.074
1358	3.976
1359	3.912
1360	3.751
1361	4.007
1362	4.066
1363	3.927
1364	3.587
1365	3.737
1366	3.947
1367	3.482
1368	3.413
1369	3.349
1370	3.628
1371	3.643
1372	3.61
1373	3.434
1374	3.585
1375	3.917
1376	3.814
1377	3.895
1378	3.861
1379	3.927
1380	4.298
1381	4.117
1382	4.252
1383	4.276
1384	4.218
1385	4.105
1386	4.307
1387	4.209
1388	4.436
1389	4.313
1390	3.954
1391	3.845
1392	3.946
1393	3.678
1394	3.709
1395	3.75
1396	4.447
1397	4.424
1398	4.104
1399	4.08
1400	3.873
1401	3.964
1402	4.138
1403	4.269
1404	4.126
1405	4.195
1406	4.255
1407	4.307
1408	4.106
1409	4.288
1410	4.144
1411	4.201
1412	4.567
1413	4.507
1414	3.919
1415	3.953
1416	4.181
1417	4.308
1418	4.42
1419	3.997
1420	4.26
1421	4.33
1422	3.912
1423	3.813
1424	3.554
1425	3.603
1426	3.917
1427	3.933
1428	4.171
1429	4.322
1430	4.001
1431	3.959
1432	4.013
1433	4.312
1434	4.611
1435	4.738
1436	4.838
1437	4.826
1438	4.922
1439	4.564
1440	4.773
1441	4.73
1442	4.325
1443	4.328
1444	4.584
1445	4.587
1446	4.546
1447	4.386
1448	4.031
1449	4.094
1450	3.893
1451	4.257
1452	4.185
1453	4.479
1454	4.277
1455	4.196
1456	4.092
1457	4.49
1458	4.453
1459	4.425
1460	4.495
1461	4.509
1462	4.339
1463	4.295
1464	4.191
1465	4.335
1466	4.388
1467	4.563
1468	5.293
1469	4.922
1470	5.186
1471	5.406
1472	4.8
1473	4.488
1474	4.402
1475	4.413
1476	4.526
1477	4.441
1478	4.374
1479	3.969
1480	3.462
1481	3.401
1482	3.689
1483	3.763
1484	3.821
1485	3.819
1486	4.174
1487	4.201
1488	4.077
1489	4.259
1490	4.467
1491	4.439
1492	4.744
1493	4.63
1494	4.498
1495	4.58
1496	4.246
1497	4.591
1498	4.164
1499	4.098
1500	4.114
1501	4.295
1502	4.243
1503	4.387
1504	4.328
1505	4.544
1506	3.938
1507	3.449
1508	3.975
1509	3.9
1510	3.948
1511	3.949
1512	3.901
1513	3.782
1514	3.784
1515	3.848
1516	3.698
1517	3.404
1518	3.69
1519	3.907
1520	3.555
1521	3.519
1522	3.678
1523	3.684
1524	4.202
1525	4.236
1526	4.127
1527	4.271
1528	4.2
1529	4.04
1530	4.238
1531	4.134
1532	4.109
1533	4.236
1534	3.978
1535	3.864
1536	4.02
1537	4.066
1538	3.835
1539	3.684
1540	3.777
1541	4.378
1542	4.215
1543	4.008
1544	4.861
1545	4.761
1546	4.536
1547	4.912
1548	5.687
1549	5.36
1550	4.852
1551	4.839
1552	4.655
1553	4.736
1554	4.334
1555	4.689
1556	4.07
1557	4.677
1558	4.741
1559	4.744
1560	4.561
1561	4.286
1562	4.112
1563	4.523
1564	4.264
1565	4.425
1566	3.917
1567	4.085
1568	4.251
1569	4.227
1570	3.97
1571	3.961
1572	3.768
1573	4.017
1574	3.998
1575	4.074
1576	3.981
1577	4.036
1578	4.089
1579	4.333
1580	4.083
1581	3.988
1582	3.999
1583	4.539
1584	4.619
1585	4.717
1586	5.121
1587	4.657
1588	4.256
1589	4.405
1590	4.47
1591	4.469
1592	5.002
1593	4.869
1594	4.197
1595	4.314
1596	4.339
1597	4.033
1598	4.253
1599	4.11
1600	4.53
1601	4.858
1602	4.632
1603	4.79
1604	4.798
1605	4.764
1606	4.895
1607	4.903
1608	4.648
1609	4.511
1610	4.638
1611	3.951
1612	3.967
1613	4.018
1614	3.846
1615	3.953
1616	4.187
1617	4.093
1618	3.969
1619	4.593
1620	4.633
1621	4.347
1622	4.401
1623	4.266
1624	4.372
1625	4.453
1626	4.56
1627	4.427
1628	4.206
1629	4.138
1630	3.882
1631	3.804
1632	4.051
1633	3.915
1634	3.854
1635	3.978
1636	3.753
1637	3.597
1638	4.274
1639	4.314
1640	4.021
1641	4.375
1642	4.069
1643	3.913
1644	3.994
1645	4.267
1646	4.316
1647	4.75
1648	4.563
1649	4.444
1650	4.418
1651	4.419
1652	4.182
1653	4.807
1654	4.412
1655	4.48
1656	4.729
1657	4.619
1658	4.376
1659	4.187
1660	4.28
1661	4.267
1662	4.253
1663	4.311
1664	4.405
1665	4.819
1666	4.978
1667	4.688
1668	4.412
1669	4.312
1670	4.563
1671	4.074
1672	4.127
1673	4.231
1674	4.259
1675	4.527
1676	4.432
1677	4.572
1678	4.201
1679	3.961
1680	4.029
1681	4.169
1682	4.542
1683	4.343
1684	4.09
1685	4.059
1686	4.053
1687	4.142
1688	4.043
1689	4.336
1690	4.302
1691	4.793
1692	4.586
1693	4.007
1694	3.916
1695	4.011
1696	3.925
1697	4.167
1698	4.183
1699	4.638
1700	4.469
1701	4.408
1702	4.496
1703	4.562
1704	4.263
1705	4.294
1706	4.091
1707	4.438
1708	4.382
1709	4.387
1710	4.382
1711	4.006
1712	4.22
1713	4.473
1714	4.094
1715	4.085
1716	4.09
1717	3.514
1718	3.904
1719	4.307
1720	4.304
1721	4.278
1722	4.222
1723	4.615
1724	4.96
1725	4.278
1726	3.97
1727	4.039
1728	4.093
1729	4.115
1730	4.012
1731	4.14
1732	3.812
1733	3.698
1734	3.665
1735	3.709
1736	3.703
1737	3.765
1738	3.611
1739	3.688
1740	4.014
1741	4.114
1742	3.856
1743	3.988
1744	3.964
1745	4.152
1746	4.041
1747	3.949
1748	4.194
1749	4.256
1750	4.037
1751	4.347
1752	4.286
1753	4.233
1754	4.247
1755	3.991
1756	4.071
1757	4.153
1758	4.27
1759	4.497
1760	4.701
1761	4.741
1762	4.575
1763	4.649
1764	4.204
1765	4.193
1766	4.224
1767	4.14
1768	4.289
1769	4.303
1770	4.523
1771	3.989
1772	3.971
1773	4.377
1774	4.526
1775	4.745
1776	4.418
1777	3.996
1778	3.933
1779	4.051
1780	3.933
1781	4.225
1782	4.159
1783	4.012
1784	4.017
1785	4.058
1786	4.017
1787	4.091
1788	4.113
1789	4.08
1790	4.193
1791	4.166
1792	3.78
1793	3.611
1794	3.619
1795	3.645
1796	3.666
1797	3.632
1798	3.564
1799	3.938
1800	3.927
1801	3.971
1802	4.425
1803	4.517
1804	4.066
1805	3.989
1806	3.857
1807	3.805
1808	3.859
1809	3.753
1810	3.729
1811	3.77
1812	3.634
1813	3.609
1814	4.002
1815	4.001
1816	3.982
1817	3.982
1818	4.244
1819	4.316
1820	4.294
1821	4.513
1822	4.265
1823	4.321
1824	4.247
1825	4.28
1826	4.511
1827	4.201
1828	4.031
1829	3.974
1830	3.796
1831	3.805
1832	3.778
1833	3.97
1834	3.972
1835	3.891
1836	3.778
1837	3.788
1838	3.676
1839	3.538
1840	3.33
1841	3.832
1842	4.424
1843	3.944
1844	4.095
1845	4.42
1846	4.24
1847	4.184
1848	4.605
1849	4.751
1850	4.541
1851	4.194
1852	4.4
1853	4.24
1854	4.751
1855	4.62
1856	4.332
1857	3.998
1858	3.884
1859	3.911
1860	4.034
1861	4.245
1862	4.298
1863	4.185
1864	4.534
1865	4.552
1866	4.401
1867	4.417
1868	4.258
1869	3.957
1870	3.875
1871	3.903
1872	4.017
1873	4.017
1874	4.489
1875	4.733
1876	4.769
1877	3.792
1878	4.165
1879	4.46
1880	4.187
1881	3.878
1882	3.749
1883	3.881
1884	4.053
1885	4.085
1886	4.104
1887	4.51
1888	4.536
1889	4.441
1890	4.333
1891	4.209
1892	4.35
1893	4.803
1894	4.475
1895	4.64
1896	4.262
1897	4.254
1898	4.375
1899	4.415
1900	4.554
1901	4.511
1902	4.499
1903	4.504
1904	4.432
1905	4.387
1906	4.62
1907	4.743
1908	4.778
1909	5.257
1910	4.499
1911	4.588
1912	4.22
1913	4.3
1914	4.267
1915	4.512
1916	4.391
1917	4.366
1918	5.154
1919	4.916
1920	4.627
1921	4.475
1922	4.504
1923	4.574
1924	4.65
1925	4.064
1926	4.444
1927	4.222
1928	4.605
1929	4.638
1930	4.554
1931	4.293
1932	3.877
1933	3.44
1934	3.616
1935	3.633
1936	3.609
1937	3.787
1938	3.936
1939	3.812
1940	3.845
1941	3.845
1942	3.84
1943	3.439
1944	3.597
1945	3.703
1946	3.507
1947	3.21
1948	3.209
1949	3.572
1950	3.409
1951	3.635
1952	4.282
1953	4.206
1954	4.051
1955	3.749
1956	3.971
1957	4.352
1958	4.463
1959	3.864
1960	4.034
1961	3.927
1962	3.781
1963	4.295
1964	4.322
1965	4.268
1966	4.223
1967	4.238
1968	4.165
1969	4.167
1970	4.182
1971	4.13
1972	4.071
1973	4.123
1974	4.083
1975	4.476
1976	4.064
1977	4.158
1978	4.058
1979	3.616
1980	3.481
1981	3.572
1982	3.579
1983	3.679
1984	4.17
1985	4.308
1986	4.115
1987	4.05
1988	3.9
1989	4.188
1990	3.955
1991	3.867
1992	3.926
1993	3.644
1994	3.408
1995	3.494
1996	3.429
1997	3.661
1998	3.647
1999	3.41
2000	3.56
2001	3.674
2002	3.704
2003	3.956
2004	4.032
2005	3.985
2006	4.137
2007	4.264
2008	3.625
2009	3.72
2010	4.251
2011	4.443
2012	4.412
2013	4.584
2014	4.242
2015	4.224
2016	4.026
2017	4.317
2018	3.959
2019	4.042
2020	4.425
2021	4.357
2022	4.538
2023	4.502
2024	4.15
2025	4.348
2026	4.35
2027	4.171
2028	3.696
2029	4.003
2030	3.77
2031	3.904
2032	3.841
2033	4.121
2034	3.834
2035	4.055
2036	4.157
2037	4.94
2038	4.898
2039	4.908
2040	4.9
2041	4.942
2042	4.48
2043	4.737
2044	4.9
2045	5.028
2046	4.724
2047	4.762
2048	4.873
2049	4.54
2050	4.075
2051	4.121
2052	4.39
2053	3.878
2054	4.204
2055	4.293
2056	4.091
2057	4.208
2058	4.146
2059	4.321
2060	4.046
2061	4.103
2062	3.952
2063	3.9
2064	3.931
2065	4.01
2066	4.11
2067	4.221
2068	4.22
2069	4.102
2070	4.279
2071	4.211
2072	4.379
2073	4.586
2074	4.471
2075	4.474
2076	4.52
2077	4.549
2078	4.576
2079	4.171
2080	3.679
2081	4.041
2082	3.91
2083	4.201
2084	4.499
2085	4.541
2086	4.741
2087	4.863
2088	4.844
2089	4.891
2090	4.858
2091	4.73
2092	4.772
2093	4.958
2094	5.171
2095	5.148
2096	5.261
2097	4.804
2098	4.767
2099	4.155
2100	3.966
2101	3.881
2102	3.959
2103	4.025
2104	4.054
2105	4.065
2106	3.886
2107	4.136
2108	4.05
2109	4.198
2110	4.341
2111	4.441
2112	4.069
2113	4.112
2114	4.581
2115	4.644
2116	4.443
2117	4.512
2118	4.43
2119	4.577
2120	4.319
2121	4.087
2122	4.472
2123	4.683
2124	4.826
2125	4.71
2126	4.524
2127	4.563
2128	4.67
2129	4.663
2130	4.566
2131	4.757
2132	5.066
2133	5.07
2134	5.046
2135	4.925
2136	4.519
2137	4.342
2138	4.476
2139	3.94
2140	3.752
2141	3.726
2142	3.738
2143	3.771
2144	3.657
2145	3.802
2146	3.885
2147	4.056
2148	4.049
2149	4.126
2150	4.14
2151	4.498
2152	4.713
2153	4.856
2154	4.844
2155	5.119
2156	4.766
2157	4.819
2158	4.078
2159	4.38
2160	4.405
2161	4.223
2162	4.146
2163	4.832
2164	4.727
2165	4.325
2166	4.211
2167	4.13
2168	4.341
2169	4.612
2170	4.599
2171	4.252
2172	4.453
2173	4.514
2174	4.55
2175	4.173
2176	4.1
2177	3.805
2178	4.337
2179	4.521
2180	4.377
2181	4.572
2182	4.841
2183	5.011
2184	5.062
2185	4.947
2186	4.997
2187	4.546
2188	4.374
2189	3.888
2190	4.376
2191	4.462
2192	4.612
2193	3.889
2194	3.856
2195	4.019
2196	4.273
2197	4.58
2198	4.531
2199	4.071
2200	3.946
2201	4.012
2202	3.886
2203	4.477
2204	4.369
2205	4.679
2206	4.306
2207	4.353
2208	4.599
2209	4.606
2210	4.329
2211	4.221
2212	4.337
2213	4.279
2214	4.269
2215	4.285
2216	4.424
2217	4.042
2218	4.305
2219	4.318
2220	4.244
2221	4.026
2222	4.521
2223	4.773
2224	4.669
2225	4.543
2226	4.528
2227	4.792
2228	4.948
2229	4.553
2230	4.796
2231	4.3
2232	4.409
2233	4.318
2234	3.846
2235	3.883
2236	4.032
2237	3.985
2238	4.207
2239	4.042
2240	4.417
2241	4.888
2242	4.703
2243	5.009
2244	4.345
2245	4.848
2246	5.185
2247	4.669
2248	4.83
2249	4.87
2250	4.135
2251	4.011
2252	3.666
2253	3.686
2254	3.966
2255	3.84
2256	3.735
2257	3.937
2258	4.17
2259	4.098
2260	4.78
2261	4.735
2262	4.781
2263	4.534
2264	4.526
2265	4.535
2266	4.864
2267	5.15
2268	5.496
2269	5.4
2270	5.063
2271	5.093
2272	4.482
2273	4.396
2274	4.691
2275	4.401
2276	4.196
2277	3.963
2278	3.858
2279	3.526
2280	3.826
2281	3.957
2282	3.661
2283	3.71
2284	4.167
2285	4.266
2286	4.504
2287	4.439
2288	4.31
2289	4.174
2290	3.933
2291	3.913
2292	3.803
2293	3.96
2294	3.977
2295	3.95
2296	4.181
2297	4.224
2298	3.971
2299	4.173
2300	4.651
2301	5.108
2302	5.151
2303	5.239
2304	5.142
2305	4.287
2306	3.954
2307	3.947
2308	3.943
2309	3.488
2310	3.409
2311	3.602
2312	3.586
2313	3.644
2314	3.944
2315	3.992
2316	4.02
2317	3.848
2318	3.83
2319	3.823
2320	4.06
2321	4.059
2322	3.965
2323	4.023
2324	4.135
2325	4.605
2326	4.663
2327	4.874
2328	4.233
2329	4.557
2330	4.821
2331	4.861
2332	4.582
2333	4.53
2334	4.608
2335	4.299
2336	4.638
2337	4.421
2338	4.399
2339	4.594
2340	4.4
2341	4.42
2342	4.446
2343	4.704
2344	4.849
2345	4.61
2346	4.785
2347	4.682
2348	4.469
2349	4.615
2350	4.607
2351	4.453
2352	4.439
2353	4.472
2354	4.577
2355	4.399
2356	3.792
2357	3.97
2358	4.218
2359	4.293
2360	4.635
2361	4.689
2362	3.967
2363	4.568
2364	4.768
2365	4.633
2366	4.207
2367	4.109
2368	3.912
2369	3.966
2370	3.948
2371	3.98
2372	3.978
2373	4.239
2374	3.78
2375	3.857
2376	4.003
2377	3.534
2378	3.563
2379	3.872
2380	3.806
2381	3.811
2382	3.971
2383	4.509
2384	4.486
2385	4.192
2386	4.068
2387	3.983
2388	3.835
2389	4.004
2390	4.173
2391	4.335
2392	4.366
2393	4.244
2394	4.248
2395	4.473
2396	4.534
2397	4.479
2398	4.33
2399	4.31
2400	4.02
2401	3.773
2402	3.646
2403	3.695
2404	3.788
2405	3.751
2406	3.697
2407	3.705
2408	3.835
2409	4.049
2410	3.809
2411	3.879
2412	3.805
2413	3.695
2414	3.985
2415	4.05
2416	3.662
2417	3.833
2418	3.67
2419	3.975
2420	4.626
2421	4.445
2422	4.338
2423	4.101
2424	4.108
2425	4.128
2426	3.986
2427	3.901
2428	4.113
2429	4.188
2430	4.177
2431	4.126
2432	3.822
2433	3.963
2434	3.802
2435	4.122
2436	4.314
2437	3.887
2438	3.975
2439	3.966
2440	4.409
2441	4.25
2442	4.351
2443	4.354
2444	4.449
2445	4.495
2446	4.386
2447	4.746
2448	4.732
2449	4.846
2450	4.8
2451	4.799
2452	4.66
2453	4.718
2454	4.873
2455	4.727
2456	4.763
2457	5.212
2458	4.36
2459	4.59
2460	4.3
2461	4.257
2462	4.636
2463	3.991
2464	3.975
2465	4.008
2466	4.089
2467	4.707
2468	4.561
2469	4.053
2470	3.928
2471	3.723
2472	3.676
2473	3.97
2474	4.011
2475	4.028
2476	4.061
2477	3.998
2478	4.007
2479	4.288
2480	4.404
2481	4.59
2482	4.674
2483	4.645
2484	3.904
2485	3.938
2486	4.035
2487	4.146
2488	4.254
2489	4.227
2490	4.097
2491	4.049
2492	4.036
2493	3.766
2494	3.81
2495	4.101
2496	4.205
2497	4.089
2498	3.878
2499	4.231
2500	4.081
2501	4.228
2502	4.502
2503	4.421
2504	3.951
2505	4.104
2506	4.075
2507	4.102
2508	4.105
2509	4.217
2510	4.435
2511	3.968
2512	3.516
2513	4.109
2514	4.19
2515	4.195
2516	3.948
2517	3.877
2518	4.19
2519	3.892
2520	4.527
2521	4.15
2522	4.03
2523	4.202
2524	4.372
2525	4.383
2526	3.992
2527	3.711
2528	3.791
2529	3.673
2530	3.331
2531	3.572
2532	3.422
2533	3.627
2534	4.331
2535	4.26
2536	5.141
2537	5.039
2538	4.976
2539	5.243
2540	5.09
2541	5.499
2542	5.211
2543	5.058
2544	4.867
2545	4.648
2546	4.699
2547	4.58
2548	4.369
2549	4.299
2550	4.704
2551	4.375
2552	4.19
2553	4.3
2554	4.398
2555	4.128
2556	4.158
2557	4.217
2558	4.094
2559	4.022
2560	3.868
2561	3.995
2562	4.426
2563	4.751
2564	4.745
2565	4.88
2566	4.531
2567	4.682
2568	4.77
2569	4.759
2570	4.756
2571	5.046
2572	4.592
2573	4.541
2574	4.627
2575	5.017
2576	4.755
2577	4.769
2578	5.104
2579	4.98
2580	4.695
2581	4.686
2582	4.864
2583	5.015
2584	4.986
2585	4.624
2586	4.265
2587	4.261
2588	4.265
2589	4.584
2590	4.612
2591	4.426
2592	4.276
2593	4.548
2594	4.836
2595	4.256
2596	4.392
2597	4.351
2598	4.026
2599	3.78
2600	4.223
2601	3.905
2602	3.774
2603	3.855
2604	4.152
2605	4.464
2606	3.959
2607	3.591
2608	3.772
2609	3.743
2610	4.583
2611	4.507
2612	4.76
2613	4.848
2614	4.759
2615	4.741
2616	4.53
2617	4.6
2618	4.78
2619	4.877
2620	4.53
2621	4.759
2622	4.929
2623	4.653
2624	4.637
2625	4.261
2626	4.543
2627	4.208
2628	4.204
2629	4.093
2630	4.057
2631	4.024
2632	4.037
2633	3.524
2634	3.417
2635	3.448
2636	3.47
2637	3.723
2638	3.556
2639	3.581
2640	3.728
2641	3.752
2642	4.078
2643	3.962
2644	3.979
2645	3.921
2646	3.984
2647	4.479
2648	4.602
2649	4.444
2650	4.244
2651	4.1
2652	4.37
2653	4.476
2654	4.532
2655	4.822
2656	4.694
2657	4.383
2658	4.209
2659	3.922
2660	4.39
2661	4.265
2662	3.966
2663	3.698
2664	3.668
2665	3.852
2666	3.952
2667	4.108
2668	4.209
2669	4.294
2670	4.229
2671	4.052
2672	4.04
2673	4.08
2674	4.09
2675	3.906
2676	4.257
2677	4.272
2678	4.378
2679	4.449
2680	4.325
2681	4.469
2682	4.446
2683	4.323
2684	4.445
2685	3.854
2686	3.906
2687	4.253
2688	3.936
2689	4.032
2690	3.39
2691	3.705
2692	3.669
2693	4.056
2694	4.336
2695	4.348
2696	4.444
2697	4.434
2698	3.733
2699	3.378
2700	3.287
2701	3.485
2702	3.423
2703	3.413
2704	3.753
2705	3.887
2706	4.118
2707	4.483
2708	4.648
2709	5.002
2710	4.737
2711	4.773
2712	4.947
2713	4.755
2714	4.553
2715	4.56
2716	4.952
2717	4.512
2718	4.966
2719	4.894
2720	4.461
2721	4.002
2722	4.121
2723	4.107
2724	3.788
2725	4.123
2726	4.128
2727	3.797
2728	4.209
2729	4.162
2730	3.923
2731	4.096
2732	3.967
2733	3.829
2734	3.675
2735	3.78
2736	4.082
2737	4.039
2738	3.819
2739	3.797
2740	4.003
2741	4.058
2742	4.132
2743	4.711
2744	4.146
2745	4.055
2746	3.701
2747	3.6
2748	4.253
2749	3.923
2750	4.02
2751	4.135
2752	4.115
2753	4.479
2754	4.429
2755	4.5
2756	4.371
2757	4.163
2758	4.247
2759	4.073
2760	3.521
2761	3.995
2762	4.005
2763	3.991
2764	4.007
2765	4.245
2766	4.249
2767	4.09
2768	4.244
2769	4.241
2770	4.23
2771	3.94
2772	4.042
2773	4.224
2774	4.219
2775	4.198
2776	4.127
2777	4.072
2778	4.159
2779	4.404
2780	4.74
2781	4.627
2782	4.669
2783	4.855
2784	4.528
2785	4.227
2786	4.377
2787	3.964
2788	3.739
2789	3.645
2790	3.654
2791	3.694
2792	3.733
2793	3.848
2794	3.779
2795	3.786
2796	4.303
2797	4.386
2798	4.543
2799	4.304
2800	4.641
2801	4.721
2802	4.742
2803	4.424
2804	4.04
2805	4.072
2806	4.085
2807	3.918
2808	3.977
2809	4.007
2810	3.933
2811	3.912
2812	3.906
2813	4.178
2814	3.991
2815	3.571
2816	4.013
2817	3.975
2818	4.154
2819	4.275
2820	4.102
2821	4.42
2822	4.349
2823	4.304
2824	4.165
2825	4.242
2826	4.425
2827	4.443
2828	4.833
2829	4.732
2830	4.41
2831	4.379
2832	4.178
2833	4.242
2834	4.368
2835	4.416
2836	4.455
2837	4.509
2838	4.517
2839	4.531
2840	4.585
2841	4.814
2842	5.127
2843	4.79
2844	4.492
2845	5.289
2846	5.371
2847	5.346
2848	5.037
2849	5.306
2850	4.886
2851	4.773
2852	4.937
2853	5.586
2854	5.294
2855	4.998
2856	4.992
2857	4.356
2858	4.592
2859	5.179
2860	5.214
2861	5.455
2862	5.311
2863	5.215
2864	4.852
2865	5.127
2866	5.098
2867	4.687
2868	4.17
2869	4.186
2870	4.202
2871	4.191
2872	4.019
2873	3.941
2874	3.89
2875	3.891
2876	3.926
2877	3.932
2878	3.926
2879	3.778
2880	3.529
2881	3.941
2882	4.003
2883	4.298
2884	4.539
2885	4.494
2886	4.367
2887	4.054
2888	4.143
2889	3.998
2890	4.028
2891	4.43
2892	4.527
2893	4.622
2894	4.319
2895	4.241
2896	4.257
2897	3.997
2898	4.189
2899	4.417
2900	4.449
2901	4.429
2902	4.443
2903	3.666
2904	3.788
2905	3.509
2906	3.701
2907	3.675
2908	3.203
2909	3.189
2910	3.307
2911	3.353
2912	3.468
2913	3.461
2914	3.439
2915	3.696
2916	3.75
2917	4.084
2918	3.849
2919	3.802
2920	4.019
2921	3.99
2922	3.976
2923	4.06
2924	4.031
2925	3.936
2926	3.693
2927	4.051
2928	3.951
2929	4.142
2930	3.805
2931	4.072
2932	3.862
2933	3.824
2934	3.883
2935	3.903
2936	3.756
2937	4.004
2938	4.501
2939	4.777
2940	4.555
2941	4.96
2942	4.723
2943	4.816
2944	4.758
2945	4.808
2946	4.89
2947	5.046
2948	4.663
2949	5.02
2950	4.993
2951	4.934
2952	5.105
2953	5.484
2954	5.459
2955	5.434
2956	5.593
2957	5.938
2958	4.746
2959	4.718
2960	4.783
2961	4.659
2962	4.198
2963	4.034
2964	4.268
2965	4.263
2966	4.149
2967	4.344
2968	4.484
2969	4.612
2970	4.692
2971	4.664
2972	4.608
2973	4.478
2974	4.506
2975	4.104
2976	4.33
2977	4.302
2978	4.027
2979	4.222
2980	4.164
2981	4.403
2982	4.383
2983	4.338
2984	4.376
2985	4.307
2986	4.205
2987	4.269
2988	4.437
2989	4.791
2990	4.673
2991	4.497
2992	4.278
2993	4.421
2994	4.54
2995	4.22
2996	4.202
2997	3.949
2998	4.373
2999	4.649
3000	4.974
3001	5.36
3002	5.457
3003	6.002
3004	5.967
3005	5.882
3006	5.616
3007	5.082
3008	5.04
3009	5.388
3010	5.189
3011	4.75
3012	4.865
3013	4.936
3014	5.087
3015	5.222
3016	5.199
3017	5.391
3018	5.202
3019	5.207
3020	5.467
3021	4.897
3022	4.125
3023	4.198
3024	4.167
3025	4.314
3026	4.184
3027	4.185
3028	4.033
3029	4.833
3030	4.581
3031	4.392
3032	4.446
3033	4.165
3034	4.214
3035	4.19
3036	4.42
3037	4.16
3038	4.221
3039	3.923
3040	4.857
3041	4.688
3042	4.802
3043	4.394
3044	4.509
3045	4.5
3046	4.109
3047	4.231
3048	4.108
3049	4.439
3050	4.36
3051	3.956
3052	4.126
3053	4.083
3054	4.091
3055	4.067
3056	4.14
3057	4.074
3058	4.452
3059	4.281
3060	3.735
3061	3.866
3062	4.337
3063	4.922
3064	4.48
3065	4.668
3066	4.728
3067	4.837
3068	4.519
3069	4.682
3070	4.568
3071	4.484
3072	4.137
3073	4.224
3074	4.088
3075	4.079
3076	4.308
3077	4.27
3078	4.186
3079	4.486
3080	3.911
3081	3.949
3082	3.886
3083	3.98
3084	3.836
3085	4.001
3086	4.017
3087	4.52
3088	4.451
3089	4.406
3090	3.969
3091	4.183
3092	4.251
3093	4.316
3094	4.302
3095	4.252
3096	4.671
3097	5.031
3098	5.081
3099	4.924
3100	4.87
3101	4.843
3102	4.654
3103	4.669
3104	4.791
3105	4.768
3106	4.736
3107	4.173
3108	4.407
3109	4.42
3110	4.499
3111	4.596
3112	4.236
3113	4.409
3114	4.577
3115	4.788
3116	5.023
3117	4.331
3118	3.99
3119	3.843
3120	4.256
3121	4.113
3122	4.626
3123	4.023
3124	4.24
3125	4.237
3126	3.986
3127	3.755
3128	3.528
3129	3.482
3130	3.747
3131	3.939
3132	4.42
3133	4.238
3134	4.185
3135	4.043
3136	3.817
3137	3.923
3138	3.698
3139	3.539
3140	3.317
3141	3.614
3142	3.252
3143	3.448
3144	3.816
3145	3.779
3146	3.796
3147	3.85
3148	3.836
3149	4.134
3150	4.633
3151	4.688
3152	4.761
3153	5.014
3154	5.032
3155	4.655
3156	4.459
3157	4.421
3158	4.279
3159	4.495
3160	4.39
3161	4.018
3162	3.99
3163	3.919
3164	3.958
3165	3.897
3166	3.915
3167	3.87
3168	4.434
3169	5.043
3170	4.644
3171	4.706
3172	4.337
3173	4.29
3174	4.185
3175	4.395
3176	4.335
3177	5.238
3178	4.345
3179	4.319
3180	4.149
3181	4.19
3182	4.121
3183	3.896
3184	4.03
3185	4.364
3186	3.737
3187	3.798
3188	3.77
3189	3.863
3190	3.965
3191	4.114
3192	4.083
3193	4.191
3194	4.34
3195	4.098
3196	3.904
3197	3.759
3198	3.743
3199	3.611
3200	3.858
3201	3.955
3202	4.373
3203	4.158
3204	4.26
3205	4.76
3206	4.343
3207	4.278
3208	4.452
3209	4.424
3210	4.577
3211	4.529
3212	4.508
3213	4.345
3214	4.609
3215	4.177
3216	4.485
3217	5.071
3218	5.251
3219	5.303
3220	5.137
3221	5.297
3222	4.629
3223	4.898
3224	4.339
3225	4.209
3226	4.392
3227	4.403
3228	4.327
3229	4.315
3230	4.147
3231	4.142
3232	4.281
3233	4.447
3234	3.786
3235	3.818
3236	4.48
3237	4.539
3238	4.515
3239	4.558
3240	4.452
3241	4.48
3242	4.695
3243	4.836
3244	4.904
3245	4.735
3246	4.725
3247	4.46
3248	4.763
3249	4.657
3250	4.561
3251	4.439
3252	4.354
3253	4.708
3254	4.023
3255	3.646
3256	4.24
3257	4.142
3258	3.834
3259	4.433
3260	4.512
3261	4.414
3262	4.416
3263	4.578
3264	4.844
3265	4.356
3266	3.701
3267	3.719
3268	3.905
3269	3.985
3270	3.81
3271	4.01
3272	4.368
3273	4.257
3274	4.198
3275	4.338
3276	4.329
3277	4.289
3278	4.304
3279	4.431
3280	4.137
3281	3.968
3282	3.886
3283	3.417
3284	3.374
3285	3.722
3286	3.822
3287	3.978
3288	3.923
3289	3.985
3290	4.213
3291	4.201
3292	4.578
3293	4.836
3294	4.806
3295	4.739
3296	4.652
3297	4.29
3298	4.153
3299	3.971
3300	3.954
3301	3.972
3302	3.896
3303	3.832
3304	3.978
3305	3.961
3306	3.929
3307	4.693
3308	4.647
3309	4.451
3310	4.516
3311	4.441
3312	4.298
3313	3.916
3314	3.839
3315	3.973
3316	4.289
3317	4.345
3318	4.468
3319	4.362
3320	4.711
3321	4.602
3322	4.847
3323	5.16
3324	5.16
3325	5.068
3326	4.389
3327	3.896
3328	3.866
3329	3.88
3330	3.865
3331	4.481
3332	4.478
3333	3.863
3334	3.682
3335	3.705
3336	3.586
3337	3.842
3338	4.084
3339	4.095
3340	4.089
3341	4.59
3342	4.401
3343	4.331
3344	4.243
3345	4.275
3346	4.177
3347	4.159
3348	3.873
3349	3.525
3350	3.485
3351	3.469
3352	3.487
3353	3.414
3354	3.342
3355	3.432
3356	3.159
3357	3.065
3358	3.162
3359	4.006
3360	3.95
3361	4.004
3362	4.507
3363	4.954
3364	5.179
3365	5.232
3366	4.79
3367	4.814
3368	4.436
3369	4.404
3370	4.327
3371	4.368
3372	4.271
3373	4.091
3374	3.977
3375	3.87
3376	4.118
3377	4.273
3378	4.447
3379	4.142
3380	4.321
3381	4.709
3382	4.737
3383	4.369
3384	4.062
3385	4.054
3386	4.094
3387	3.976
3388	3.896
3389	3.946
3390	3.655
3391	3.432
3392	3.465
3393	3.489
3394	3.722
3395	3.612
3396	3.711
3397	3.523
3398	3.535
3399	3.503
3400	3.732
3401	3.811
3402	3.915
3403	3.543
3404	3.619
3405	3.855
3406	4.018
3407	3.728
3408	3.654
3409	3.875
3410	4.005
3411	4.73
3412	4.773
3413	4.375
3414	4.177
3415	4.273
3416	4.15
3417	4.533
3418	4.356
3419	4.07
3420	4.458
3421	4.174
3422	3.835
3423	4.212
3424	4.391
3425	4.446
3426	4.475
3427	4.797
3428	4.619
3429	4.508
3430	4.479
3431	4.545
3432	4.571
3433	4.582
3434	4.259
3435	4.157
3436	3.966
3437	4.922
3438	4.878
3439	4.88
3440	4.686
3441	4.816
3442	4.991
3443	5.311
3444	5.168
3445	4.674
3446	4.913
3447	4.708
3448	5.438
3449	5.474
3450	5.015
3451	4.522
3452	4.568
3453	3.854
3454	3.88
3455	4.021
3456	3.987
3457	4.111
3458	3.841
3459	3.861
3460	4.065
3461	4.266
3462	4.144
3463	3.977
3464	4.244
3465	5.312
3466	5.416
3467	5.275
3468	5.13
3469	4.507
3470	4.649
3471	4.745
3472	4.558
3473	4.732
3474	5.324
3475	4.93
3476	4.902
3477	4.803
3478	4.443
3479	4.035
3480	4.099
3481	4.026
3482	4.032
3483	3.705
3484	3.764
3485	3.804
3486	3.839
3487	3.857
3488	4.104
3489	4.803
3490	4.91
3491	4.203
3492	3.875
3493	4.333
3494	4.261
3495	4.103
3496	4.015
3497	3.98
3498	4.078
3499	4.103
3500	3.999
3501	4.141
3502	4.049
3503	3.737
3504	3.7
3505	3.787
3506	4.053
3507	4.1
3508	4.212
3509	4.252
3510	3.883
3511	3.642
3512	3.897
3513	3.956
3514	3.942
3515	4.049
3516	4.072
3517	4.43
3518	4.451
3519	4.497
3520	4.701
3521	4.83
3522	4.763
3523	5.021
3524	4.937
3525	5.015
3526	4.776
3527	4.737
3528	4.465
3529	4.352
3530	4.462
3531	4.486
3532	4.399
3533	4.639
3534	4.691
3535	4.486
3536	4.543
3537	4.183
3538	4.136
3539	3.973
3540	4.013
3541	4.005
3542	4.01
3543	3.97
3544	3.877
3545	3.939
3546	3.987
3547	4.21
3548	3.857
3549	3.644
3550	4.024
3551	4.235
3552	4.353
3553	4.277
3554	4.336
3555	4.265
3556	4.165
3557	4.158
3558	3.95
3559	3.898
3560	3.933
3561	3.885
3562	3.947
3563	3.982
3564	4.304
3565	4.286
3566	4.261
3567	4.066
3568	3.866
3569	4.186
3570	4.436
3571	4.393
3572	4.324
3573	4.319
3574	4.292
3575	4.081
3576	3.432
3577	3.664
3578	3.796
3579	3.645
3580	3.707
3581	3.99
3582	4.124
3583	4.154
3584	4.123
3585	4.21
3586	3.976
3587	3.944
3588	3.857
3589	4.151
3590	4.169
3591	4.122
3592	4.334
3593	4.492
3594	4.302
3595	4.046
3596	4.22
3597	3.966
3598	3.931
3599	4.005
3600	4.064
3601	4.299
3602	4.263
3603	4.395
3604	4.412
3605	4.437
3606	4.526
3607	4.644
3608	4.102
3609	4.15
3610	4.579
3611	4.708
3612	4.9
3613	3.979
3614	3.869
3615	3.875
3616	3.77
3617	3.981
3618	3.851
3619	3.842
3620	3.637
3621	3.757
3622	4.14
3623	4.399
3624	4.693
3625	4.779
3626	4.851
3627	5.087
3628	5.524
3629	4.79
3630	4.641
3631	4.422
3632	4.424
3633	4.885
3634	4.858
3635	4.668
3636	4.577
3637	4.89
3638	4.608
3639	4.243
3640	4.06
3641	4.082
3642	4.011
3643	3.494
3644	3.756
3645	3.603
3646	3.905
3647	3.815
3648	3.917
3649	3.965
3650	4.277
3651	4.44
3652	4.449
3653	4.222
3654	4.326
3655	4.346
3656	4.353
3657	3.794
3658	4.119
3659	4.331
3660	4.351
3661	4.458
3662	4.342
3663	4.119
3664	4.513
3665	4.569
3666	4.41
3667	4.633
3668	4.734
3669	4.952
3670	4.626
3671	4.611
3672	4.912
3673	4.346
3674	4.611
3675	4.451
3676	4.539
3677	4.541
3678	4.398
3679	4.255
3680	4.181
3681	4.17
3682	4.388
3683	4.111
3684	4.099
3685	3.734
3686	4.334
3687	4.623
3688	4.465
3689	4.448
3690	4.4
3691	4.406
3692	4.551
3693	4.374
3694	4.682
3695	4.846
3696	4.905
3697	4.584
3698	4.63
3699	4.479
3700	4.657
3701	4.941
3702	4.583
3703	4.228
3704	4.139
3705	3.863
3706	4.04
3707	4.294
3708	4.353
3709	4.306
3710	4.299
3711	4.256
3712	4.043
3713	4.445
3714	4.206
3715	4.532
3716	4.218
3717	4.55
3718	3.947
3719	3.813
3720	4.315
3721	4.158
3722	4.199
3723	4.03
3724	4.548
3725	4.837
3726	4.44
3727	4.331
3728	4.491
3729	4.596
3730	4.507
3731	4.765
3732	5.276
3733	5.097
3734	5.473
3735	4.91
3736	4.906
3737	4.754
3738	4.399
3739	4.685
3740	4.664
3741	4.263
3742	4.306
3743	4.37
3744	4.387
3745	4.232
3746	4.241
3747	4.813
3748	4.76
3749	4.937
3750	4.408
3751	4.188
3752	4.289
3753	4.4
3754	4.571
3755	4.217
3756	4.449
3757	4.365
3758	4.271
3759	3.988
3760	3.576
3761	3.591
3762	3.63
3763	3.669
3764	3.614
3765	3.684
3766	3.739
3767	3.179
3768	3.312
3769	3.402
3770	3.415
3771	3.559
3772	3.589
3773	3.636
3774	3.677
3775	3.677
3776	3.608
3777	3.919
3778	3.734
3779	3.739
3780	4.003
3781	4.066
3782	4.058
3783	4.141
3784	4.111
3785	4.195
3786	3.54
3787	3.365
3788	3.167
3789	3.358
3790	3.343
3791	3.484
3792	3.447
3793	3.041
3794	3.23
3795	2.969
3796	3.474
3797	3.445
3798	4.34
3799	4.319
3800	4.022
3801	3.972
3802	4.373
3803	4.515
3804	4.492
3805	4.501
3806	4.457
3807	4.274
3808	4.18
3809	3.815
3810	3.909
3811	3.823
3812	4.112
3813	4.314
3814	4.161
3815	4.386
3816	4.31
3817	4.293
3818	4.036
3819	4.089
3820	4.436
3821	4.2
3822	4.046
3823	4.138
3824	4.231
3825	4.307
3826	4.424
3827	3.64
3828	3.646
3829	3.595
3830	3.861
3831	3.955
3832	4.619
3833	4.704
3834	4.624
3835	4.388
3836	4.477
3837	4.445
3838	4.663
3839	4.645
3840	4.703
3841	4.113
3842	4.143
3843	4.041
3844	4.15
3845	4.278
3846	4.407
3847	4.48
3848	4.446
3849	4.217
3850	4.072
3851	4.019
3852	4.463
3853	4.488
3854	4.508
3855	4.439
3856	4.185
3857	4.335
3858	4.211
3859	4.325
3860	4.321
3861	4.473
3862	4.663
3863	4.379
3864	4.856
3865	5.243
3866	4.742
3867	4.857
3868	4.732
3869	4.297
3870	4.314
3871	4.475
3872	4.395
3873	4.223
3874	4.563
3875	4.803
3876	4.82
3877	4.836
3878	4.722
3879	4.406
3880	3.535
3881	3.704
3882	3.804
3883	3.799
3884	4.028
3885	3.535
3886	3.781
3887	3.68
3888	4.322
3889	4.301
3890	4.165
3891	4.285
3892	4.161
3893	4.165
3894	4.495
3895	4.653
3896	4.741
3897	4.7
3898	4.581
3899	5.064
3900	4.856
3901	4.923
3902	4.325
3903	4.365
3904	3.934
3905	4.03
3906	4.087
3907	4.311
3908	4.518
3909	4.444
3910	4.232
3911	4.327
3912	4.339
3913	4.566
3914	4.41
3915	4.271
3916	4.512
3917	4.471
3918	4.42
3919	4.401
3920	4.937
3921	4.914
3922	4.952
3923	4.963
3924	4.757
3925	4.579
3926	4.557
3927	4.054
3928	4.068
3929	4.044
3930	3.823
3931	3.694
3932	3.539
3933	3.75
3934	3.435
3935	3.693
3936	3.915
3937	3.362
3938	3.392
3939	3.489
3940	3.505
3941	3.845
3942	4.057
3943	3.95
3944	4.365
3945	4.446
3946	4.608
3947	4.614
3948	4.223
3949	4.087
3950	4.215
3951	4.225
3952	4.417
3953	4.457
3954	4.355
3955	4.229
3956	4.546
3957	4.258
3958	4.482
3959	4.627
3960	4.511
3961	4.574
3962	4.295
3963	4.06
3964	4.323
3965	4.327
3966	4.204
3967	4.362
3968	4.178
3969	4.195
3970	4.115
3971	3.985
3972	3.745
3973	3.851
3974	3.766
3975	3.737
3976	3.812
3977	3.823
3978	3.791
3979	3.836
3980	3.985
3981	4.099
3982	4.076
3983	4.415
3984	4.426
3985	4.441
3986	4.314
3987	4.418
3988	4.206
3989	4.243
3990	4.239
3991	3.662
3992	3.612
3993	3.66
3994	3.715
3995	3.997
3996	4.051
3997	4.442
3998	4.178
3999	4.204
4000	4.607
4001	4.438
4002	4.528
4003	4.523
4004	4.683
4005	4.24
4006	3.968
4007	4.073
4008	4.396
4009	4.616
4010	4.561
4011	4.575
4012	4.752
4013	4.529
4014	4.761
4015	4.571
4016	5.517
4017	5.614
4018	5.561
4019	4.888
4020	4.862
4021	5.302
4022	4.835
4023	5.071
4024	4.576
4025	4.891
4026	4.372
4027	4.448
4028	4.675
4029	5.04
4030	5.043
4031	5.025
4032	5.184
4033	4.88
4034	4.182
4035	4.259
4036	3.948
4037	3.973
4038	3.901
4039	3.85
4040	4.409
4041	4.256
4042	4.234
4043	4.182
4044	4.816
4045	4.383
4046	4.413
4047	4.502
4048	4.026
4049	4.291
4050	4.189
4051	3.958
4052	4.04
4053	3.635
4054	3.852
4055	3.813
4056	3.543
4057	3.435
4058	3.535
4059	3.753
4060	3.799
4061	3.81
4062	3.829
4063	3.634
4064	3.895
4065	4.133
4066	4.205
4067	4.751
4068	4.722
4069	5.296
4070	4.961
4071	5.068
4072	5.1
4073	4.811
4074	4.552
4075	4.28
4076	4.18
4077	4.188
4078	3.801
4079	3.745
4080	4.014
4081	4.168
4082	4.224
4083	3.649
4084	4.214
4085	4.345
4086	4.088
4087	3.997
4088	3.821
4089	3.822
4090	3.693
4091	3.649
4092	3.911
4093	3.798
4094	3.753
4095	3.814
4096	3.786
4097	3.698
4098	3.72
4099	3.951
4100	4.492
4101	4.183
4102	4.21
4103	4.16
4104	4.32
4105	4.369
4106	4.155
4107	4.057
4108	4.322
4109	4.199
4110	3.527
4111	3.51
4112	3.64
4113	3.262
4114	3.195
4115	3.297
4116	3.952
4117	4.105
4118	4.276
4119	4.31
4120	4.332
4121	4.542
4122	4.514
4123	4.036
4124	3.832
4125	4.491
4126	4.435
4127	4.277
4128	4.783
4129	5.139
4130	4.986
4131	4.688
4132	4.424
4133	4.282
4134	4.404
4135	4.353
4136	4.463
4137	4.573
4138	4.024
4139	4.136
4140	4.183
4141	4.273
4142	4.243
4143	4.191
4144	4.119
4145	4.494
4146	4.303
4147	4.369
4148	4.615
4149	3.647
4150	3.437
4151	3.304
4152	3.463
4153	3.647
4154	3.888
4155	3.747
4156	3.81
4157	4.158
4158	3.888
4159	3.828
4160	4.066
4161	4.203
4162	4.009
4163	4.048
4164	4.101
4165	4.219
4166	4.068
4167	4.152
4168	4.216
4169	4.132
4170	4.09
4171	4.123
4172	4.091
4173	3.978
4174	3.793
4175	3.853
4176	3.852
4177	3.966
4178	4.05
4179	4.509
4180	4.131
4181	4.363
4182	4.185
4183	4.215
4184	4.402
4185	4.43
4186	5.332
4187	4.785
4188	4.725
4189	5.033
4190	5.225
4191	4.838
4192	4.785
4193	5.696
4194	4.893
4195	4.777
4196	4.178
4197	4.173
4198	4.321
4199	4.649
4200	5.081
4201	5.057
4202	4.791
4203	4.479
4204	3.76
4205	3.881
4206	4.04
4207	4.039
4208	4.076
4209	4.028
4210	3.528
4211	3.534
4212	3.877
4213	4.012
4214	4.048
4215	4.145
4216	4.348
4217	4.7
4218	4.768
4219	5.093
4220	4.765
4221	4.608
4222	3.992
4223	3.98
4224	4.319
4225	3.954
4226	4.151
4227	4.554
4228	4.373
4229	4.294
4230	4.344
4231	4.386
4232	4.262
4233	4.451
4234	4.474
4235	4.453
4236	4.361
4237	4.698
4238	4.509
4239	4.449
4240	4.137
4241	4.199
4242	4.413
4243	4.068
4244	4.006
4245	3.983
4246	4.023
4247	3.927
4248	4.003
4249	4.58
4250	4.997
4251	4.531
4252	4.864
4253	4.648
4254	4.575
4255	4.571
4256	4.503
4257	4.531
4258	4.33
4259	4.492
4260	4.055
4261	4.15
4262	4.144
4263	4.213
4264	4.337
4265	4.074
4266	3.668
4267	3.622
4268	3.628
4269	3.792
4270	3.592
4271	3.627
4272	3.843
4273	3.856
4274	3.671
4275	3.671
4276	3.502
4277	3.659
4278	4.003
4279	3.953
4280	4.168
4281	4.219
4282	4.074
4283	4.292
4284	4.354
4285	4.683
4286	4.747
4287	4.738
4288	4.579
4289	4.624
4290	4.219
4291	4.15
4292	3.996
4293	4.4
4294	4.638
4295	5.138
4296	4.491
4297	4.226
4298	4.133
4299	4.121
4300	4.922
4301	5.108
4302	4.748
4303	4.834
4304	4.927
4305	4.173
4306	4.377
4307	4.114
4308	4.278
4309	4.42
4310	4.35
4311	4.165
4312	4.08
4313	3.722
4314	4.16
4315	4.153
4316	4.39
4317	4.276
4318	4.622
4319	4.584
4320	4.102
4321	3.645
4322	3.755
4323	3.932
4324	3.927
4325	3.9
4326	3.707
4327	3.726
4328	4.234
4329	4.402
4330	4.445
4331	4.043
4332	4.355
4333	4.598
4334	4.524
4335	4.465
4336	4.425
4337	4.304
4338	4.035
4339	3.884
4340	3.794
4341	4.101
4342	3.892
4343	4.156
4344	4.03
4345	4.196
4346	4.194
4347	3.755
4348	3.769
4349	3.74
4350	4.366
4351	3.984
4352	3.994
4353	3.81
4354	4.013
4355	3.773
4356	4.077
4357	3.735
4358	3.621
4359	3.604
4360	3.587
4361	3.685
4362	3.73
4363	3.602
4364	3.69
4365	3.693
4366	3.798
4367	4.26
4368	4.178
4369	4.127
4370	3.987
4371	3.945
4372	4.52
4373	4.578
4374	4.678
4375	4.191
4376	4.207
4377	4.387
4378	4.651
4379	4.638
4380	4.506
4381	4.508
4382	4.97
4383	4.969
4384	5.085
4385	4.932
4386	4.993
4387	5.03
4388	5.101
4389	4.897
4390	4.738
4391	4.624
4392	4.298
4393	4.661
4394	4.404
4395	4.521
4396	4.421
4397	3.944
4398	3.86
4399	4.158
4400	4.043
4401	4.16
4402	4.119
4403	3.96
4404	4.144
4405	4.47
4406	3.955
4407	4.022
4408	3.968
4409	4.136
4410	4.144
4411	4.01
4412	4.017
4413	3.733
4414	4.141
4415	4.344
4416	4.253
4417	4.172
4418	4.081
4419	4.613
4420	4.347
4421	4.281
4422	4.58
4423	4.272
4424	4.317
4425	4.566
4426	4.71
4427	4.545
4428	4.37
4429	4.274
4430	4.216
4431	3.85
4432	4.034
4433	3.889
4434	4.134
4435	4.512
4436	4.604
4437	4.702
4438	4.528
4439	4.52
4440	4.378
4441	4.139
4442	4.394
4443	4.536
4444	4.387
4445	4.536
4446	4.55
4447	4.523
4448	4.355
4449	4.084
4450	4.341
4451	4.724
4452	4.612
4453	4.472
4454	4.522
4455	4.336
4456	4.201
4457	3.748
4458	3.904
4459	3.907
4460	3.889
4461	3.935
4462	3.825
4463	4.083
4464	4.301
4465	4.3
4466	4.291
4467	3.877
4468	4.002
4469	4.599
4470	4.507
4471	4.459
4472	4.689
4473	4.229
4474	4.21
4475	4.171
4476	4.114
4477	4.223
4478	4.439
4479	4.634
4480	4.826
4481	5.463
4482	5.056
4483	5.033
4484	4.708
4485	4.399
4486	4.417
4487	4.776
4488	4.922
4489	5.187
4490	5.278
4491	5.158
4492	4.567
4493	4.478
4494	4.511
4495	4.602
4496	4.575
4497	4.473
4498	4.576
4499	4.391
4500	4.305
4501	4.504
4502	4.69
4503	4.571
4504	4.992
4505	4.569
4506	4.095
4507	4.055
4508	3.9
4509	3.637
4510	3.695
4511	3.681
4512	3.58
4513	3.739
4514	4.077
4515	4.138
4516	4.163
4517	3.955
4518	3.963
4519	4.129
4520	3.888
4521	4.194
4522	4.285
4523	4.556
4524	4.931
4525	4.855
4526	4.992
4527	5.096
4528	5.056
4529	5.145
4530	5.108
4531	4.864
4532	4.746
4533	4.619
4534	5.002
4535	5.272
4536	5.265
4537	5.576
4538	4.976
4539	4.63
4540	4.777
4541	4.684
4542	4.816
4543	4.976
4544	5.023
4545	4.86
4546	4.485
4547	4.499
4548	4.451
4549	4.715
4550	4.689
4551	4.276
4552	3.999
4553	4.053
4554	4.554
4555	4.655
4556	4.633
4557	4.191
4558	4.145
4559	3.947
4560	4.06
4561	3.909
4562	3.654
4563	3.74
4564	3.972
4565	4.1
4566	4.118
4567	5.015
4568	4.892
4569	4.835
4570	5.305
4571	5.126
4572	5.179
4573	4.858
4574	4.783
4575	4.716
4576	4.552
4577	4.556
4578	4.388
4579	4.636
4580	4.566
4581	4.507
4582	4.931
4583	4.258
4584	4.09
4585	3.809
4586	3.819
4587	3.845
4588	3.525
4589	3.92
4590	4.0
4591	3.882
4592	4.205
4593	4.265
4594	4.362
4595	4.336
4596	4.336
4597	4.392
4598	4.051
4599	3.849
4600	3.919
4601	3.783
4602	4.012
4603	4.034
4604	4.125
4605	4.072
4606	3.872
4607	4.072
4608	4.108
4609	4.033
4610	3.414
4611	3.386
4612	3.418
4613	3.345
4614	3.186
4615	3.216
4616	3.197
4617	3.166
4618	3.404
4619	3.886
4620	4.008
4621	3.894
4622	3.542
4623	3.405
4624	3.393
4625	3.456
4626	3.618
4627	3.605
4628	3.597
4629	3.607
4630	4.107
4631	3.941
4632	4.087
4633	3.97
4634	4.384
4635	4.258
4636	4.476
4637	4.126
4638	3.841
4639	3.648
4640	3.875
4641	4.018
4642	4.031
4643	4.223
4644	4.256
4645	4.293
4646	3.851
4647	3.943
4648	3.78
4649	4.086
4650	4.225
4651	4.281
4652	3.991
4653	4.209
4654	4.211
4655	4.379
4656	4.522
4657	4.55
4658	3.802
4659	3.673
4660	3.622
4661	3.506
4662	3.809
4663	3.963
4664	3.812
4665	3.788
4666	3.902
4667	4.053
4668	3.919
4669	3.941
4670	4.455
4671	4.198
4672	4.649
4673	4.488
4674	4.154
4675	4.919
4676	4.404
4677	4.341
4678	4.442
4679	4.68
4680	4.332
4681	4.22
4682	4.133
4683	4.239
4684	4.444
4685	4.475
4686	4.229
4687	4.314
4688	4.497
4689	4.332
4690	3.957
4691	4.017
4692	4.237
4693	4.341
4694	4.316
4695	4.556
4696	4.691
4697	4.451
4698	4.596
4699	4.135
4700	4.086
4701	4.235
4702	4.093
4703	3.672
4704	4.186
4705	4.247
4706	4.398
4707	4.281
4708	4.423
4709	4.266
4710	4.268
4711	4.229
4712	4.165
4713	4.131
4714	3.991
4715	4.12
4716	3.939
4717	3.844
4718	3.877
4719	3.832
4720	3.767
4721	4.176
4722	4.182
4723	4.252
4724	4.313
4725	4.354
4726	4.419
4727	4.344
4728	4.746
4729	4.653
4730	4.825
4731	5.338
4732	5.679
4733	5.376
4734	5.264
4735	4.588
4736	4.881
4737	5.237
4738	5.147
4739	4.954
4740	5.193
4741	5.149
4742	4.834
4743	4.583
4744	5.028
4745	5.327
4746	5.332
4747	5.12
4748	4.589
4749	4.134
4750	4.361
4751	4.249
4752	4.245
4753	4.025
4754	3.942
4755	3.879
4756	4.156
4757	4.186
4758	3.866
4759	3.641
4760	3.37
4761	3.52
4762	3.782
4763	3.968
4764	4.041
4765	3.974
4766	3.936
4767	3.885
4768	4.301
4769	4.73
4770	4.849
4771	4.888
4772	4.844
4773	4.838
4774	4.444
4775	4.458
4776	4.284
4777	4.204
4778	4.261
4779	4.511
4780	4.666
4781	4.215
4782	4.625
4783	4.665
4784	4.419
4785	4.233
4786	4.095
4787	3.955
4788	3.982
4789	4.039
4790	4.398
4791	4.331
4792	4.545
4793	4.256
4794	4.422
4795	4.38
4796	4.547
4797	4.292
4798	4.296
4799	5.101
4800	4.736
4801	4.65
4802	4.806
4803	4.65
4804	4.724
4805	4.26
4806	4.421
4807	4.446
4808	4.147
4809	4.079
4810	3.914
4811	3.955
4812	4.043
4813	4.459
4814	4.26
4815	4.17
4816	4.058
4817	4.07
4818	3.932
4819	3.92
4820	3.958
4821	4.039
4822	4.035
4823	3.967
4824	3.953
4825	4.177
4826	3.956
4827	3.826
4828	3.931
4829	3.993
4830	4.164
4831	3.698
4832	3.437
4833	3.888
4834	3.925
4835	3.936
4836	3.876
4837	3.603
4838	3.721
4839	4.411
4840	4.257
4841	4.299
4842	4.334
4843	4.205
4844	4.238
4845	3.978
4846	4.103
4847	3.959
4848	3.97
4849	4.13
4850	3.851
4851	4.203
4852	4.444
4853	4.755
4854	4.765
4855	4.58
4856	4.949
4857	4.676
4858	4.705
4859	4.815
4860	4.44
4861	4.496
4862	4.783
4863	4.723
4864	5.431
4865	5.74
4866	5.3
4867	4.325
4868	4.091
4869	3.903
4870	4.043
4871	4.179
4872	4.027
4873	4.02
4874	4.228
4875	3.693
4876	4.007
4877	3.984
4878	4.325
4879	4.329
4880	5.031
4881	5.014
4882	4.787
4883	4.307
4884	4.417
4885	4.447
4886	4.355
4887	4.467
4888	4.204
4889	4.206
4890	4.421
4891	4.078
4892	3.867
4893	3.849
4894	3.781
4895	4.212
4896	4.389
4897	4.598
4898	4.755
4899	4.821
4900	4.932
4901	5.26
4902	5.099
4903	5.121
4904	4.888
4905	4.451
4906	3.967
4907	4.313
4908	4.224
4909	3.909
4910	4.079
4911	3.892
4912	3.98
4913	3.974
4914	3.627
4915	3.863
4916	4.327
4917	4.759
4918	4.781
4919	4.733
4920	5.029
4921	5.204
4922	4.701
4923	4.578
4924	4.125
4925	4.132
4926	4.143
4927	4.162
4928	4.566
4929	4.642
4930	4.738
4931	4.556
4932	4.495
4933	4.041
4934	3.783
4935	3.635
4936	3.972
4937	3.959
4938	4.159
4939	4.547
4940	4.843
4941	4.441
4942	4.269
4943	4.222
4944	4.135
4945	4.971
4946	4.773
4947	4.718
4948	5.258
4949	4.476
4950	4.579
4951	4.687
4952	4.959
4953	4.664
4954	4.829
4955	4.825
4956	5.09
4957	4.961
4958	4.907
4959	5.439
4960	5.291
4961	5.389
4962	5.367
4963	5.219
4964	4.671
4965	5.283
4966	4.748
4967	4.628
4968	4.381
4969	4.494
4970	4.529
4971	4.484
4972	4.661
4973	4.446
4974	3.976
4975	4.315
4976	4.274
4977	4.294
4978	4.319
4979	4.578
4980	4.338
4981	4.197
4982	3.968
4983	3.971
4984	3.87
4985	3.75
4986	3.731
4987	3.757
4988	4.127
4989	4.654
4990	4.743
4991	4.285
4992	4.282
4993	4.353
4994	4.101
4995	4.21
4996	4.291
4997	4.412
4998	4.483
4999	4.104
5000	4.475
