101	4.19
102	4.716
103	4.536
104	4.531
105	5.068
106	4.895
107	4.721
108	4.533
109	4.819
110	5.153
111	5.158
112	5.537
113	4.99
114	4.951
115	4.847
116	4.75
117	4.192
118	4.225
119	4.379
120	4.346
121	4.644
122	4.585
123	4.474
124	4.482
125	4.395
126	4.581
127	4.701
128	4.568
129	4.301
130	4.223
131	4.31
132	4.174
133	4.006
134	4.289
135	4.354
136	4.108
137	4.193
138	4.163
139	4.532
140	4.463
141	4.251
142	4.701
143	4.317
144	4.182
145	4.151
146	4.067
147	3.98
148	3.904
149	3.8
150	3.678
151	3.697
152	3.552
153	3.795
154	4.081
155	3.983
156	4.076
157	4.512
158	4.572
159	3.905
160	4.061
161	4.123
162	4.315
163	4.262
164	3.885
165	4.027
166	3.912
167	4.521
168	4.446
169	4.441
170	4.449
171	4.182
172	4.192
173	4.197
174	4.369
175	3.921
176	3.818
177	3.798
178	3.615
179	3.842
180	3.941
181	4.236
182	4.317
183	4.328
184	4.444
185	4.401
186	4.532
187	4.198
188	4.201
189	4.116
190	4.262
191	3.844
192	3.839
193	3.94
194	3.894
195	4.139
196	4.349
197	3.801
198	4.034
199	4.038
200	4.142
0.91
