y[1]	1	1
y[2]	2	2
y[3]	3	3
y[4]	4	4
y[5]	5	5
y[6]	6	6
y[7]	7	7
y[8]	8	8
y[9]	9	9
y[10]	10	10
y[11]	11	11
y[12]	12	12
y[13]	13	13
y[14]	14	14
y[15]	15	15
y[16]	16	16
y[17]	17	17
y[18]	18	18
y[19]	19	19
y[20]	20	20
y[21]	21	21
y[22]	22	22
y[23]	23	23
y[24]	24	24
y[25]	25	25
y[26]	26	26
y[27]	27	27
y[28]	28	28
y[29]	29	29
y[30]	30	30
y[31]	31	31
y[32]	32	32
y[33]	33	33
y[34]	34	34
y[35]	35	35
y[36]	36	36
y[37]	37	37
y[38]	38	38
y[39]	39	39
y[40]	40	40
y[41]	41	41
y[42]	42	42
y[43]	43	43
y[44]	44	44
y[45]	45	45
y[46]	46	46
y[47]	47	47
y[48]	48	48
y[49]	49	49
y[50]	50	50
y[51]	51	51
y[52]	52	52
y[53]	53	53
y[54]	54	54
y[55]	55	55
y[56]	56	56
y[57]	57	57
y[58]	58	58
y[59]	59	59
y[60]	60	60
y[61]	61	61
y[62]	62	62
y[63]	63	63
y[64]	64	64
y[65]	65	65
y[66]	66	66
y[67]	67	67
y[68]	68	68
y[69]	69	69
y[70]	70	70
y[71]	71	71
y[72]	72	72
y[73]	73	73
y[74]	74	74
y[75]	75	75
y[76]	76	76
y[77]	77	77
y[78]	78	78
y[79]	79	79
y[80]	80	80
y[81]	81	81
y[82]	82	82
y[83]	83	83
y[84]	84	84
y[85]	85	85
y[86]	86	86
y[87]	87	87
y[88]	88	88
y[89]	89	89
y[90]	90	90
y[91]	91	91
y[92]	92	92
y[93]	93	93
y[94]	94	94
y[95]	95	95
y[96]	96	96
y[97]	97	97
y[98]	98	98
y[99]	99	99
y[100]	100	100
